1 0.7455037384546289 0.30108658876101735 0.13013585080120366 0.08663861485312836
1 0.44137862379898013 0.6831326537736252 0.3070687891612961 0.1584811481929272
1 0.7140883516496753 0.24778611664080447 0.16056564458064795 0.07981453000581898
0 0.36342184472245276 0.49357568832137205 0.1980847684261109 0.11855803667377884
1 0.7724756330352769 0.36655222103295115 0.16492095391148123 0.09413212152108805
0 0.3218618954291198 0.2703613289282556 0.1546669590952776 0.10105180121764637
0 0.673935428511665 0.8230887477047902 0.1328889953818516 0.1535710233378591
1 0.39791300485448955 0.5820324104415849 0.28736188190398126 0.14601309910131272
1 0.3407861356271751 0.40572487301890015 0.2268932736099072 0.12866636031120038
0 0.7961720134786557 0.7902926099728447 0.16349373788898108 0.21967425546001174
0 0.8107253631485637 0.5609241033048848 0.1154677580585183 0.09630065727678297
1 0.3219603487749533 0.19953864589771741 0.147049948727685 0.08491661818710816
0 0.3264509420832863 0.3408013746858901 0.16220605702175916 0.09856453000581897
0 0.8554999123946283 0.6320179822428388 0.16785046427907382 0.10988466727872251
0 0.6329074106976847 0.1922533358860794 0.1040422425071295 0.07209788273097573
0 0.6175271270030089 0.14236490618952116 0.13671804147037037 0.07321384364130097
0 0.29509646946287016 0.08134662635288004 0.12367123732333321 0.0659434775802247
1 0.2916584026391663 0.13198435514105272 0.1445305414703702 0.07385157242947366