1 0.8314674293527655 0.281793497226883 0.2945248042267149 0.3206831126408035
1 0.22262620500268998 0.8260276324155178 0.34451409654926024 0.25731973516896434
1 0.5950878969175774 0.17333432115143746 0.42455079383515476 0.3466686423028749
0 0.8166393768907616 0.496369449456456 0.14108345792955604 0.14980289406758587
1 0.47392090723226293 0.8382880597514711 0.310761809422495 0.2860567403647444
0 0.7803355261541274 0.5946866171571537 0.13773993664223277 0.14645937278026225
0 0.6070833324745293 0.7441888624655767 0.10241444183801285 0.10822739926336578
0 0.6597766437386096 0.7679816415465703 0.11564641535490913 0.14180472376899794
0 0.33294317599857093 0.13102077103522192 0.3846363519971419 0.26204154207044383
0 0.2172746173323806 0.08691013811550101 0.2220492346647612 0.17382027623100202
0 0.5465393163829859 0.7091690062810608 0.13141352698730663 0.12269409084927715
0 0.3294828563597427 0.7486842463937038 0.21867286238870207 0.21431314431968734