1 0.2061164082030913 0.31898181686999977 0.25843266823232486 0.204183579406528
1 0.9012274269718787 0.6679322763137144 0.13820971544619737 0.3636650693385418
1 0.15513700810426928 0.5874967339480902 0.31027401620853856 0.30938153210381963
0 0.4059413739316371 0.25035518417683994 0.1197958314853265 0.10109233415618064
1 0.8472657819935542 0.41562620032565895 0.2677922576807461 0.2309279173624308
0 0.5076858844549809 0.24486629075010374 0.11805132096198286 0.09793096656500014
0 0.6971285450771466 0.3411015918525341 0.08543624203690499 0.07376611474138901
0 0.7019217318664972 0.28559647426135354 0.12119173151356133 0.0714775693385418
0 0.15972340297671306 0.8526853228539235 0.3194468059534261 0.2706463404244449
0 0.14957943991429673 0.9589171390583331 0.29915887982859346 0.08114742933027799
0 0.6831045714560929 0.4077442311952078 0.09019933674699843 0.10196384992375011
0 0.7859657189946663 0.5840138308346173 0.16093604195220035 0.16446515634451409
0 0.9054844745386866 0.8761441666063187 0.09365753669052879 0.16133884992375017