0 0.2680889117451215 0.0015744284663449237 0.14242782349024302 0.0031488569326898475
1 0.5404580641863327 0.6338217019022381 0.2758705270178229 0.3800070784748197
0 0.35635347777703363 0.6621846816917321 0.31877899748855193 0.45864893565270465
0 0.816975180714758 0.7323774380199087 0.2884005177899258 0.4044851090970726
1 0.6856801945566039 0.7112683514203224 0.3009904901062342 0.47514445263782346
1 0.19748951284304286 0.5894238281070269 0.2877093394345893 0.4336523437859462
0 0.8895053605302923 0.29272585452311195 0.22098927893941545 0.23295695263782354
0 0.9136111981573087 0.4743218460305526 0.17277760368538253 0.20692323828205345
0 0.6327822112428318 0.053939905315758895 0.14726527735075728 0.10787981063151779
0 0.7441101872502992 0.08202751410633749 0.15676043909587883 0.16405502821267498
0 0.11772703591278577 0.538807479544299 0.1332323708094397 0.3380100409114022