1 0.741814894956548 0.44063960023829074 0.16785108767505647 0.151246674511885
1 0.2215292627178377 0.5010614882288772 0.4430585254356754 0.40133204382819443
1 0.842155073411542 0.8044038656595662 0.1358391083532208 0.16786143019392802
0 0.7109415765119139 0.5159435633066598 0.10607452564056316 0.09864778003177221
1 0.28786160318593434 0.31621492978689075 0.28402405128112634 0.1985501428552599
0 0.7616371275881525 0.7201185945562478 0.1513527923897861 0.13222393912238156
0 0.1772162786407458 0.716649532060367 0.3544325572814916 0.28157292288703195
1 0.7048842832935582 0.34382310145610673 0.12093754631872766 0.11608074188232517
0 0.3794220186112498 0.18020133765968432 0.11352315260503384 0.09097164772652384
0 0.36444768196965066 0.2331081493480816 0.12845894789030413 0.1099671095770769
0 0.5822344954518861 0.240819058031654 0.10898120181924557 0.0940148271096728
0 0.5052567725401913 0.19803549431466186 0.1060017510334573 0.09708528003177208