1 0.2697211321065794 0.5415544182657023 0.12733112520535866 0.1580511435710857
1 0.6847803114115015 0.3748236624661322 0.10309124884979645 0.11756785352912935
1 0.8238512279412623 0.4864267811421086 0.14229734004269118 0.15454763527271584
1 0.8955193427128411 0.3528931533425698 0.09752536863290687 0.11096265601864026
1 0.7565455138843903 0.3810512742936313 0.09108110819912678 0.09810745850815125
1 0.7134035872905924 0.4970072384008599 0.11732267466313395 0.14183414772027056
1 0.8289314995892827 0.36600753736588587 0.10709462906668668 0.12405465186945541
1 0.492031113950144 0.5047093041631181 0.111756794446244 0.13522895020978148
1 0.6084627410861666 0.378515502298307 0.10597131917513139 0.1270612526992924
1 0.14244071865768587 0.5595446338228234 0.12911322025958122 0.15973204274124875
1 0.16879633342926473 0.422577430088557 0.09352198841601664 0.1044758576783142
1 0.6616383252958917 0.6967937508484144 0.11652029830757157 0.10312684523075966
0 0.6048773821065794 0.5669510402656709 0.1443750340124641 0.12533373195336797
0 0.3812709562932421 0.5736942572726844 0.15287165379557405 0.11979412697434597
0 0.5191045146238762 0.7783728697248835 0.17313348455468897 0.14297151784613948
0 0.5211612097848268 0.40979954586474826 0.11229732303645931 0.0950775468904336
0 0.466621509242602 0.421458173664287 0.08417232303645932 0.09294636182749905
0 0.23276170321237477 0.4337409956503224 0.0797297527111243 0.08333456348717302