1 0.35421058535417355 0.40310101205440657 0.15633118493937684 0.13601132001909005
1 0.2799816980536004 0.328699901376498 0.1416396242501614 0.11711586935072642
1 0.22313308532226764 0.2662357167011348 0.15771105488194212 0.13446700135263542
1 0.4360794871091179 0.49245496073358785 0.11215504333120752 0.09180678668045399
1 0.17147927750478295 0.20617891669318059 0.1756290751116806 0.14091699602163538
1 0.5568688368538508 0.637023668085587 0.1233563439055537 0.10754087468172653
1 0.4622158455009487 0.5365685874044968 0.1048092629865998 0.08235906134627217
1 0.34706775293554254 0.1964873853834977 0.0820211126994268 0.07429202267663593
1 0.49602265909380067 0.5752952800763602 0.09139611269942698 0.07440111067790874
1 0.3999289235162659 0.45370099606140624 0.13171673407785764 0.11231928134945375
1 0.12011970379706174 0.1703772293523173 0.14559660402042293 0.11092041335136278
1 0.5195717631461296 0.6013856127466326 0.0969967629865998 0.08226815467854501
1 0.28469966043394823 0.12770047537395268 0.07834822252712303 0.06956816000954502
1 0.5067876735481718 0.5902844807447237 0.0956168930440345 0.08381247334499946
1 0.4849735550414718 0.5493503980744512 0.10903004333120751 0.09177042401336308
1 0.30521507951499444 0.15297319537713436 0.0820211126994268 0.07429202267663593
0 0.2811789307274985 0.392081148710998 0.08496348264199227 0.07276588534372674
1 0.37692770963624084 0.4229231633911337 0.167796286088069 0.1673522266868172
0 0.5611809250159431 0.6871418467536323 0.08386770229738456 0.06339088534372675
1 0.36914560711549516 0.7639208807288153 0.16972404620293827 0.17049540802036275
1 0.17942362731332767 0.6201146947008166 0.12773946528398444 0.14504087468172672
1 0.24035097559028928 0.667762401376498 0.1318790751116806 0.14040791868236296
1 0.2903915536375124 0.7215419293841341 0.1367492051691152 0.14202496268299925
1 0.4254361851627183 0.817773134070633 0.1323457947670729 0.13105110001590825
1 0.4938107733248106 0.8686367474140418 0.11166803465220383 0.1276897426798179
1 0.46085622852583186 0.8627770987428146 0.11387988436503065 0.11991360534690827
1 0.528591611486903 0.9191094620862232 0.10984173407785747 0.11206474267981754
1 0.5663757010848608 0.9305014954248595 0.09450082367581522 0.10096361067790838