1 0.18591306198076246 0.7131504111484865 0.2699637932609473 0.29853892351293043
1 0.32966932716400665 0.8968032469191327 0.3366716742925848 0.20639350616173466
0 0.25292863165603524 0.4700803226667162 0.1379820420131616 0.15663010433779898
0 0.30339956239635446 0.3703210440765009 0.1496488702161482 0.16597976971735634
0 0.5195771141850156 0.37774931650498156 0.10289751331106078 0.09464529830757167
0 0.5321886420559325 0.9876985537298204 0.2448353040764367 0.02460289254035928
1 0.9173582188023277 0.44077730533171566 0.12619157071526246 0.21202705874135166
0 0.7190443618972402 0.47939211366234985 0.20825251996659108 0.1495439768320333
0 0.4594838972548715 0.3431842643360821 0.10635626663882576 0.11517739336179407
0 0.4289335262065294 0.2549916855076312 0.17042118968362505 0.23983112520535865
0 0.2449468319473535 0.5979730603022725 0.10314722254568484 0.08080239336179425
1 0.6336111264560866 0.2584292450294432 0.31954841888484004 0.36718758503116
1 0.8266095757074152 0.3615374119699215 0.3345281347749946 0.39550684546493997