1 0.612869036741186 0.8071539964934971 0.14649833693238995 0.1259560696514182
1 0.7158192058320807 0.9474276961775271 0.15525803029369403 0.10514460764494586
1 0.30603039274589305 0.31095626865604997 0.11335395020978148 0.09931832654882307
1 0.48365144296031887 0.6011762341690251 0.14325493776222675 0.12422979534115867
1 0.6592955960791741 0.8858455625268705 0.159827131123531 0.13754866689245623
1 0.33728131536127287 0.36395179387082066 0.10842965186945541 0.09594766508343389
1 0.2746610709603502 0.2563982434412793 0.12187684523075956 0.10910276232447184
1 0.5676973240838498 0.7347533740376884 0.13352474025173783 0.11905097241038014
1 0.5308825630861878 0.6596781309350933 0.13544243776222692 0.1238203595655099
1 0.37693673382746773 0.42516925486124 0.11022895020978148 0.09915455223856359
1 0.4099986101771139 0.47125636080870537 0.09846265601864027 0.08764384215265544
1 0.45169012532396097 0.5388057089542545 0.12848204274124858 0.11411781094499088
1 0.23444954544054103 0.20838014529573012 0.1402483369323898 0.12562852103089917
1 0.4369000392167637 0.23066233830746813 0.1025348493799445 0.10030761646291486
1 0.4799764556083662 0.2959498236081471 0.11922544191141178 0.11518898801421233
1 0.532013474904398 0.35625988183960444 0.10397895020978147 0.09882700361804471
1 0.39282888527271587 0.14197829658435407 0.11560353444287888 0.12900582654882314
1 0.5851160867318972 0.43063244007106183 0.09988344606059663 0.10639384215265539
1 0.6301577448251299 0.5115858689493058 0.11453794191141178 0.11494332654882307
1 0.3459413072633957 0.09827920624072103 0.11093934523075966 0.10852955223856361
1 0.6818871108018139 0.5781049836031983 0.09796574855010753 0.10162445499752568
0 0.6157725842563193 0.9843594691310198 0.07625576929603177 0.031281061737960414
0 0.5963238446292817 0.9699080051441534 0.07130816016782511 0.060183989711693184