1 0.4347635931729582 0.31387715834426566 0.11978201028914928 0.08614887357870131
1 0.4382524773799162 0.4502850952042035 0.1121429320595249 0.0872563472703419
1 0.4364213243912495 0.38286237677423457 0.11353201028914942 0.08578485253201382
1 0.4255432702105059 0.1591742477926871 0.12724596268177776 0.09745039462538871
1 0.4520616609908358 0.5076957768024695 0.11231805789652097 0.074847352532014
1 0.42624718169173204 0.236753216222656 0.1140522756002758 0.09047235253201391
1 0.4577982119461922 0.5679052347090947 0.11457424497802293 0.08118835779368574
1 0.42015100669596944 0.07488254777856966 0.13054438445215322 0.09919490514873237
0 0.4335871302459854 0.632187542587485 0.07395094904464368 0.06485072625188941
0 0.38672301016655175 0.0237651817394403 0.11336029258539453 0.0475303634788806
1 0.46216016923819997 0.745400903153181 0.08870713612614552 0.07191977360693613
1 0.5356799234443679 0.008740150239996376 0.07239015311126433 0.01748030047999275
1 0.4656234924458474 0.6722364189381965 0.09217897966689641 0.07522678413027997
1 0.30304956206031497 0.78726842668953 0.07308213612614552 0.07100972099021767
1 0.2896628564422995 0.6351367792921311 0.11301004091140214 0.0950688472703419
1 0.6020870254776781 0.013496268698200148 0.05207594904464372 0.026992537396400295
1 0.2860261114642766 0.7098637635071154 0.08054608851877383 0.08231124203690499
1 0.46702790727505833 0.7994513663214781 0.09044305789652114 0.07357327886860787
0 0.4462011061971044 0.8542221663073605 0.062321466029762365 0.043992194681858623
1 0.24675270022824564 0.4063285108056924 0.09825385382990033 0.08799979991529536
1 0.2568316117094717 0.48336144766563016 0.10085688445215321 0.09746580517696728
1 0.2647410469943837 0.5659541397872399 0.10294135382990036 0.08827281570031094
1 0.3071386061971043 0.8623216345961552 0.09911925861515698 0.1097837946536238
1 0.3122690329894569 0.9349855898719444 0.07551344904464355 0.0649417315135615
0 0.5231000288256629 0.049481458400735395 0.051555683733517196 0.05888915258848363
0 0.522758297484774 0.09452094261571985 0.05277304425938709 0.04188366311182732