1 0.7476816191097919 0.4523409973876008 0.14982077488562523 0.14286414641529493
1 0.25902242866468794 0.5827826788341377 0.4031315321038198 0.37981320790499584
1 0.94897947425816 0.7997999686845354 0.10204105148368008 0.1690849150744061
0 0.7401613662600004 0.530987966765348 0.09258884992375016 0.09443346268177777
1 0.27400772976711835 0.38963795096383114 0.2736583183886112 0.17375196627495768
0 0.8475959258148963 0.7275900536101294 0.135358231382639 0.12411585048191558
0 0.26731162661232705 0.8050045223748887 0.37049825721819457 0.24995569426786163
1 0.6832177691860419 0.36102912657258174 0.10545252583555573 0.11144583684478153
0 0.32124313962701406 0.2429304085010342 0.10479790919430557 0.08332083684478153
0 0.3224978215227433 0.29683665850103413 0.11617182028847228 0.10328478923740984
0 0.5355056613785071 0.2752829410424746 0.09713087955902786 0.08870372799290412
0 0.4482777651019793 0.24378303278663557 0.09407861474138901 0.09148188445215313