1 0.5612925939693656 0.19448357813070283 0.15783280344607675 0.10144739258219664
1 0.14765114529355033 0.6050128058566082 0.29530229058710067 0.1492718181810801
1 0.542309241352902 0.12824774649349704 0.15627030344607676 0.10136550542706693
1 0.6707994293554451 0.7370849151949755 0.18567371384811898 0.1137769742194024
1 0.6504666475430662 0.6487693656699454 0.16426543350351147 0.10333744120271575
1 0.5798193714422426 0.2646256597679086 0.15627030344607676 0.10136550542706697
1 0.12837862721760987 0.4948631999091429 0.25675725443521974 0.13924836499257687
1 0.15040580571154558 0.7203036131835545 0.30081161142309115 0.15034299525030156
1 0.5796569582960933 0.8971377691083056 0.20131901729419593 0.2057244617833888
1 0.12109880422782134 0.3856552962456698 0.24219760845564267 0.13917312188998174
1 0.6058542558710851 0.41848100011154166 0.17731332367581523 0.10868003844375362
1 0.6022118136566638 0.3420446528705036 0.18512582367581523 0.1090894742194024
1 0.10671164018825681 0.18545722241038015 0.21342328037651362 0.11705910447712728
1 0.17209816844287834 0.8459930099496227 0.3441963368857567 0.15189885119776686
1 0.11803973994894264 0.28129866689245614 0.21645699419272674 0.12470783016686778
0 0.3967835768027934 0.9138522173219975 0.20858362712189207 0.17229556535600493
1 0.10536728685386061 0.09734306874690701 0.21073457370772122 0.12314533016686773