1 0.4386620514945855 0.7914239308925187 0.17456820551101745 0.14565664109057952
1 0.7229122503766683 0.24214804089475273 0.3462648260967642 0.24928082238592192
1 0.4783087763122952 0.8408340149543942 0.17300570551101732 0.14550160088581654
1 0.15746327078314643 0.37015364399511075 0.20310140992224887 0.16704232457154883
1 0.20599467850582331 0.4380096966236461 0.18131088161382528 0.1509643019096311
1 0.3984804147282798 0.7397476169330245 0.17300570551101746 0.14550160088581662
1 0.7746953656367097 0.3305552028066179 0.3036691216855328 0.22649977706208632
1 0.6756922865870372 0.1471032784709803 0.338452326096764 0.24850562136210735
1 0.19415371268984505 0.19024568164033728 0.24634457977279028 0.25482820907633286
1 0.8094974421101421 0.42605903686849356 0.276121269479917 0.21448909358111687
1 0.3231307329230985 0.6181161586045102 0.1944677830842358 0.15845462354773437
1 0.3511431794323846 0.6825965039973447 0.20260873381944097 0.16235482457154884
1 0.8502328628872448 0.597511259087503 0.17143848749546714 0.17472398027152777
1 0.6077070235326114 0.09025173061652277 0.36583595293477716 0.18050346123304553
1 0.8331555573701837 0.517256922466091 0.22365788896587765 0.18609030702870372
0 0.35885896011360485 0.10369295320944158 0.25415707977279034 0.20738590641888316
1 0.8622519818233126 0.6744019864255852 0.13130616359827493 0.17538043494769226