1 0.14384669082185697 0.7372857137152085 0.28769338164371394 0.25207687195958356
1 0.1253595766572916 0.6014566632783682 0.2507191533145832 0.20440178495361128
0 0.8133147481638321 0.4979635209889938 0.13832866061076282 0.12798214247680556
0 0.18123711905670042 0.9109206226251736 0.2601078078856061 0.17815875474965281
0 0.3549116721105146 0.29317595706569477 0.10283769970043757 0.09440592306201392
0 0.6190063808948079 0.39481641793111166 0.08775483363936125 0.08157861474138901
1 0.5519778618090125 0.25706053837208376 0.07774210485118864 0.07354790919430557
1 0.8695490305855472 0.5665875408406258 0.19075177212991115 0.2352504350298613
1 0.6359541201439622 0.2159647193178825 0.1526462521260319 0.13143445079743063
0 0.20653833180319348 0.40400174145062523 0.11690019970043757 0.094733231382639
0 0.2146858005894265 0.4480244983844794 0.13278029121570664 0.09822190729444458
0 0.43628908893019525 0.2551505866247226 0.1145404742462448 0.10403549620027785