1 0.5130265123944706 0.4481518579328668 0.12556768577927463 0.09204314401654479
1 0.5088921107213156 0.5193274239338213 0.11587435079830274 0.08412155601527208
1 0.5119428789729232 0.21055186059836678 0.12231535178688588 0.08888178134945379
1 0.504285593383929 0.045101772636865003 0.13044618676785796 0.09020354527373001
1 0.50684549657714 0.3731882205999576 0.11762785178688588 0.08882723734881744
1 0.5130649575652856 0.5833717426002758 0.09530718281352524 0.07763519867918127
1 0.5086122209111584 0.6467348086012302 0.10318334980971962 0.07928860534690844
1 0.5138502302655176 0.29572629193191224 0.1128766847906915 0.08721019334818117
1 0.5120993182494201 0.7131319679344575 0.09693334980971961 0.07921588001272664
1 0.6405440869581384 0.010149241625570073 0.0695776709505271 0.020298483251140146
1 0.6379894313306504 0.062140537913776696 0.06928851087441501 0.05234429734245412
1 0.5013965815952929 0.7765677592695938 0.09661501482874754 0.07140338001272664
1 0.5094134451708149 0.12929276993159405 0.14294618676785795 0.09693063868554459
1 0.34303364186168556 0.6689836206238201 0.1003766847906915 0.08706474267981754
1 0.6361205252088709 0.11218599124764031 0.06297484387822046 0.05070907200827235
1 0.33369579254625753 0.593275095958002 0.08618685079830275 0.08377611067790855
1 0.3264403439525826 0.8372250906270018 0.08618685079830275 0.08377611067790873
1 0.3229625865010278 0.40659270862509284 0.0977610207602467 0.09952838001272664
1 0.3132294422422464 0.5130063406270018 0.09402852570316256 0.12291133601209037
1 0.7092914283649009 0.047241696570686234 0.05723417984777566 0.06313634667409057
1 0.5055203488954986 0.8585899186028211 0.09374468281352506 0.07761701734563572
1 0.705076113649884 0.13561385323841346 0.06217634783255317 0.06944089067472689
1 0.3444144111390574 0.7604171426241383 0.08462435079830274 0.08375792934436319
1 0.31855231771794745 0.31753929929186553 0.08969385277546911 0.09318747334499947
0 0.6155506986308559 0.14447177991727653 0.0440975098858317 0.04736589600572701
0 0.6191677885547439 0.17569450791695837 0.04916701186299797 0.056795440006363315