1 0.3108765608168391 0.49587096680850706 0.1333604045947691 0.1333038089182919
1 0.20244514463942948 0.5352226799338433 0.11387988436503063 0.12574268119435103
1 0.1137681937779103 0.5646695153352388 0.1323457947670729 0.13788204827463027
1 0.43755067208040055 0.4529190062810608 0.08890017338864223 0.09765053218308672
1 0.049923872894060896 0.5890464384838181 0.09984774578812179 0.15528806956195354
1 0.6348518136885698 0.39572994711066745 0.10387582367581523 0.10644637797604233
1 0.49191349722398703 0.445243264074731 0.07741478321633828 0.09219820767745457
1 0.12800319374600438 0.42962252597890044 0.07329546241225379 0.07021394703379288
1 0.544155787683464 0.4291922931557246 0.07144887281429604 0.08093292574646949
1 0.38181812150605443 0.4723134984873907 0.11103897396298841 0.11469592055068922
1 0.01087658966176957 0.6219407019774714 0.02175317932353914 0.13111859604505724
1 0.5812803830567891 0.4165230483515048 0.07962663292916546 0.08460422896477807
1 0.03272623198787142 0.46195941459860457 0.06545246397574284 0.06832366510280767
1 0.5632710477983333 0.42475616543178385 0.08256900287173075 0.0832602502521016
1 0.5146509177408987 0.42970574538529754 0.09028004333120769 0.09619729282674849
1 0.06574669808550633 0.4517978107598773 0.07329546241225375 0.07021394703379294
0 0.25724424869175844 0.5569612861183592 0.07053572252712303 0.0731204257464693
1 0.3419337862475987 0.48207626457893404 0.16653816470963828 0.13872328243518836
0 0.679717883056789 0.40963962780081536 0.05996348264199227 0.07548060124083729
1 0.631016560848745 0.6075361784212341 0.1714082947670729 0.14061356436617345
1 0.39230916202934324 0.7272852217521856 0.14653004333120762 0.10013067599857095
1 0.4695818932354701 0.6893374715000841 0.14257306356094598 0.10605289406758586
1 0.54695608398212 0.6637804606043207 0.14312095373324993 0.11074039406758587
1 0.7113737067964161 0.5763465265599781 0.12905845373324992 0.10975704827463009
1 0.7963168932035642 0.5324383534113988 0.12962663292916526 0.08810056956195353
1 0.7713371822271757 0.5605305024226631 0.1190543930440345 0.09046074505632137
1 0.8613838585194546 0.5193649170212676 0.11298702310146921 0.09158620248167448
1 0.8904524495532776 0.48943711640084897 0.09709822252712286 0.07497785668871906