1 0.6119243797407531 0.60625 0.09732275025210164 0.0734375
1 0.65340095760058 0.81953125 0.10913433540139543 0.0859375
1 0.5883779830752773 0.49296875 0.10847877153942491 0.0765625
1 0.6232549996710238 0.67890625 0.10847877153942491 0.0765625
1 0.5626245942034718 0.32578125 0.08540190445914604 0.059375
1 0.6320233483139711 0.7484375 0.1209787715394249 0.0765625
0 0.6218896056034382 0.54765625 0.08227690445914604 0.059375
1 0.5431319130091208 0.22578125 0.08551116510280768 0.0609375
1 0.6615355217146519 0.90234375 0.11516581411407198 0.0828125
1 0.5497532536062962 0.27578125 0.08551116510280768 0.0609375
1 0.5801559376506389 0.43125 0.09510468639013112 0.0640625
1 0.5338936708027908 0.171875 0.10379127153942491 0.0765625
1 0.5698339767942165 0.9875 0.053310670298587756 0.025
1 0.5719174667316325 0.38046875 0.08238616510280768 0.0609375
1 0.564070295851967 0.9609375 0.05607503737886681 0.0421875
1 0.5499917343357851 0.86015625 0.056512079953513705 0.0484375
1 0.5635732691167619 0.9203125 0.05930929802252862 0.04375
0 0.5495461679527993 0.11640625 0.05295003737886681 0.0421875