1 0.6128125178801817 0.4252860431557247 0.11169366943775678 0.08733574505632151
1 0.5951416330821611 0.35606614959234195 0.11040395407749273 0.09660148441265974
1 0.582984962390763 0.2880263437761433 0.11812552586424747 0.09402278763096845
1 0.527796042557295 0.059382173729657026 0.1183983105039836 0.10339778763096838
1 0.6308100116119755 0.47882630639727636 0.10999477711788863 0.08253898441265975
1 0.6427166297169487 0.5382723622134751 0.11808006175762475 0.09246028763096845
1 0.548174390208297 0.14093817632754707 0.11357441818411544 0.09838250569998319
1 0.568484541699365 0.22015042892543715 0.10558006175762476 0.09158620248167451
1 0.49821177493981067 0.6838083733613399 0.08223348997087002 0.09307229282674853
0 0.48622465650563296 0.02153152053101883 0.10369931301126592 0.04306304106203766
1 0.6652485107540457 0.6400316041677034 0.09294366943775678 0.08602461733238069
1 0.4913419978219219 0.6091361552923251 0.11380173871722903 0.10619500569998319
1 0.6893799957103509 0.7698612158001008 0.08320495658477522 0.07286905347041035
0 0.6276432106749035 0.6121304792937542 0.0738299565847754 0.07221348960843983
1 0.45733305918383527 0.5434072484873906 0.08035274122451135 0.08202553218308672
1 0.43932119358614463 0.4624686049240081 0.0823698822907382 0.09775979282674854
1 0.5271384084841901 0.7632009424190904 0.08218802586424748 0.09150979282674854
1 0.6898126577592743 0.0027818845092047765 0.0640003155185486 0.005563769018409553
1 0.6831239840318684 0.7162827477310861 0.07332985141192587 0.05502598960843983
1 0.6785130403792168 0.6923371493402405 0.06877874373179385 0.05938570767745475
0 0.6216453309579547 0.03205679818701664 0.058159492478152684 0.06411359637403329
0 0.6339467541566352 0.07544458028248992 0.047920674452321774 0.039215319309852045
0 0.6970999720241815 0.03976289645181154 0.04597774122451135 0.07952579290362308
1 0.7164242850354474 0.11195052681207969 0.05999477711788863 0.07904264381548422
0 0.6793661497087014 0.829274420627564 0.06284699247815269 0.0698861651028075
1 0.5498150420285695 0.8430305540514877 0.09661423871722903 0.10499313861970413
1 0.5652785691464581 0.9171018385803631 0.1023641335443795 0.08824268119435104