1 0.35907925071890423 0.22121945238457327 0.2869963523525394 0.2484021803253758
1 0.13991633771422554 0.34835062070789646 0.2798326754284511 0.32517375858420705
0 0.5828812719140991 0.2870661244203297 0.1484957565857954 0.12735336123992677
0 0.6741687755664489 0.3349445673369332 0.1572384978143731 0.13677381303532482
0 0.6530772587425082 0.5396366125164731 0.09211491228577451 0.09423178903121965
0 0.04820717286891474 0.5363187742004968 0.09641434573782948 0.24611245159900647
1 0.5520497678589257 0.9282814768796577 0.23380099781437308 0.1372192406302261
0 0.5453324140685778 0.7284360129840112 0.14969978436678594 0.18670109016268804
0 0.6899087061139728 0.48320480533488064 0.11133003290006319 0.09902837334017515
0 0.7748081999020866 0.4538213114832007 0.22331652047629066 0.15745901775758925
0 0.46271776314267665 0.278395627249 0.07945987208101143 0.09259656615858276
1 0.7608194042043417 0.649883245226422 0.35602013890495243 0.29877488504764005
1 0.6484645796327928 0.8379286667711991 0.3985056213621073 0.31776123438371007