1 0.5750705047575109 0.2793885950073813 0.1740283130679506 0.15758886181247736
1 0.605400167701627 0.1800802074381675 0.18656685442427942 0.1926647686600226
1 0.53406655335255 0.5242598064507183 0.1498288337461151 0.17317428901808823
1 0.639402794251813 0.0590398288113688 0.19931941149637405 0.1180796576227376
1 0.49406863792723466 0.6639125917681789 0.09858735731976367 0.07642040252860874
1 0.559073015510878 0.42217687230527723 0.17384853060296201 0.187176232262828
1 0.6133796416467792 0.12582350401439485 0.18474748924663303 0.1536022686600226
1 0.5837156046336764 0.327906438159836 0.14339474317557438 0.13537390036914018
1 0.3969367727495882 0.7090829942967873 0.06345037799792799 0.09130492288667416
0 0.489064422459138 0.5037761281653733 0.05291098428423417 0.06570414558877821
0 0.4553314696064351 0.6928782009597625 0.054473484284234173 0.06580427513842757
0 0.46549418176476287 0.5917464975359898 0.054036836641599174 0.05642927513842757
1 0.5203443476043631 0.601473148523439 0.12984166542531544 0.14541023442229636
1 0.3765471900369305 0.77893441934293 0.08721751778268025 0.13333173658176456
1 0.3573540802359676 0.8899918352897739 0.11399834160399784 0.1397214389258032