1 0.030476226705643743 0.38096049498543505 0.06095245341128749 0.1931709899708701
1 0.08133040952594241 0.389006327197031 0.16266081905188481 0.21111465940862678
1 0.2716267098590218 0.43014110721791354 0.1670242579033161 0.17003501834240015
1 0.7218331855246759 0.5333285725116704 0.1509196389349535 0.14775084138279587
1 0.7553441029539344 0.510019104644124 0.07233481946747684 0.07378449247815269
1 0.6257085247509477 0.5140808158477529 0.13202377329435624 0.14564277210332383
1 0.4759594455079714 0.4650713513454187 0.18816992970032942 0.1628590158351176
1 0.17442906780409909 0.4139956185006846 0.16423301123108125 0.190211126022532
1 0.7973536150172095 0.5551102957894931 0.09077328868539639 0.12106866943775678
1 0.33650137063275 0.4484795817493775 0.14289945174690005 0.1786825926364372
0 0.3979061668058705 0.5207697703874642 0.0943556851080741 0.07598348997087001
0 0.550426693220196 0.5400917348897982 0.08195952870210092 0.06004024122451135