1 0.29674941181660835 0.33083339407637113 0.2581073039532667 0.2086694366867496
1 0.210195612832691 0.5634022065755473 0.2958845588670839 0.2856955868489054
0 0.5096587745505758 0.2550582780064725 0.13541808825126403 0.10522506249917622
0 0.6101715441564831 0.24077186120522526 0.1430413235468336 0.11470915665497754
0 0.7451406618289488 0.4028979399397511 0.07931774511086367 0.0839852621748646
0 0.24076990208152713 0.7774783433450224 0.22868828434735927 0.2206239659077429
1 0.9461794240733855 0.8041762475709586 0.10764115185322894 0.2531091834403387
0 0.8049050981344308 0.6023661059302194 0.11671647061581973 0.17970686525911966
0 0.7305170098584857 0.3404933973260773 0.09963024511086367 0.08433981818121908
0 0.7714567402402379 0.27241950731019127 0.2138115686453567 0.11906146590774283
0 0.41500205887325414 0.31467083157719494 0.06594186275864829 0.08842730032431154
1 0.8706106250246808 0.42441660958366745 0.2587787499506383 0.24567060470581287
1 0.9036926716072216 0.6543944358825613 0.1926146567855568 0.3468240016215578
0 0.25451102955694643 0.9354544845787245 0.13080980394092617 0.12696369480442443