1 0.2344710385659022 0.6788314371369372 0.21795513867708358 0.24427234656639651
1 0.3923159868947909 0.8734097289075509 0.2968074905006947 0.25318054218489827
0 0.2602023096518052 0.4469650070293133 0.110685539703264 0.12845894789030407
0 0.2914179016917705 0.3490925872607717 0.12020601006798622 0.1351455955329393
0 0.4868219738801039 0.3206530258454509 0.08757404160312507 0.07431510339082212
0 0.5901891360211103 0.936643937136937 0.22692878875333342 0.1267121257261259
1 0.9006487377478123 0.31646440942495024 0.19033797853284753 0.19772267824559703
0 0.6809888947579164 0.37896860173368313 0.18197865824437506 0.10680657981717356
0 0.42790156876986085 0.2983563407754284 0.08804682028847229 0.09462760339082213
0 0.386642095555347 0.22291753908001727 0.12805618407993072 0.20418669396136274
0 0.2707559903132634 0.5647710911897131 0.08880923328250008 0.06032537799792799
1 0.5727439029260415 0.19091633002206138 0.2584359747331252 0.3070292117440431
1 0.8062642645332986 0.23855127108793997 0.36094403210381987 0.35238456120592376