1 0.2887444339885577 0.4160207297064497 0.16550149136212672 0.18683037568602673
1 0.7592709916666684 0.7678216617900487 0.4465254580472511 0.4643566764199026
1 0.436547571714655 0.09677359093810525 0.17934514342931 0.11245943637524211
0 0.3612912600221493 0.38650572246331116 0.10837130937615384 0.11812095373324993
1 0.585060338519751 0.8540178828972593 0.22643659623477372 0.29196423420548134
0 0.4485247424418608 0.19897529613912637 0.14887519586563341 0.1693790751116806
0 0.8925343607327433 0.6763495373644047 0.2149312785345135 0.4216923987874958
1 0.2586842990402375 0.5156351733567363 0.12656010487264702 0.13575488436503064
0 0.42463278068475674 0.8909395736120034 0.10272208667404978 0.12676543350351147
0 0.46950518969177024 0.8651684753350418 0.12071062307124443 0.14127436413529218
0 0.29444822562753953 0.6865260042756901 0.10544656847545246 0.12088069361838052
0 0.3321367951827262 0.7785511704530996 0.10690893892580319 0.11950082367581523