1 0.43901920242388226 0.6756764024548201 0.19405010637773845 0.16931608610630278
1 0.4708253229764008 0.7660504816977964 0.2094045934586825 0.20314964559048398
1 0.329343202090948 0.47608551164768304 0.1713637662772806 0.18416973585674548
1 0.5233346181930969 0.8745490763318129 0.2065201156056357 0.14733724251227578
1 0.2828434840556537 0.3515972529121732 0.10832313775258892 0.08262703535763123
1 0.3675044890025366 0.5650948783282701 0.19648392802240214 0.19885772046570532
1 0.49587050779126524 0.8092269188858501 0.2057087755051778 0.16423301123108125
1 0.40103835678668603 0.6483647747509478 0.15985544832377588 0.14452377329435642
1 0.34400611350313515 0.2525441680536562 0.07469929765213097 0.0964596256238929
0 0.38315928111792924 0.4602615126876728 0.05841330872560757 0.06716770049911425
0 0.3006618828817192 0.30519076060769323 0.06331114144374776 0.06916779742090622
0 0.35123299882028913 0.38224156780409907 0.060486645134906605 0.05964693178030896
1 0.295418758970976 0.4129093167641093 0.14570277735075726 0.15400261688838307
1 0.3215900876650231 0.18983648086560265 0.10048044832377592 0.13898087895165806
1 0.27213071618971474 0.09879610648949552 0.12965711191447687 0.14941896048240982