1 0.351318747250535 0.2440570475491211 0.09956820551101737 0.1372060570217591
1 0.6488298702392973 0.5949983736091218 0.18786102425572898 0.3291584026391664
1 0.2879999794202971 0.2720446379827321 0.09553288896587767 0.17246005183796279
0 0.43617272189501993 0.6592733614981029 0.13993507242073785 0.21195177879370347
1 0.42335561361036256 0.22149925089495456 0.1113221143334803 0.17538956220555538
0 0.20015310921121862 0.6806964680487505 0.11814926212786458 0.16669806738935158
0 0.8548403829170548 0.36565475178990914 0.1700449308786201 0.14492010367592556
1 0.5360460143576553 0.6296357967006493 0.1761868691092925 0.3064631964186109
1 0.3417658204246094 0.6737254237036583 0.15103207977279035 0.24388528397749987
0 0.8560532011118734 0.23627961008398318 0.2389544382306724 0.18191154721981437
0 0.6300161770293691 0.19954846404273274 0.11075440257019657 0.12579966531583314
1 0.12950979946823826 0.6752659657396763 0.09857813528985146 0.15724515494824054
0 0.27190611968940426 0.6829336198394451 0.11584538896587766 0.1742371653158333
0 0.7147149097490241 0.15962751013125143 0.12727556506868537 0.17988157257314796
0 0.21075013714297394 0.351565334118519 0.08131559962937551 0.11083904665416658
0 0.15470659835636477 0.3618869709234726 0.08821778308423575 0.147049948727685
0 0.02126763769286694 0.6917391491987964 0.04253527538573388 0.1307414435438888
1 0.05262120774080814 0.6997963655041206 0.0855854591870436 0.1514640466541664