1 0.34136519354928163 0.5868813026864347 0.16796515730897052 0.19648260367592557
1 0.24099375616463795 0.6208277842603238 0.2075283050572172 0.20771262959490713
1 0.5670789875046154 0.472230208200323 0.187837566315984 0.16714641819055523
1 0.11473044724990944 0.6750382476909258 0.1456290823551131 0.21161958812453677
1 0.7069239350682919 0.4238692035821746 0.0817086798265045 0.11124914976444433
1 0.46788931831856895 0.5124950402925916 0.20203976866002266 0.19480252648462937
1 0.19221509715762436 0.6476350005656478 0.16251619370616516 0.20843579952888866
1 0.37533038093392534 0.5471250270502772 0.1454498072166855 0.1603304901980554
1 0.808234913630492 0.4894442683796282 0.10254281153562213 0.07267466531583314
0 0.5808399012919909 0.5293687649392582 0.07049177513842757 0.057440644580648126
0 0.7555314157899604 0.4428823352033319 0.07225453423772628 0.06070234561740726
0 0.6672489682262839 0.4957544740345359 0.061317034237726276 0.059745438360092606
1 0.6394255544389084 0.43738560796476733 0.15684838217054295 0.14423659849212936
1 0.878988702187155 0.4661133665889336 0.14603199568106362 0.09667809330833314
1 0.9533775759551499 0.41931557050041485 0.09324484808970013 0.10663956220555537