1 0.5198993512790545 0.2939813639347922 0.18024105771663307 0.14677660835322087
1 0.4766585404362882 0.19323434718556914 0.1902682411714934 0.18300520678164434
1 0.6547316422652356 0.526492111039308 0.1530169382306724 0.16883139081820958
1 0.41097029981468775 0.07122876054397 0.19694059962937552 0.11334767824559704
1 0.7169218372980675 0.6669929865560367 0.10220996543930987 0.0700642510334573
1 0.6053229441062706 0.42623524586166156 0.1774397904362882 0.17929800992479752
1 0.4457041913568056 0.1428148161683225 0.1934824308786201 0.1396190798171736
1 0.562039897417716 0.3324830918088857 0.14702035330540184 0.1265711162111037
1 0.6667434578838141 0.7517275514860141 0.06248584595334936 0.09153683664159917
0 0.6021814310518447 0.5294865243977089 0.05015478933650215 0.062975188998964
0 0.7043326475909407 0.7099424658778722 0.05500651470410478 0.06475601282028158
0 0.6440263262699888 0.6169522911469318 0.05541943713088635 0.05389128742738727
1 0.6967431218587574 0.6007494023956369 0.12974838161382535 0.13976032092583351
1 0.6967077367421307 0.8223140332890491 0.08394320551101728 0.13296235731976358
1 0.7584099736877048 0.9285854580199894 0.11412338161382536 0.13903257485477488