1 0.387600717133681 0.5340896848006473 0.12482077488562507 0.13508483020561535
1 0.28571156202343795 0.5464643626408037 0.10588893692972227 0.12596120248167447
1 0.20244512034406298 0.5546814182049008 0.12336737765916679 0.13966306956195354
1 0.5066773722439241 0.52291687404077 0.08339568787965276 0.09786905347041017
1 0.12453832589114629 0.5585933860218141 0.12841855357097237 0.15561585149293897
1 0.692868792171806 0.5133172709583473 0.09764002583555573 0.10666489926336595
1 0.5582580560395143 0.5273037252816073 0.07234908510611113 0.09241672896477801
1 0.211163544071667 0.4265946230323638 0.06718880642076394 0.07177644703379293
1 0.608893835674792 0.5246046962006137 0.0658445119678472 0.08104218639013112
1 0.45453364399541707 0.5278503924781018 0.102545731382639 0.11636768119435104
1 0.06647190596326437 0.5771523618844989 0.09974803970326399 0.1302116599070276
1 0.6431051815144796 0.5199771803611718 0.07372974715020852 0.08471348960843983
1 0.12012096998347258 0.43582787537815226 0.0640274388295834 0.0699954257464693
1 0.6260631518792017 0.5250253132808927 0.07685474715020853 0.08493201089576327
1 0.5798602991056601 0.5171146242928716 0.0848854526972918 0.09485331411407198
1 0.1520431172099309 0.43338021857321785 0.06871493882958339 0.0703232076774547
0 0.33876448005145876 0.5805933442034718 0.06726154160312507 0.07490144703379294
1 0.4163069453821879 0.5275172567083894 0.15465374525034736 0.14341078243518837
0 0.7363103208571532 0.536634438659045 0.056324041603124896 0.0741366225281606
1 0.6968335128208686 0.7171688906365165 0.16094011284152784 0.14541032500983525
1 0.47283427478871587 0.7779432276273959 0.13666615824437506 0.10783391535490913
1 0.545689893329827 0.7580784778794973 0.13048889342673603 0.11052187278026224
1 0.6188728201915631 0.7522762281315988 0.13216049620027787 0.11531863342392405
1 0.7722329031134728 0.7060617818541106 0.12122299620027785 0.11455380891829173
1 0.8528282864722228 0.6836183353245209 0.12071384992375016 0.0926788089182919
1 0.8298999327487506 0.7038544256695948 0.1114479526972918 0.09671074505632156
1 0.9137112350854519 0.6855357504273285 0.10359908510611113 0.09460194183801285
1 0.9428714050133339 0.6649554526569015 0.09545927678548623 0.07999313861970414