1 0.3011650557416646 0.48580586669005754 0.08771137357870132 0.11519563206674696
1 0.43547914255925 0.4530642085040286 0.08881884727034195 0.10746501922187686
1 0.36834485046587534 0.469044412597043 0.08734735253201382 0.10894563206674697
1 0.15003519524655579 0.5264385900049489 0.09901289462538868 0.12201884215265543
1 0.49070496885349185 0.4275828516520521 0.0794438472703419 0.10697369629109836
1 0.22654448733993054 0.5099670629811558 0.09194384727034206 0.10762879353213642
1 0.5509445188393745 0.40962738975712154 0.082659852532014 0.10869997060135787
1 0.06764762947565765 0.5502279720716959 0.10075740514873237 0.12522572930778503
0 0.6127164767459996 0.41885190355193147 0.06641322625188942 0.07046298620519006
0 0.019689208153680297 0.5949506518544508 0.039378416307360595 0.10829053482570909
1 0.7239493793344833 0.3678482462704137 0.0733912683452644 0.0832905348257091
1 0.009589289674300377 0.4535410798281834 0.019178579348600754 0.06791784034363317
1 0.6530908477644523 0.38090816825125257 0.07513577886860805 0.08649742198083885
1 0.7551021268448217 0.514978873814605 0.07100972099021767 0.06914614767057933
1 0.6060885031955333 0.5593950163968018 0.0981938472703419 0.10795634215265544
1 0.016650631753557736 0.3891919747852294 0.03330126350711547 0.049741050429541286
1 0.6784185295038926 0.5478157072608332 0.08231124203690499 0.07596935775648764
1 0.777847924058694 0.35178283299600216 0.07504477360693614 0.08493492198083885
0 0.8295091345961552 0.36075836329915545 0.043992194681858623 0.05994156603337357
1 0.3796177374811049 0.6499292424252265 0.08956229991529537 0.09348440637700665
1 0.45593731377534663 0.6233424089789985 0.09755681043863902 0.09701884215265544
1 0.5368533848079167 0.5980724140673811 0.09139781570031094 0.09825379353213641
1 0.8295406847232121 0.4939426775235066 0.10987479991529554 0.09454893939369349
1 0.8999819873399305 0.4746736991202328 0.06659523677523324 0.07358798620519007
0 0.0482899556993123 0.45466316655377187 0.05898015785015548 0.049822937584671045
0 0.09323072937683562 0.4452981326325739 0.04188366311182732 0.050484678878243726