1 0.3806879911580044 0.5317906255057452 0.11439277210332381 0.1226240228654909
1 0.2803530220368168 0.5775247661572508 0.09546091567683304 0.11571925843752044
1 0.19686457211595904 0.610939956083117 0.11135870031656911 0.12563989546082902
1 0.499704764119258 0.4830579704262693 0.07442098997087002 0.0900099303072194
1 0.11873121192854463 0.6402579230508252 0.11346676959604132 0.1444444591631598
1 0.6870168960142847 0.41629951244423574 0.09022784639736088 0.09680556733052796
1 0.5525797115328333 0.4726090545470202 0.06500052586424747 0.08812004809323426
1 0.17967340894640849 0.47702874755292923 0.06271060015828453 0.0630654843909035
1 0.6028608563599838 0.4536482342212674 0.05994931301126609 0.0754563569862416
1 0.4479520475053528 0.5051983544543529 0.09358016693047429 0.10472719473518968
1 0.0642626722742436 0.6765699344835706 0.08631323620994644 0.1232043762235353
1 0.6376533935070023 0.43992055091882315 0.06780727711788863 0.0772916754978958
1 0.08924463723879611 0.5138144741392844 0.05802310015828456 0.06290179328391084
1 0.6214744640401157 0.44830596979329707 0.07088681301126591 0.07583830290255769
1 0.5732188204666064 0.45624744456555355 0.07593802586424747 0.08850199400955035
1 0.12095763849243735 0.5017584182415018 0.06427310015828455 0.06312004809323427
0 0.34110030542291164 0.5957365636175128 0.059721992478152595 0.0676438569862416
1 0.4091850641984002 0.5167186970126243 0.1487223079967011 0.12226192431676956
0 0.7358181088672662 0.4271080376719792 0.04892088479802066 0.0719494110699257
1 0.7330210324616581 0.6266268880347988 0.15345527210332383 0.12398811542376223
1 0.5186439468848498 0.7576760245099534 0.1351766335443795 0.08588791469812271
1 0.5886010942192827 0.7161308760538994 0.12754598997087002 0.09186509618646851
1 0.660461722353386 0.6862499138955146 0.12768238229073817 0.09655259618646853
1 0.8070662862225817 0.5911953303229178 0.11522784639736088 0.09767858656782166
1 0.883872827130524 0.543154645206375 0.11923338479802084 0.07440477767481415
1 0.8643786810497323 0.5719889733366761 0.10847774122451134 0.08027283175849824
1 0.9459409181176085 0.5261283471131408 0.10066524122451134 0.08000001324684405
1 0.9626975429530062 0.49554054602468167 0.07460491409398742 0.06717263103285873