1 0.41563989727882067 0.4556543322890194 0.09938292934436319 0.09391834733906386
1 0.3688574459739103 0.23994515861948734 0.11204656134627218 0.10958952636624675
1 0.44169277259709416 0.5701108176609816 0.11037497334499946 0.10001344148784881
1 0.40162339795513846 0.3826502759442399 0.11037497334499946 0.1000134414878489
1 0.4710246419080496 0.7389762652289384 0.08671929734245402 0.07824716831188142
1 0.391485876631138 0.312492681795455 0.12289315467854492 0.1031846205150316
0 0.40634616593732104 0.5147046154578312 0.0835942973424542 0.07784499855508553
1 0.4925354678946866 0.840329495965707 0.08673747867599957 0.07980966831188141
1 0.35887446598504613 0.15650631447070246 0.11669769867918127 0.10706778100144025
1 0.48451442990136817 0.790004779134519 0.08673747867599957 0.07980966831188123
1 0.45035870058882177 0.6322548269313686 0.09771134134309048 0.08434226246066619
1 0.5028548025541415 0.894862090114492 0.10568747334499946 0.09941018685265561
1 0.446711367998091 0.07157277522178267 0.05345226400381797 0.0349618858655266
1 0.45992405724859486 0.6843431286409546 0.08517497867599957 0.07960858343348357
1 0.4542056946610457 0.09992194961377188 0.056795440006363405 0.0541140556223223
1 0.47101992998090997 0.20145317571534704 0.05843066534054522 0.06056514050072013
1 0.4560858206556368 0.14006732693136864 0.059956802673454136 0.05764122537911796
0 0.4889099338797328 0.9501841186481104 0.05367044000636341 0.053711885865526554