1 0.47004241530049595 0.7713949450116894 0.14286674391989213 0.08818892946385706
1 0.8042929171674172 0.3650433983217485 0.30097268685265527 0.12647294730999636
1 0.4984988528756086 0.8331370057995701 0.1426656590414943 0.08662642946385724
1 0.27802678738199854 0.2723915277948943 0.1675107531902791 0.09933991701630233
1 0.3112399934978852 0.35270598982753043 0.15108141367668776 0.0919059253146722
1 0.4405031004077866 0.7073683338088902 0.14286674391989213 0.08818892946385706
1 0.8395400615808736 0.46729205993946615 0.2615080170958598 0.12038796805592078
1 0.776456102997165 0.2590777408532157 0.29356235660945096 0.1290059514591813
1 0.3368476390558057 0.11647156928674311 0.17720900638055834 0.18672151784613938
1 0.8558361211159322 0.5693990115991401 0.2335841019742575 0.11981928299298623
1 0.3907532915951852 0.5659863172121506 0.16242108343348338 0.09585971950581325
1 0.40771515356228694 0.6364880713613356 0.16867108343348353 0.09633331618646537
1 0.8979350565236732 0.7555374211422653 0.20032325319027927 0.1018262995897258
1 0.7283611522389292 0.1428141234266392 0.3212851868526553 0.12801213652211577
1 0.8691851760157974 0.6669960620140586 0.19800259270387066 0.10783950124939992
0 0.5014523095350587 0.08379725808626612 0.18723344004293452 0.16759451617253224
1 0.9078703581438123 0.8363730240466948 0.18425928371237532 0.10615860207923689