1 0.35866113624493773 0.5244912352869546 0.1187756929441286 0.0854907030344176
1 0.3596085441772199 0.59866218786233 0.11817244732618253 0.09317565727678297
1 0.35459372842411824 0.6709995734682438 0.125601245573361 0.09068838606495558
1 0.35347531626582984 0.9131712269520047 0.12518985083182574 0.09993584030732094
1 0.3540408686721369 0.4676353284692135 0.11507514031489627 0.08054811151914834
1 0.35624615372856844 0.4055817386209345 0.1269718946969503 0.0892534318225902
1 0.352500215344834 0.8266278201342638 0.12168114907900414 0.09655574879205205
1 0.3527039126710166 0.7430818675588883 0.1127175438205394 0.08654302000387944
1 0.5374110747178423 0.26549938831167375 0.08867679820259333 0.0923147878817268
0 0.38061436891735473 0.9504002889204969 0.09742285964051867 0.024967791215706824
1 0.3587382150773236 0.29709955892437623 0.09846319294412868 0.0838326081851685
1 0.5262560308973029 0.34375193406930826 0.12264040346105816 0.10436824879205205
1 0.36702734220147304 0.16030106059136617 0.08774523680925314 0.07212983363936135
0 0.3894818949198755 0.33016727937759915 0.07680773680925305 0.07123701333591956
1 0.5444868642677905 0.41573863331070393 0.08557949119130707 0.07968724212409231
1 0.5426247415034025 0.500193381643714 0.08788170170823655 0.09843724212409218
1 0.5277462983586411 0.18043873316092268 0.0869224473261827 0.09062474212409226
1 0.16567469347914937 0.9687190805952455 0.05816850876410786 0.02021664727484307
1 0.35943538608889003 0.21583358347018344 0.07763052629232359 0.052742104851188645
1 0.35783234662811203 0.2414872877125489 0.071956078921556 0.05691942182065048
0 0.250775557501722 0.9370229283194323 0.061182736809253145 0.06996155575957416
0 0.2505688601086618 0.8883143613499704 0.05109571928103733 0.03820137272903601
0 0.17689896977147299 0.9213976704435247 0.0486550438205394 0.0813136439408634
1 0.1763352635920124 0.8441017178681491 0.06370449119130703 0.07790160151720897
0 0.3900386009432884 0.09886935301502081 0.06743273680925306 0.07047173879011234
1 0.5251127719994398 0.09480412210081623 0.10251975433746878 0.10427265394280302
1 0.5276740658199792 0.030198521127238385 0.10959254382053948 0.06039704225447677