1 0.7221324542077879 0.70859375 0.09438802940820956 0.125
1 0.32259491579784705 0.3859375 0.17684377057970285 0.3
1 0.7738638975909409 0.68046875 0.08829753676026186 0.15625
0 0.5077207249909345 0.31875 0.12957472021512223 0.1921875
1 0.6590529474056286 0.7328125 0.10268848749546713 0.159375
0 0.7288191930064846 0.2890625 0.1095156352898515 0.15
0 0.1962433687326242 0.6109375 0.16157552940820957 0.125
1 0.4209972569753841 0.3484375 0.16237306616847147 0.28125
1 0.5941133832635043 0.30078125 0.14190577683196928 0.2203125
0 0.23569756008942985 0.73359375 0.22859408602505668 0.153125
0 0.4658331413386744 0.76015625 0.10228500109978604 0.1109375
1 0.799542256425491 0.29296875 0.09306950845183834 0.1421875
0 0.6585888056902859 0.28984375 0.1072117621278645 0.1578125
0 0.39752886358014383 0.8015625 0.1186419382306724 0.1625
0 0.8243284918946111 0.603125 0.07769792352656779 0.1
0 0.8744950762699888 0.58984375 0.08114665624622255 0.1328125
0 0.9161573266466572 0.27265625 0.07358285330540185 0.1203125
1 0.8655004251762467 0.26640625 0.08196778308423588 0.140625