1 0.1536322039565914 0.8430631570086418 0.22500002884493048 0.24177038524403188
0 0.13645487010209506 0.6760892804470128 0.1134334537332499 0.10215337334017498
0 0.1638696533184334 0.5884892864971369 0.10351056356094608 0.09741133118569749
1 0.7444500722718559 0.07240976854315608 0.2798498554562883 0.14481953708631215
1 0.5752434899170368 0.13484054908836468 0.22252437855775753 0.2339487948849522
0 0.2940949206126293 0.3894290969001831 0.06272322252712303 0.06906816256778665
0 0.5181817847479214 0.27570189842443477 0.14671267338864205 0.09297836123992678
0 0.6636971389278741 0.8408764047691466 0.24738234097001116 0.29967378883482787
0 0.24893460992341393 0.4084290817748727 0.07392452310146913 0.08474770472226431
1 0.4298801736119837 0.8508246182720096 0.2622768207402727 0.2935146924256241
0 0.3437296604977601 0.39226320540963544 0.07155033235481909 0.06443520472226431
0 0.8165583455647607 0.7954861158361227 0.22370134384174198 0.37760789129415606
1 0.911038959540523 0.010050148228043024 0.1435470809189539 0.020100296456086048