1 0.47319002564992435 0.5608151627094076 0.12886768119435105 0.11712841422935405
1 0.45466925461470237 0.6278337368960702 0.12941398441265975 0.12494091422935405
1 0.431242462292157 0.6910685259200655 0.13555472376899794 0.124256794446244
1 0.36694428755409386 0.9110093806276073 0.13766352698730663 0.13228888950046666
1 0.483264512156271 0.5057602681974099 0.12385239926336596 0.11178212906668641
1 0.501823488018956 0.45035064648363593 0.13377370248167467 0.12091219939202133
1 0.388442593118191 0.8312585440765009 0.13264824505632147 0.12694260433779903
1 0.41021405029144253 0.7554139575253944 0.12105518119435103 0.11603043895824161
1 0.70205308096192 0.4374917535325592 0.10074268119435104 0.11317570325334927
0 0.37565800587521014 0.9669447169733552 0.11015053218308672 0.06611056605328969
1 0.5321669158591122 0.3532771777849756 0.10822739926336596 0.10958617852446162
1 0.6725401796048672 0.5021919123396644 0.13319454827463026 0.13475510433779903
1 0.5764418037225119 0.23418090962854016 0.09641581411407181 0.09554901314490427
0 0.5518509851689644 0.40245792585431167 0.08671303218308672 0.08954394281956932
1 0.23137277431254205 0.9082010633831399 0.07947968639013112 0.07460306260267942
1 0.6693548314661231 0.5783278895414409 0.09518109604505724 0.10001691809068163
1 0.6452942546147025 0.6546243335112136 0.10107046312533612 0.11786320325334927
1 0.7163562455605246 0.3544089892374515 0.10074268119435104 0.11317570325334927
1 0.17522668111747647 0.8685937840124641 0.07911905347041022 0.0915709675484571
1 0.5549381443196874 0.2806673887609804 0.08249542574646931 0.07347975271112431
1 0.5464208039746132 0.3026775209085342 0.07958894703379293 0.07616556260267933
0 0.26715745500268995 0.8668159397387019 0.07232275025210155 0.08288008733156715
0 0.27955926601466874 0.8229181402809267 0.054731058666190255 0.05255913678934201
0 0.20568472344002187 0.80634717273247 0.0619315534704102 0.08915542195200957
1 0.2246589625442586 0.7347508960729184 0.07610331411407197 0.09269427744001177
0 0.6137889844126597 0.19301538103832483 0.07711951089576327 0.08510137249423436
1 0.7362920511246218 0.27443855763212255 0.11724176634364483 0.12787165379557405
1 0.759391061516182 0.2065162686081273 0.11771165990702741 0.11246624884979654