1 0.5482450209219633 0.26906234694391196 0.15153029121570666 0.1155152449884688
1 0.6865886254832878 0.6763342758381166 0.1126272878817268 0.09305746368712917
1 0.5649523547305024 0.8222338079199167 0.14668329454968648 0.13182436477157894
1 0.6930770968545946 0.8816678936905629 0.10522937606301604 0.07811658347023923
1 0.6759219345768418 0.7489525239074528 0.09336710485118864 0.08417232303645932
1 0.5622741516960849 0.7119804277030267 0.13526756242753385 0.105506794446244
1 0.6856952894280305 0.8202785362718965 0.11769742515463051 0.09840374884979645
1 0.5694815185060673 0.49049815683546694 0.12876247091226495 0.10150341422935405
1 0.6882789291168301 0.6002363005670042 0.12212983363936125 0.0959375340124641
1 0.5387588374323832 0.1431712994168007 0.15322033697334128 0.11729734004269128
1 0.673851185615612 0.16211551733500057 0.0997446506088231 0.08661320325334917
1 0.36525588836016537 0.6701308218452814 0.09540783697334118 0.10917232303645932
0 0.4999658571463984 0.6069466595465913 0.11607102333785928 0.13524496368712918
0 0.5077631553199289 0.3830108411519203 0.10915134364130097 0.14508448841601673
0 0.29317411002133636 0.5324914814328471 0.13230180121764637 0.16378381917513138
0 0.6623225938104789 0.514590191217674 0.08890274545807202 0.10516894281956937
0 0.65473349229327 0.460341881326119 0.08960437606301604 0.07592063292801435
0 0.6593579930421761 0.22657920551278163 0.0785393303053814 0.0728209675484569