1 0.306320137264672 0.4693058598188589 0.07545867982650449 0.11312893856207466
1 0.44568302591361997 0.44754363181829876 0.07808303207825791 0.10570014031489627
1 0.37678283158914594 0.4583288203803734 0.07662066162790726 0.10707078943848547
1 0.1478567951919514 0.4988390483363485 0.08669656847545246 0.11915939469695011
1 0.5067404418604639 0.4260948730764834 0.06568316162790708 0.10572783330360988
1 0.22686317474160073 0.4875880790776037 0.08120803207825791 0.10608384206771788
1 0.5696409600590611 0.41217083802005183 0.07203329117755644 0.1080577368092531
1 0.061568841768178784 0.5148595965389419 0.08845932757475113 0.12247624557336109
0 0.6290264520394967 0.42890740384003107 0.05869268198597286 0.06921478067437761
0 0.010241383407160656 0.5568947851010166 0.02048276681432131 0.1080854297979668
1 0.7504601634828337 0.38454331179460577 0.06418121838316733 0.08229033330360994
1 0.013224884717607483 0.4073882587864004 0.026449769435214966 0.06787182453950216
1 0.6763916078073077 0.39131247842411826 0.06750647748246622 0.08579903505643154
1 0.7559220141934276 0.5412185530304979 0.06474242288667416 0.06685718418002082
1 0.5987708482465838 0.5744661406715768 0.08579540252860855 0.10509689469695012
1 0.026255212061645945 0.34072192546049795 0.05251042412329189 0.04635283330361002
1 0.6743518391472851 0.5682863731656534 0.07598031153562221 0.07288764031489628
1 0.8062293021317817 0.37304510568202276 0.06584384793281686 0.08404468418002073
0 0.8564901179863404 0.3870265267604668 0.037879534237726276 0.05890821928103733
1 0.35768597085640275 0.647473399324222 0.08020673658176473 0.09045884206771788
1 0.43802431292912336 0.6275327546272718 0.08968186613141396 0.09317244732618253
1 0.5237312754521947 0.6084831318628838 0.08050712523071261 0.09514634206771788
1 0.8335661528423757 0.5270344346481639 0.1018814774824662 0.09001975433746896
1 0.9081353562661484 0.5124527680186514 0.05879281153562203 0.07077728067437761
0 0.05875232727020931 0.41366695179740665 0.054165868290882345 0.046956078921555996
0 0.10484607727020931 0.4080073509432884 0.03727875693983029 0.049533219281037336