1 0.35757132093166155 0.5584592881673126 0.11632611485312827 0.13774012483353282
1 0.2201348359345711 0.6551536482362101 0.12790134364130096 0.14702495386051417
1 0.7954547318322884 0.2720421344703775 0.09072033697334128 0.10802263406143
1 0.5389173025947722 0.4384777792723498 0.11307356909549374 0.13575695939725244
1 0.28843855472080404 0.6017283432017614 0.12684902667183912 0.15306462114237399
1 0.7481491681968065 0.30210511509179344 0.08877519970043757 0.1031248013432898
1 0.842887841225405 0.2435416538489615 0.10073306576151389 0.11709713037027117
1 0.42136288290015356 0.5174888976463545 0.1107457945496865 0.12617162667911225
1 0.1425518409355409 0.6916618668613597 0.12659393515657005 0.14993962114237397
1 0.4880083778991837 0.4824530080481863 0.11399834030732095 0.12815479211539263
1 0.6943225375918627 0.3393645929448402 0.08877519970043757 0.1031248013432898
1 0.6541757697140153 0.37004357633462537 0.08019742515463033 0.09269813775258892
1 0.5948803891090714 0.40803921870116283 0.1042407030344176 0.12220529580655146
1 0.10140106926467163 0.5842549375832335 0.06992960485118864 0.08049864144374777
1 0.8840869260727142 0.20640233774103622 0.1160710233378591 0.13461512483353283
1 0.8795423025947722 0.3926252467177886 0.0913900166698994 0.0972954667795702
1 0.8212832635050974 0.43364072272525594 0.10672797424624499 0.1148134612428319
1 0.7699119532035954 0.4816273678601625 0.09151756242753403 0.09885796677957011
1 0.13984181593069173 0.5617039532706587 0.06316942182065048 0.07340731057118699
1 0.9487237687959313 0.3520004453744988 0.1025524624081374 0.11066678842423387
1 0.7052593929020933 0.5314018410992608 0.0972573793969957 0.09344929765213088
1 0.6328740809336012 0.57352906156999 0.10778029121570665 0.10877379396097205
1 0.059564513505097415 0.5361779228185981 0.03622428454774687 0.06514415436280388
1 0.12609843820068584 0.4900993668613597 0.07579696757828502 0.07665247231630853
1 0.972193219704317 0.30877637649820433 0.055613560591366 0.10552863221585058
1 0.5751889977532819 0.6215757875774572 0.09244233363936125 0.0912557994977103
0 0.17166577184004717 0.564528548907855 0.07241687606301594 0.07310680688002816
0 0.19773406426370183 0.5452227263404017 0.07190669303247779 0.06685680688002815
0 0.08429318865972779 0.616571596559986 0.061351830305381404 0.0700719778530468