1 0.4324544481688575 0.5248139392080761 0.13151070539342946 0.1274752139724832
1 0.3332736928112068 0.5651611754130779 0.11195636587983807 0.1205704495445131
1 0.2506540933047711 0.5939434290412751 0.13035037515022516 0.13054565027015244
1 0.5494028686481103 0.4822767204262693 0.08822542294707496 0.09329862141421189
1 0.17310107404153982 0.619409709711314 0.1343258936909993 0.14935021397248338
1 0.7343744025393795 0.4255926668907394 0.10329334733906403 0.10160219473518968
1 0.6026053215737179 0.47492552269585475 0.07864933806867694 0.09140873920022692
1 0.22701025132335784 0.45900543385059844 0.0723069800143115 0.06629961179556502
1 0.6522575152289385 0.4582811705189365 0.07058957416309646 0.07712798439090332
1 0.4984898023104867 0.5013193863055184 0.1089862717310531 0.10957838584218216
1 0.12399777160949668 0.6525148755905631 0.09557320539342946 0.12622024881887378
1 0.6860061710801535 0.4461159872164922 0.07880424391989216 0.08052580290255769
1 0.1377615715737179 0.49115822413928434 0.06741839513591366 0.06457342068857255
1 0.6705048030329438 0.4537201560909662 0.0817281590414943 0.0790724303072194
1 0.6225700152289384 0.4593178808632228 0.08938575319027908 0.09022818511654282
1 0.1694681047425298 0.4814186363903364 0.07386948001431151 0.06635417549789598
0 0.39488371598717437 0.5865525365756709 0.0695841497711072 0.06931548439090332
1 0.45975201914167474 0.5113045107149552 0.16588570539342945 0.1286756154237622
0 0.7847222088841589 0.4387449421184829 0.059249904406300756 0.07362103847458741
1 0.7915099884406848 0.6378372065464533 0.1707742902718273 0.1304018065307549
1 0.5816688072461305 0.757385847830931 0.14563575319027908 0.09219247840045348
1 0.649800647482179 0.7196923856725462 0.14019009270387048 0.09822422359113006
1 0.7210031243062114 0.6936631098118304 0.14235584733906403 0.10296628729346118
1 0.8643524181903247 0.6062573351322412 0.12985584733906386 0.10252977767481415
1 0.9368644409156168 0.5628495863133676 0.12627111816876635 0.08076390507947587
1 0.9211364042847443 0.5901486962948341 0.11983141367668751 0.08506945916315978
1 0.9722876839628267 0.5489210063689679 0.05542463207434665 0.08479664065150558
1 0.9873366110336412 0.5198138597270126 0.025326777932717447 0.07040675843752045