1 0.5592882579169584 0.651325733327379 0.12796246268299924 0.12916261213660044
1 0.6254757845719588 0.7419614410048336 0.12149428668045381 0.10997556956195353
1 0.6769741025620958 0.8182779225675016 0.1326317813494537 0.12792789406758587
1 0.48469788526418506 0.5436828421097848 0.09311474801081765 0.08613387797604233
1 0.7230582145528689 0.8895244918773537 0.14829314401654461 0.13214550050420293
1 0.3772319252864567 0.37197209705346335 0.10265338001272664 0.10085194183801276
1 0.4626052566040938 0.49366106277668964 0.08986247867599957 0.07497785668871888
1 0.5513922998886415 0.8595370710745629 0.06638861600890884 0.07021394703379294
1 0.4318643339433662 0.447725849903455 0.0773079346753633 0.06941627153942491
1 0.5177734672581398 0.590563195948512 0.11053860534690862 0.10764824505632156
1 0.7709866372135964 0.9366615718308676 0.12765338001272664 0.10260011213660078
1 0.41111602928072966 0.41656333121402156 0.08052384134309047 0.07744729282674849
1 0.6083048238781419 0.9409234648900471 0.06633407200827221 0.06552644703379293
1 0.42268023794559345 0.4306640360414845 0.08056020401018138 0.08057229282674853
1 0.4416842292727755 0.4773422940872562 0.09157042934436319 0.0875871173323807
1 0.5890917472151872 0.9122139568442755 0.06638861600890866 0.07021394703379258
0 0.6293280379137768 0.679679962292157 0.0710579346753633 0.06897922896477801
1 0.53846722792014 0.6264132146379455 0.1314510893539083 0.16063113342392404
0 0.3762421372931382 0.3226440864098016 0.07249316534054513 0.058150989608439826
1 0.5697563272995015 0.2892627759020259 0.13308631468808993 0.1669903940675857
1 0.7450637679424117 0.47666385895763275 0.09376927601845378 0.14238387797604232
1 0.6886961366168205 0.41564459546397947 0.10152723201781733 0.13824268119435104
1 0.644119980625411 0.34919478679778915 0.10623291335136287 0.1401329631253362
1 0.5181398306413193 0.22310254433935778 0.10450678134945371 0.12596120248167447
1 0.4540142433163644 0.15684947762739576 0.08264996268299925 0.1259940534704102
1 0.48669947398154634 0.17008145114429218 0.08566587468172653 0.11683757475773367
1 0.4242000213240004 0.09846889507599192 0.08557496801399936 0.10902507475773371
1 0.38843524399268214 0.08111215027177202 0.07136701734563582 0.09554172896477808