1 0.32678703347735094 0.3333720129889388 0.15655010637773853 0.15549779788867957
1 0.7522068049584355 0.6955627268713821 0.4149028375890097 0.418772913958578
1 0.49989473431257475 0.036230006089079954 0.17166446862514953 0.07246001217815991
0 0.39998420998710793 0.3070356095803722 0.10345529580655155 0.09689436525911965
1 0.5765606127612534 0.7636247544675221 0.20087072567453318 0.2763012215897856
0 0.5001799446326171 0.13222475000329528 0.13725927919633668 0.13957278896022585
0 0.8980313333079956 0.5951967138857386 0.20393733338400882 0.3775558043815014
1 0.28919666384762205 0.42643226623534963 0.12076295755167302 0.10966710064862321
0 0.41882318901986554 0.784389042209932 0.09399012483353282 0.10764095048646727
0 0.4642108646068328 0.7608873125024715 0.11286028657865436 0.12044095941492117
0 0.31018485017513164 0.5881646530048249 0.09783629396097204 0.1014727711033185
0 0.3384748987500523 0.6761595308458463 0.10054062852469166 0.09840231818121907