1 0.4193695499752561 0.8802459668085071 0.20415631275401314 0.182407580457717
1 0.4339875706674709 0.7851302087627353 0.1941262155129752 0.16925201659574646
1 0.46507271709485487 0.6002581820275303 0.1573698439616777 0.15111402179152655
1 0.5447270810713789 0.19008587051134834 0.1394453595655099 0.1358496547112475
1 0.5228587251239136 0.1618187588789509 0.06717421189493056 0.06385468639013112
1 0.5296586810259504 0.27660787855712005 0.13550148801421252 0.12000613342392405
1 0.490648169944674 0.4149873175451412 0.15514560266810484 0.1680830005042031
1 0.4524299542045561 0.6881787991078093 0.17431168249628842 0.1476283888718056
1 0.5622587398232347 0.12064210182191493 0.11018058344622812 0.08242972376899797
1 0.47923039235505405 0.5412438149472512 0.16403592378986112 0.12978532500983525
0 0.5418255676152532 0.4788423679134583 0.0729262449116174 0.08449496832111639
0 0.5550138851189648 0.3414844795458557 0.058290534825709096 0.07257412252816078