1 0.4359719648444149 0.5518502537130151 0.12936647642635143 0.09811509618646852
1 0.4471684840748373 0.6247793222246694 0.11799232878371627 0.08835815027015244
1 0.3873738372607717 0.3122594748570745 0.12453342721213971 0.09482640507947586
1 0.337975188998964 0.055481196001134006 0.13452485731976366 0.07489585099579188
1 0.34759209160399784 0.144734668959292 0.13441784946188076 0.10609128729346104
1 0.4161453083104397 0.47783983483854103 0.12140842721213971 0.09471727767481433
1 0.46414196835907157 0.6877703955456471 0.09746150496239885 0.08296132213985138
1 0.47181322725041175 0.7519965866526397 0.10378427956950453 0.08474207694917482
1 0.4077826906515939 0.39876989373154853 0.11664815260503385 0.09299108656782158
1 0.4882237853559636 0.8196478781224519 0.09909677956950454 0.08457838584218216
1 0.4722602977664696 0.07499014255042218 0.07598461124870504 0.05725199400955021
1 0.48331126778268024 0.14479421106207643 0.07285961124870503 0.05714286660488854
1 0.49124393155085677 0.8844916281224521 0.10022263192686935 0.07525794954451329
1 0.36878219499482007 0.23127236968493142 0.14684507485477488 0.10496529691210787
1 0.4656442706781645 0.0334202014434296 0.07191354135632899 0.03683036660488851
1 0.31256881389201097 0.799474243461396 0.10422092721213971 0.09411707694917482
1 0.4911451925136207 0.19576643402023444 0.06646406203449332 0.05379961179556512
1 0.28879952005448273 0.724546165331095 0.08994010339082212 0.08893850362819719
1 0.32983985876299643 0.9636036869306412 0.08972177956950463 0.07279262613871751
1 0.24111322911243857 0.5380258227728236 0.0999700748547749 0.10332838584218215
1 0.2532023143062957 0.6468651094333124 0.09957196856846862 0.1282738221398514
1 0.5507877121583278 0.11985126396463412 0.05916098428423418 0.06446429328391082
1 0.5426434183207995 0.04546882285764155 0.06341183664159918 0.055252984390903384
1 0.5114708484239142 0.9628212088890828 0.09589900496239867 0.0743575822218343
1 0.5636023893704675 0.21077636432745378 0.06421235731976367 0.07244048439090334
1 0.3324511284077036 0.8914261304847045 0.08681510339082213 0.08882937622353566
1 0.21906910111451058 0.4498983401960187 0.09030397642635143 0.09675100362819702
0 0.4779388711735025 0.2304043288480913 0.047568512820281586 0.05001984736759475
0 0.48720686331561963 0.2619271473597456 0.052765435070022446 0.06112103847458741