1 0.6160462244168585 0.6601155998404507 0.1912949297003294 0.17844969649011128
1 0.6737981143918018 0.7457690030312604 0.20529560815287323 0.2125406068921535
1 0.4476461426783107 0.47208802032545627 0.16917022046570535 0.1897727456285921
1 0.7585921233351076 0.8503753253031162 0.20189867637256426 0.15959823694958822
1 0.364664342969629 0.3530539379387312 0.10558491638926881 0.0880681936183807
1 0.5115750998329553 0.5562296532865275 0.19392051123108126 0.20657469649011126
1 0.7115490351488255 0.7863737067964162 0.20179483277853763 0.17504060689215367
1 0.5695247772455094 0.6355417414486199 0.15629444509136975 0.15117696528398436
1 0.3993706732525951 0.25106529633056196 0.07408520715464464 0.0982954624122538
0 0.4978958519129348 0.45199872843011396 0.05739712562389272 0.06852679189534214
0 0.36973630657200807 0.3058644075941235 0.06237635690508751 0.07219968206764608
0 0.4436546370627701 0.3785713801531524 0.05993866306150366 0.06264205201021138
1 0.3954989685935219 0.4126318570197773 0.1446696389349535 0.15909092482450754
1 0.3590151819881049 0.19102065759412348 0.10131521381017503 0.14165991327377297
1 0.28229449355226566 0.10521506509252916 0.12875290765375896 0.15413962425016142