1 0.8233556136103626 0.32540584815376655 0.28112306616847144 0.30031226639624686
0 0.7828809112254783 0.49322031018640267 0.1364113040406071 0.13279103444287887
0 0.72874011821295 0.5662900346665936 0.1263794025701964 0.12583063942190087
1 0.092572566921808 0.828577131123531 0.185145133843616 0.244654262247062
1 0.20563837226564444 0.8306159956503224 0.27717693933045845 0.2922629680559208
0 0.5442244829230984 0.703502924288987 0.08025049374773374 0.08513386182749905
0 0.3039748875196422 0.7191592000092888 0.16626302940820956 0.13660311867597627
0 0.35762726985658516 0.15624480291371817 0.30974546028682964 0.27768024979950734
0 0.5914279336583037 0.7039298993938776 0.09299447279136235 0.10315015601864026
1 0.5765884490855262 0.2082729346619491 0.3311981018289476 0.34905834233097455
0 0.5002656627019325 0.6796976487691777 0.08633626838013093 0.08404495850815116
0 0.19397769228336686 0.1548687892167637 0.31829461543326626 0.30002884648015943