1 0.7499585575254544 0.3925128121515621 0.13809080517696729 0.09139768052176755
1 0.3758278966915273 0.7136640868430382 0.328396557737216 0.16747943325224207
1 0.7252700996894165 0.3306713423039872 0.17210178413027996 0.08534766842151909
0 0.3253974442583354 0.5048476230455876 0.21196792093374794 0.12619083703942985
1 0.7673805469315236 0.4636838302037388 0.17613683674699826 0.1009908491396784
0 0.31868689974588615 0.26895102966144585 0.16712585779368574 0.10718630698520056
0 0.5940072912463288 0.9062748094210875 0.14687354195220054 0.1617374515990065
1 0.3483182757436619 0.6033851169954634 0.3058845209055131 0.15641466822512734
1 0.3168121285580245 0.4110794423274283 0.243763952503779 0.13574764422102223
0 0.722966749152954 0.8923294423274284 0.18305323663405879 0.2153411153451433
0 0.7762682414722077 0.6699156494855796 0.12622784200867015 0.10226245764913067
1 0.32856315770898115 0.1971578428931624 0.15665879465362353 0.08838176483072288
0 0.31198114441362723 0.3415436471478885 0.1731938472703421 0.10409766842151917
0 0.8107335177099797 0.7521196163080923 0.1801718893637169 0.11663402985783762
0 0.6499446050216755 0.2576014809658646 0.11052724729857691 0.074055644417414
0 0.6428076682323248 0.20211000506816554 0.1467377630835925 0.07895222267624522
0 0.3204559841443973 0.07137204771362259 0.13065773677523324 0.07104881908544905
1 0.3085699051487324 0.1220669393023662 0.15280575256024873 0.07586358411256368