1 0.44451073628112303 0.6474874517334028 0.09506884727034208 0.11564191809068163
1 0.24548097305635624 0.6892525946844795 0.10995039462538865 0.13168077357868418
1 0.5500481047393267 0.6235770104747542 0.10195588410204497 0.1274577983075716
1 0.37625355994452897 0.6595904718205021 0.10195588410204497 0.12745779830757176
1 0.7081644416274995 0.5977578010596705 0.07871580517696727 0.10094596754845675
1 0.3108938704537552 0.6682264320160464 0.10415542093374786 0.13861489336179425
0 0.5055847441736308 0.6583954088480797 0.07853379465362362 0.09782096754845693
1 0.8015658311323905 0.5783405993672421 0.08027830517696728 0.10116556260267942
1 0.16619529145809026 0.6982559493920214 0.10866091041040424 0.13614867852446172
1 0.7539018758566014 0.584814402686345 0.08027830517696728 0.10116556260267942
1 0.6084675494917724 0.6155153725352088 0.08551183674699843 0.1111993477653467
1 0.8521727758848362 0.5691809861565842 0.10012036831702957 0.12255070325334927
1 0.057003031005333736 0.6061993307591148 0.03912268415851472 0.05973818624711722
1 0.6568217495058898 0.6075888667432171 0.08009629465362345 0.09804056260267942
1 0.08297399680446671 0.5997761966808971 0.055020699943530274 0.06662163678934192
1 0.17821090209437346 0.5852660900426913 0.0613617052052021 0.06906251700623205
1 0.12245372575777932 0.5991258705635705 0.056765210466873973 0.06996623184356458
0 0.9104403021931955 0.5851185031628162 0.053276189420186526 0.06327704173511961