1 0.5133332240319314 0.477981922196573 0.12898188445215303 0.10257677879370349
1 0.49865437546920344 0.4041247571635638 0.12828649330403047 0.11025257775694416
1 0.49013881602128767 0.33159564627759164 0.1359255715336552 0.10937358294074055
1 0.44427708157760926 0.0909323985866658 0.13644583684478154 0.11406108294074051
1 0.5291384620687898 0.5345832367112026 0.12360069737065124 0.09591667568342573
1 0.5387812630241461 0.5969560975971747 0.13575214976327957 0.10781108294074038
1 0.462429477747709 0.17613716672995278 0.13332083684478152 0.11378768086722198
1 0.47841154568818406 0.2595743833181009 0.12290530622252867 0.1035924746466664
1 0.3802929686421616 0.738490903770462 0.10120372799290411 0.10324116013203692
0 0.40920328229624525 0.051577372667684404 0.09721843540750949 0.039452062205555374
1 0.5567627935238014 0.7050221672956006 0.10832254091140214 0.09767466531583331
1 0.37724530716093546 0.6593406459947676 0.1340145239262835 0.12003768086722211
1 0.5738797712715104 0.8421995385491654 0.09599766674839838 0.0842177580585183
0 0.5193460962757477 0.67256169033986 0.08644924497802293 0.08183505183796277
1 0.34494540417226877 0.5878860195574067 0.09512885382990036 0.09033105702175917
1 0.3306125471169813 0.5038042540060178 0.10033491507440609 0.1093544590952776
1 0.40643128658263683 0.8228166770975454 0.09790530622252866 0.1014052580585183
1 0.5713557832346521 0.7867601828469895 0.08297910550389265 0.06451085080120364
1 0.5679672424458474 0.7604321286999525 0.07863844904464372 0.06722574769092589
0 0.5439268299036168 0.0744078628657397 0.0683963401927663 0.058593041470370255
0 0.5546084574146054 0.11320652271495261 0.05468238780013799 0.046561933176296214
0 0.622139392822115 0.08756126522208214 0.05884621435577007 0.07013613421305545
1 0.6388142958107818 0.15764888129185062 0.07290701028914945 0.0852922425071295
0 0.5623421113416789 0.9035081854388876 0.07690082320764731 0.07945234561740726
1 0.4252782218675487 0.908871045759212 0.1152645239262835 0.11839726842611106
1 0.4372664768895258 0.9673849364752541 0.11960688445215321 0.06523012704949167