1 0.42912624631873575 0.5109540258921392 0.12571471126195988 0.09207903663473135
1 0.3521474835499684 0.0679299649471483 0.17851753290006317 0.1072813127540132
1 0.37065394187848266 0.15842549016191895 0.17241047515245517 0.12405937697836444
1 0.3913551589784195 0.2584597896869491 0.15414979167148585 0.09667800542706698
1 0.463479283590053 0.687093802011421 0.11148507310482607 0.10532266508343398
1 0.4094619188426556 0.33715467774659 0.14289011330958895 0.10852290818602892
1 0.41237315601605945 0.9581925771704208 0.09976027412864066 0.08361484565915837
1 0.3929958296327928 0.8671630823145744 0.07490321638103267 0.12827548620519025
0 0.4313655810995156 0.7812189382620396 0.041531045323835517 0.04259029172311415
0 0.3647827942021077 0.44711285391130035 0.060101809214330795 0.07309666327441153
0 0.39074439689964197 0.5811912827895441 0.049176407166701706 0.056980340343632994
0 0.413622225842445 0.6672040258921392 0.04185322368573234 0.03017217887824373
1 0.4492787737258169 0.6086036318396045 0.10555725146672276 0.09257700361804452
1 0.4653227357066811 0.7476594877870697 0.0996536257333613 0.04874511646291495
1 0.4070054714711909 0.39356845205684954 0.13495886696193882 0.05992163387576941