1 0.3020757264020255 0.28821590299003386 0.29241546785409567 0.23723439389073525
1 0.9457285443347889 0.8237650300710605 0.10854291133042224 0.35246993985787894
1 0.23493001450648127 0.531076426587302 0.3785674942203424 0.3527778531746041
0 0.5047292881044557 0.27950793876891966 0.13574985660945096 0.11562260487264701
1 0.8962293597997302 0.5706659739294965 0.20754128040053957 0.26495887569213783
0 0.6070417642060308 0.3038849799464762 0.13378518685265545 0.11239747532299767
0 0.7952508183834388 0.4538616008582522 0.09755424391989216 0.08373225478036198
0 0.8015946400787133 0.4008064520302714 0.13213032879829 0.08749760487264706
0 0.2531878165165175 0.7933563810908087 0.342692542017192 0.3148377621816175
0 0.2478561399571567 0.9084609469453676 0.2809536297854187 0.14817189389073526
0 0.7798567135193525 0.5148596576135123 0.10742377173105329 0.11225777297895938
0 0.8788319930758783 0.7180032464470305 0.18794542150216031 0.18405123226282818
0 0.9651447798569762 0.9776462476836482 0.06971044028604752 0.044707504632703635