1 0.2062588478047417 0.679282647031965 0.2966353672445611 0.2715711765148686
1 0.18192231968297917 0.545195931348473 0.26327490363849115 0.22168122552963715
0 0.8760682719165095 0.38452502437780955 0.12904114474715095 0.13839343139166455
0 0.2620487371752092 0.8638227205541176 0.25099322745980873 0.2245377451355445
0 0.41046458085063087 0.21675193621292857 0.09626287799792803 0.10100348040643307
0 0.678459063687123 0.29627009793698356 0.08169095574818712 0.08800612746307887
1 0.6054667117440431 0.1645909312806006 0.07195208271265763 0.07882039216750938
1 0.9243066029765373 0.45059899495660805 0.1513867940469254 0.24727985296803504
1 0.6881315084770554 0.11551306362047542 0.1447389193542568 0.1422446568842804
0 0.2667210430089587 0.3392760783927784 0.11181510339082212 0.10172970589904881
0 0.2766440066150285 0.3834442156464705 0.12758565260503385 0.10714343139166456
0 0.4901863141014079 0.1720380636513265 0.10763702564056317 0.11198058825126411