1 0.6936425218387745 0.23046698285997863 0.28254783735408856 0.3237090533763539
1 0.3198134966732446 0.9696851736167333 0.4107100133110607 0.060629652766533225
1 0.39254852953429464 0.21241801354550033 0.40240294093141077 0.3804945285288091
0 0.7750236416393308 0.4482795760671861 0.13798204201316153 0.15146571638103262
1 0.600440435109084 0.8961563806799366 0.29721359941736336 0.20768723864012664
0 0.7841254983366224 0.5619363286267225 0.13314867637256428 0.14943809576674383
0 0.68043320070792 0.7858279678766699 0.09996040099822849 0.10899233187624854
0 0.743589596090608 0.7849983260671861 0.10673204201316153 0.1483649122857745
0 0.13929119821133884 0.2437186385310431 0.2785823964226777 0.3968122770620862
0 0.026384512063275002 0.2522420339928767 0.052769024126550004 0.32948406798575336
0 0.6070686335282187 0.7777598282528132 0.13193972920121516 0.1199056359715069
0 0.4123779835699799 0.9035194408001264 0.21623310815287322 0.19296111839974728