1 0.46503250836996185 0.13893474867985178 0.22618498326007633 0.2557739415410805
1 0.5886485423401994 0.18328780542291162 0.18052563971932542 0.25133048244902273
0 0.23186824914181686 0.813249123910961 0.1218613674670344 0.1156824874635877
0 0.27839620908859775 0.09745062767188467 0.18070758182280444 0.18280780298213617
0 0.6884310113501538 0.5412403609123302 0.08922569737065125 0.08825616943775678
0 0.4396671166088513 0.706432137238796 0.07672740143727204 0.07387542069139794
1 0.5939219142162229 0.7218933158477528 0.07117279258539462 0.06592652837152997
1 0.117810861341679 0.8522541364473734 0.22497443900068945 0.21680236975432585
1 0.5751829906492574 0.8130495132613282 0.1222065069411645 0.13282452335696499
0 0.692662804058146 0.3618794698461034 0.08644583684478153 0.10530727711788863
0 0.650560310876713 0.3457627248606684 0.08679097631891182 0.122449313011266
0 0.6686498530943148 0.6276635942192827 0.09807872799290411 0.09785848997087002