1 0.47925277481650286 0.5725433011069099 0.12773120181924558 0.09865658525525038
1 0.4903401321362664 0.5026402368825587 0.11799232878371627 0.09035276232447184
1 0.4556910345364125 0.809388203865872 0.12446065260503385 0.09536781094499096
1 0.44399790157608576 0.9619179030976461 0.13114730024766902 0.07616419380470774
1 0.47732209367542167 0.6476251882620396 0.11977315260503385 0.0951221494796016
1 0.4933602783311596 0.4377964868825586 0.09582623035529281 0.08295634215265543
1 0.5040837626153938 0.3757059226582074 0.10371150496239885 0.08492827792830404
1 0.46200100062368177 0.7243547845985665 0.11501287799792799 0.0933139880142125
1 0.5079943207209456 0.3085593662357723 0.09746150496239867 0.0846007293077852
1 0.3066776840410745 0.9934882680344522 0.06969606989237613 0.013023463931095592
1 0.3145843833791207 0.9468771585247133 0.07122433664159918 0.056728034825709275
1 0.52496780500518 0.24679635063194003 0.09866013192686936 0.07687011646291486
1 0.4495630049669079 0.8905153731331772 0.14520980024766902 0.10580734396167771
1 0.6721081705971111 0.3664990982570908 0.10251287799792799 0.09265889077317438
1 0.32081942080650816 0.8970818764125376 0.06490156203449331 0.054837986205190245
1 0.6732661021524771 0.44252600972248 0.08830482878371626 0.08879690637700652
1 0.7064939408609908 0.1999224298942966 0.08830482878371626 0.08879690637700662
1 0.6645695366033271 0.6292447597224801 0.09989730024766903 0.10343261646291495
1 0.6851068225829724 0.5245948812737776 0.09637419396136267 0.1281869549975255
1 0.24212718652227389 0.9556103493887445 0.05916098428423435 0.06544793758467123
1 0.5296061091817904 0.16402479420950491 0.09419095574818712 0.0813119549975256
1 0.2548327018237548 0.8677794787419583 0.06413958271265771 0.07194359905006031
1 0.6802717351128038 0.2752975661449152 0.08674232878371627 0.08871501922187681
1 0.6596401339982932 0.7182663161449152 0.09030397642635143 0.09825379353213641
0 0.34493116294862525 0.867019240161919 0.04593323821317572 0.049167840343633175
0 0.3448241550907424 0.8356873530067892 0.04956766046291676 0.06026911465389269