1 0.5006586576159273 0.47141155208852564 0.1317061081991266 0.10118583693238996
1 0.4881037801101618 0.39781976412116177 0.13124158347023923 0.10887993776222675
1 0.4816891050772849 0.32548282283445 0.13883448841601656 0.10790943361304191
1 0.4427533632106579 0.0856614610069509 0.13949327357868416 0.11259693361304193
1 0.5148478307181403 0.5277566404708078 0.12614022798223684 0.09458063942190087
1 0.5226898736034634 0.5899373317575197 0.13861489336179425 0.1063469336130419
1 0.4584585753368661 0.17054594648480384 0.1363682735786842 0.11236013527271589
1 0.47203963251729686 0.2536903332074122 0.12567570325334926 0.10227474025173774
1 0.3596535107625485 0.733128456857766 0.10402029830757158 0.1021796518694554
0 0.40874154945777513 0.04676398175287531 0.09814190108444976 0.038353950209781426
1 0.5375547074434456 0.6976556659906171 0.11095441809068163 0.09652164772027057
1 0.35891451347367276 0.6541154630815433 0.13724665379557416 0.11861013527271584
1 0.5507007827803116 0.8344578489789592 0.09826015765690173 0.08319285352912935
0 0.5009922159465615 0.6656710375663785 0.08866556260267941 0.08091995850815117
1 0.328623148332351 0.5831275342423863 0.09757603787379185 0.08932445435896633
1 0.3167143886790315 0.4993202966899409 0.10333617852446161 0.10831125269929238
1 0.38339081794297913 0.817042438186434 0.10067570325334918 0.10038035352912936
1 0.5497928596780988 0.7791191535430626 0.08468751700623205 0.06361405933798814
1 0.5471661780727698 0.7528643068624105 0.08043920711467703 0.06638386182749904
0 0.5431418840782177 0.0680022095570584 0.06996623184356458 0.057860966806520954
0 0.552715352776878 0.1066270016736071 0.05592906646400699 0.045976273445216785
0 0.6211697538613278 0.08023136765029111 0.06078549227734449 0.06953217261537978
1 0.6358361190026496 0.15003530478781796 0.07526184776534688 0.08454186597668398
0 0.5373392781385234 0.89582140146847 0.07907096754845692 0.07864706348717335
1 0.3997674825420761 0.9027673732493685 0.11849665379557414 0.11718934523075966
1 0.4095394199393968 0.9645344207528911 0.12233110819912678 0.07093115849421779