1 0.43233982740975774 0.8787556761473553 0.08960932028847228 0.09930725146672295
1 0.49694392201517423 0.6938089071377874 0.10981271751493064 0.0966352741286407
1 0.5178006294621186 0.6478883442711066 0.13186955547083343 0.10661833699532135
1 0.41962292828343833 0.9379635379902215 0.07605466014423605 0.05275442982861946
1 0.449544204784584 0.8104889436902004 0.07503767401194458 0.07603688962385675
1 0.3855382158025008 0.9202031523926241 0.06551720364722229 0.06885664839527905
1 0.7586145466371181 0.08587240312598539 0.2374675516711111 0.17174480625197078
1 0.54249019851632 0.5647839107901372 0.1581787887533334 0.16534898027152778
1 0.6239538315907295 0.3303979294257958 0.22344141926229177 0.223268128666807
1 0.6882319242962849 0.1987312006209908 0.2139936840799308 0.21921288743822961
1 0.5839672240675352 0.4627865350567758 0.16766289152687505 0.1709667215001053