1 0.41684106178124447 0.47919818885244114 0.12469598455468893 0.14116886356061792
1 0.030031578992835213 0.7186128225874461 0.060063157985670426 0.19633598252898032
1 0.07786308846128316 0.6672048764560866 0.15572617692256632 0.19310713893495368
1 0.16876670551278167 0.609525919301442 0.13802369553069363 0.17016905740420185
1 0.5887456471821475 0.3806532106912156 0.13387672412090906 0.12968992304479912
1 0.24546012939545508 0.5630452826542639 0.14608112520535874 0.1616692512477858
1 0.8792946433208197 0.3211472984619058 0.13858955874135148 0.11933588560718836
1 0.7762836491128114 0.379336785358641 0.14645272798223666 0.09848194509136973
0 0.6858529095465913 0.375442858153883 0.053243256572452144 0.049688469217919626
0 0.3594381664887864 0.563969975250062 0.08891049227734449 0.07306414767046335
0 0.4909880161847971 0.4892382724631723 0.06996623184356458 0.0589596256238929
0 0.5741383678114718 0.43521585607390356 0.040523661518229656 0.04695904409314107
1 0.5118199609350305 0.4233005301586924 0.12049834390401912 0.12227299792002047
1 0.6493030853599286 0.3557249319891147 0.07521117852446153 0.10725125998329546
1 0.3021239848834575 0.5438774852333575 0.09588686477157884 0.1446474163892688