1 0.5818186759782185 0.811745441077384 0.08675712523071262 0.09783887256160213
1 0.561021721936137 0.6290517646118772 0.10969397748246604 0.09345946080052556
1 0.5602695527500906 0.580405195985031 0.13186936613141392 0.10135117649018781
1 0.5968138178663688 0.867592720486245 0.07760336829088246 0.05161088236455598
1 0.5681054318383145 0.7479712253938923 0.07275518198597286 0.07257039216750946
1 0.5563890769656675 0.8704184067670461 0.0646422933370248 0.06673852942120177
1 0.5265939759413065 0.04187289212431784 0.23118704811738694 0.08374578424863569
1 0.5468264188815046 0.5003391665761701 0.15422402991878953 0.16034764708132662
1 0.520689925203026 0.2681230391316019 0.21972791640826922 0.21637754905178977
1 0.5227704642211142 0.12696546560327895 0.2085901573089707 0.21165044120695872
1 0.5411352282576585 0.3959201469702627 0.16379928901808824 0.16484588237689612