1 0.3282300192668369 0.48964413935036716 0.09949519780928666 0.1465233105039836
1 0.7531283823572451 0.398013198138491 0.08121655925034225 0.10852320533113406
1 0.8766304153476285 0.5337497728282395 0.11650084138279589 0.14077341567683313
1 0.9567391156641978 0.41410251405275095 0.06697220282385175 0.10186402837152997
1 0.822963509237707 0.41646533293651167 0.0744209899708701 0.08959134890464338
1 0.7674372717741194 0.5243172853646519 0.09122805674305975 0.13067098997087018
1 0.8949521695042637 0.4146504318411551 0.08604045157021041 0.11334709765100204
1 0.5501959474800822 0.4929750424907879 0.08792120031656907 0.12433006175762476
1 0.6783557028903586 0.38801842102060236 0.08305184389007839 0.11794366943775669
1 0.2024715013201482 0.4852030287672413 0.10110316191590932 0.14813127461060632
1 0.24381321832976477 0.35426291732618564 0.07616534639736088 0.095886813011266
1 0.6931179187128409 0.7137231146732539 0.09942098997087001 0.0903187746106063
0 0.6533914921489481 0.5741688696878189 0.12340405925034226 0.10975073620994635
0 0.4338291499082224 0.5419771806540208 0.13411423871722886 0.10225648495630538
0 0.5452738006078677 0.7696284707040333 0.15037573620994635 0.12458612602253219
0 0.5895288836108865 0.40419969899642083 0.0961141335443795 0.08397784639736088
0 0.534750455397641 0.4057334552646271 0.06651756175762476 0.08623902837152993
0 0.30496366699698124 0.3755899995377816 0.06463681301126609 0.07525606426490725