1 0.5022381691088901 0.31018856079163903 0.17107609016268804 0.13918243217453838
1 0.5363864310127469 0.21644071484441496 0.1585397287263694 0.13235023531769158
1 0.5682727561483201 0.10852120698653209 0.1664158612399266 0.14365160835322088
1 0.4378342597625574 0.5002099392038518 0.1585397287263694 0.13235023531769166
1 0.4169036153451433 0.6055138693114757 0.15851245764913063 0.12766273531769165
1 0.46808990720503346 0.40393640673886305 0.14441359621281205 0.12075776385373889
1 0.4122540394240032 0.1958113835794993 0.12716246369925482 0.10901974317557447
1 0.7139023769544124 0.3294245200544827 0.1178147347764936 0.1132705955329393
1 0.28184735929501914 0.582031365796819 0.10992042154477702 0.09884422249741007
1 0.47335568676828343 0.03611320595307479 0.10641362646343318 0.0330736732831983
1 0.6974728801758663 0.4669780239834241 0.1946317648307229 0.16058655128112634
1 0.38184229323463226 0.7218815779551468 0.1632181383672898 0.13100605913900906
1 0.25019283831597616 0.6501071236547018 0.11619769262201593 0.10382282092583353
0 0.4125353196746242 0.2817852708830522 0.07859769867214013 0.0848887303552929
1 0.45361081332991243 0.07192227336425157 0.12090337334017516 0.10716614474715103
1 0.667834856269957 0.5914129437519657 0.2007908612399268 0.1452526497095498
1 0.32317686212368957 0.46282975558157136 0.11785109621281205 0.11952059553293921
0 0.39419386495235986 0.34501086290133487 0.07386474687674198 0.07685790653397531
1 0.2507165757247484 0.29144059904759595 0.1132181383672898 0.1286772717116218
0 0.31967915740142516 0.5267467063673597 0.10988406010845857 0.09259422249741008
0 0.37752853971859085 0.3887779795267233 0.07382838544042354 0.07060790653397522
1 0.354473876561629 0.05323858581302963 0.11605224687674198 0.07882282092583344
1 0.3538485825604395 0.8323267723307943 0.15858518052176757 0.14016273531769166
0 0.2418940041052166 0.7333370006191725 0.10994769262201594 0.10353172249741008
1 0.29996766286237425 0.15385286186787756 0.117996541958086 0.1445205955329393