1 0.6030242631646772 0.8069204620744379 0.17403806956195353 0.14162749711017134
1 0.5881419443590282 0.9041052737768684 0.16110102698730663 0.13376881808298863
1 0.5777121787716879 0.971499713218902 0.16880426634364482 0.05700057356219581
1 0.6286641294886517 0.608923126473583 0.16099176634364482 0.13220631808298844
1 0.6287191237886685 0.4989910508655722 0.16233574505632137 0.1292824029613863
1 0.6178519516484953 0.7089544003720079 0.1463829631253361 0.12258405417740796
1 0.7162669443590282 0.9205942338054912 0.13166489926336594 0.11139929027182731
1 0.3885464999231254 0.7955769988555359 0.11949268119435104 0.11447811124464469
1 0.7678362541104994 0.5176688550429802 0.11225933540139543 0.09961127173105311
1 0.37620540102807665 0.6523066215379392 0.2003491972858944 0.16359485516453667
1 0.6395641526175606 0.37728586184554525 0.167132505699983 0.13144815759657985
1 0.7853026235365669 0.4463658357797488 0.12039961733238069 0.10530419612304236
0 0.6992108483139711 0.8316866396567063 0.07733803218308673 0.08737490440630076
1 0.698445295851967 0.9978365751860039 0.12108803218308672 0.004326849627992147
1 0.3811446372823218 0.5236476354435198 0.2067413089182919 0.1442877795565259
1 0.7510143768907616 0.6424759545494158 0.11836722376899793 0.12052702636624683
0 0.7039422709583473 0.7664868989270934 0.0735574683211162 0.07759773464950506
1 0.8575807231879203 0.8156796321316839 0.11299130891829172 0.13222268685265554
0 0.7416832995351379 0.5754664499142222 0.11338479282674854 0.09356235660945096
0 0.7116019516484953 0.7210194930758783 0.07322968639013112 0.07291023464950505
1 0.6462679846647612 0.2627899181903247 0.16153806956195355 0.14001881808298844
0 0.7776761578133407 0.359446000901351 0.11113387797604232 0.10566018685265544
1 0.8358746040139543 0.9425443569099012 0.11720891535490914 0.11491128618019744