1 0.4739049174591997 0.7079075910210016 0.1386653463973609 0.10087418249628843
1 0.39420567491454006 0.3007734424459111 0.10535274122451135 0.08196705223856364
1 0.5250046970178638 0.18869724558898587 0.13599498746358768 0.11633540818602892
1 0.41252508056224324 0.10142853968694912 0.09901181301126596 0.07851450361804461
1 0.4133481314993154 0.23448670115233838 0.08637542069139795 0.07317190637700657
1 0.5141915659807669 0.29141280981333717 0.12589256175762475 0.09084408525525038
1 0.4114423021907133 0.165531983264514 0.11013116943775678 0.0853377137039529
1 0.480065303906573 0.4961888410210015 0.1211141335443795 0.08747342378986112
1 0.3835660401165194 0.3706355630926975 0.11477320533113407 0.08402087516934209
1 0.46730191330256454 0.827275066710742 0.14179034639736088 0.10103795680654803
1 0.42500836018741445 0.04887674977285738 0.10935827962517113 0.058775213703952875
1 0.3434157839148203 0.7824428443003619 0.09267088479802066 0.07506195499752569
1 0.693441145289369 0.36966171980838836 0.08705738229073816 0.09660940637700666
0 0.5602732926238019 0.40180475519992437 0.10648934389007839 0.1210295522385636
0 0.5252975843896739 0.608883592830024 0.1005121285298145 0.13007700361804453
0 0.744059607746639 0.5123715202379296 0.11976223370266403 0.1482471494796016
0 0.3974944963055833 0.45665162822155986 0.07915395407749273 0.09307497060135787
0 0.3975566807870348 0.5082960153766896 0.08155152837152997 0.06823874491161738
0 0.36541045585985954 0.7256948773170487 0.07208560015828454 0.06462242198083885