1 0.43468275060090067 0.46305799141671394 0.1469807995422144 0.1495332947670729
1 0.33016506158087366 0.495099400350985 0.12722537515022517 0.13952923407785747
1 0.24339194816885748 0.5171367485960406 0.14582046929901002 0.1524756647096382
1 0.5588322320601266 0.4295149567645102 0.09840476246066618 0.10691965315890375
1 0.16256720743924452 0.5360998266113578 0.1527199029613863 0.17021105488194213
1 0.7523118786409546 0.38628238455646624 0.11367377173105328 0.11793832367581522
1 0.6130401093777234 0.4255579697830161 0.08686400782547263 0.10095374275686138
1 0.24094239862664316 0.3810267630504118 0.0793613195279029 0.07853085258455757
1 0.6644789774249331 0.41240861285895647 0.07920641367668786 0.08928572252712304
1 0.5044694488913146 0.444592073803439 0.12269278100144021 0.12822647396298836
1 0.11381989573681431 0.5640016185067 0.0981411297854187 0.1407467629865998
1 0.7005944727897395 0.4034293065092431 0.08742108343348357 0.09332387281429604
1 0.1467589549714226 0.4071022615826405 0.07447273464950506 0.0764204624122538
1 0.6831284349857342 0.4094358021697412 0.09054608343348355 0.09368913292916528
1 0.6341882227897395 0.41119108395021414 0.09976617758226833 0.10553978321633828
1 0.17984999277542799 0.39926946534779634 0.07936131952790286 0.07853085258455757
0 0.3881935515880294 0.5208299133694908 0.07820098928469851 0.08147322252712304
1 0.4649273262089114 0.45159289026802163 0.17747263905580576 0.15925326585833055
0 0.7997588593777232 0.40373367791957976 0.06746457416309645 0.08175731212508061
1 0.7751730069814589 0.6008927747287701 0.18392372393420367 0.16154628608806904
1 0.5465438311445553 0.7037438584875486 0.15389660197425742 0.11956170516911513
1 0.6208713079685877 0.6712661706445353 0.15001344148784881 0.12526381499681136
1 0.6968074638198027 0.6512884828015219 0.15217919612304237 0.13013394505424608
1 0.8527491157582816 0.5751723917996048 0.13927702636624667 0.1255479045947691
1 0.9329771882367914 0.5371853686981357 0.13404562352641705 0.10505277453733441
1 0.911520861123088 0.5635449496170895 0.1276900927038703 0.10726462425016141
1 0.9688141457975925 0.5289162863433164 0.062371708404814895 0.1047889739629884
1 0.9864581789664044 0.5011362502233416 0.02708364206719125 0.08908280344607675