1 0.0882986744015876 0.46989434348233755 0.08715774881887364 0.08017837939029952
1 0.27573667621568615 0.511781340751863 0.08016370435383653 0.1035704275949012
1 0.3223760632389947 0.5271381751590144 0.0856696598887993 0.12703519867214014
1 0.03107645144342961 0.46475739158874363 0.03225199400955022 0.0736102168225127
1 0.15737605661557272 0.4788693676828345 0.06490080290255769 0.06911361436318479
1 0.04385670443865449 0.4279568283570271 0.05988592068857253 0.05971134328594587
1 0.9142460715916971 0.6971258838882994 0.17150785681660566 0.22134880093507653
1 0.40729670026230325 0.5422722957687149 0.1425198606144388 0.14454995159900647
1 0.6443353979927178 0.5948104467272326 0.18996034500534212 0.2057510720123153
1 0.7796479046161398 0.6432519710259251 0.18807046279135697 0.19636698165323557
1 0.5106498787554241 0.5705831272490001 0.14597224282842375 0.15394313231716553