1 0.2464578121459958 0.46586032464988714 0.1488221143334803 0.17330056699689197
1 0.13560242482979712 0.47024607175440297 0.1910096143334803 0.17526548138875012
1 0.5195199075494521 0.4197129549241267 0.17596648014341482 0.13569355913900907
1 0.02478432904967257 0.48460828639393017 0.04956865809934514 0.19640842721213972
1 0.6757699075494521 0.412435494213541 0.06972119815896498 0.1012029350700225
1 0.40488261876284304 0.4304942512428543 0.18657081139265935 0.16261993217453857
1 0.07532418530798272 0.4816052568244256 0.14092514264190387 0.18692641935425694
1 0.29994878071143904 0.43771389991894677 0.13131088161382537 0.13983309553293927
1 0.7333502235446989 0.5007124361079891 0.09884098639568109 0.05280397642635144
0 0.5003265443157578 0.47658153908452655 0.06693408492527073 0.04509848428423417
0 0.7106024248297971 0.44346501633944746 0.06726253566047599 0.048223484284234355
0 0.5990924950509631 0.4688717388368575 0.05648926102807863 0.04927656203449331
1 0.6047981470712666 0.40718937614041045 0.14603500109978604 0.1171961162111037
1 0.8113109981770963 0.49863620575269624 0.14390478933650214 0.06734166542531561
1 0.9070317025883277 0.4755197293263448 0.08575912058574672 0.09106595574818713