1 0.7514560948297743 0.6033292601921013 0.14285311867597644 0.16537771381017502
1 0.3610129680559208 0.22035765463819262 0.3830566792633644 0.44071530927638525
1 0.5213713888204228 0.9206365611485687 0.1713081601678251 0.09046175790331609
0 0.6708456348717305 0.6297372063234608 0.0947223493799445 0.10348097587345002
1 0.5563837450256225 0.14822436096114844 0.17467364896967047 0.2964487219222969
0 0.5391606948344186 0.812761028078713 0.12784342531467222 0.15156492304479913
0 0.14847892448947958 0.3189453643928116 0.24775779668994086 0.40323368968362494
1 0.8054080437901557 0.5054530002088058 0.11285704274124848 0.11758549792002064
0 0.7248377471002149 0.1274540663485174 0.08485044191141178 0.11652241638926872
0 0.6731335371421713 0.15116349812882632 0.10262993776222676 0.1259394384358393
0 0.8089679838274677 0.3343901609825339 0.08894594606059662 0.10914751331106069
0 0.7925482332027679 0.24229660482611784 0.09327824855010754 0.10489761023285267