0 0.98125 0.40162019699203866 0.0375 0.1347354852353646
1 0.32890625 0.5270875371685098 0.3421875 0.2538753652727014
0 0.3125 0.3451915436280378 0.4140625 0.2916756703071501
0 0.2 0.7706725879219442 0.4 0.26634517584388834
1 0.23828125 0.6492632395163789 0.45 0.2746383228243744
1 0.39140625 0.19721959589411736 0.3921875 0.2871685122531874
0 0.6375 0.9133406852382528 0.19375 0.1733186295234944
0 0.4609375 0.9183889684586826 0.178125 0.16322206308263496
0 0.9078125 0.7409533092394498 0.1359375 0.13861144647819632
0 0.85390625 0.8383843304636134 0.146875 0.1447712755051776
0 0.44609375 0.11942499102902396 0.3265625 0.16270953809129945