1 0.5131098214575502 0.6419891587924911 0.10410848997087001 0.09104664065150558
1 0.4624636491167996 0.8505903432760615 0.11862563103709682 0.1071627139724833
1 0.5382582371343834 0.5302530506251231 0.11679034639736088 0.09773315027015243
1 0.49309518665952956 0.7116741762156862 0.11679034639736088 0.09773315027015243
1 0.5836115042231421 0.3691717068857252 0.09119931301126591 0.07654763103285873
1 0.47239023007475434 0.7782069117877158 0.1277733105039836 0.09967759618646851
0 0.5474226369760987 0.591572496541439 0.08802884890464338 0.0748760036281972
1 0.6075922249936824 0.2706895668671918 0.09280727711788864 0.07816469473518968
1 0.43594896173235426 0.9286508558899333 0.12322220282385157 0.10420140507947587
1 0.5929015876883792 0.3186632753973795 0.09280727711788864 0.07816469473518968
1 0.5563921231860451 0.471450969499597 0.10227320533113407 0.08161707694917482
1 0.6216152725655422 0.21878232648583862 0.11205738229073817 0.09600695916315986
1 0.3141588782671171 0.9752307008104573 0.0557331744523216 0.03784722958157971
1 0.570346974597971 0.4218874791182438 0.08963681301126591 0.07649306733052792
1 0.3196874642396367 0.94648814191745 0.05926735141192578 0.052018856986241604
1 0.34906873885024287 0.8505407248570744 0.061011707838416564 0.05832342068857273
1 0.3355996207452697 0.9102877470895931 0.06404577962517113 0.05530754809323426
0 0.6596752137109112 0.17397082349061374 0.056142351411925875 0.05190972958157998