1 0.46142127716673575 0.39778722296458713 0.11279224715020852 0.09134750109978595
1 0.4801141129384371 0.5368051281110239 0.10657861474138901 0.09225309962937552
1 0.4699773531547914 0.4676046878540042 0.10654224715020852 0.0906905996293755
1 0.43607905110243045 0.2416240536639387 0.11929682028847229 0.10294190257019649
1 0.4990991958603468 0.5959713078898579 0.10479790919430557 0.08271387426177287
1 0.44443510533899283 0.32003526855335573 0.10665134992375017 0.09537809962937552
1 0.5109621098043051 0.6583047235144801 0.10799564437666671 0.08616732499697814
1 0.42161846723059015 0.1563059373041112 0.12245818787965294 0.10483285330540167
0 0.4938824061570827 0.719162469838454 0.06860583605604162 0.06799919080691268
0 0.3818123912425347 0.08320396506264177 0.10799564437666671 0.08616732499697813
1 0.5342145057964924 0.836959917447526 0.08125130642076392 0.07556299374773338
1 0.5289237805852083 0.088484899617288 0.06682513050895836 0.05845996543931
1 0.5288743487863883 0.7635646532933141 0.08444904160312508 0.07901644448293883
1 0.5169874782485069 0.06295234667646706 0.05352504350298624 0.022771162498489074
1 0.37948998499492986 0.855939968738668 0.06718880642076393 0.07408496543931023
1 0.3502051413394439 0.700928736019013 0.10523432028847228 0.10146387426177288
1 0.5943851264248957 0.102413615056598 0.04680357123840295 0.06882503566047599
1 0.3547276807583674 0.7758043874894234 0.07369337955902786 0.0856793669097204
1 0.5446603901051729 0.8928791077045457 0.08288654160312507 0.0788522191153362
0 0.5293795758006242 0.9437448293961221 0.058758057370694415 0.046701338601297236
1 0.2844574272429857 0.4637689817930937 0.08946384992375007 0.09357162058574672
1 0.3021884814795482 0.5431655488881265 0.09436955547083344 0.10343929668855445
1 0.31901099914697867 0.627948753299358 0.09415134992375007 0.09406429668855446
1 0.39258809061826316 0.9325001097308927 0.09153549620027786 0.11561084595334918
1 0.40417824762836724 0.9858036022922281 0.07176720364722229 0.028392795415543758
0 0.521346363507118 0.1448592481468775 0.04818423328249999 0.061176761028078584
0 0.5257604533628818 0.1907465369334867 0.04934668977951393 0.044153486395681174