1 0.589465291723114 0.0854572048705853 0.19455558344622811 0.09056058243141332
1 0.5910963907731743 0.14626715911295074 0.20818871551297527 0.17257585697722053
1 0.5816339388278665 0.3516403142637018 0.16699050542706678 0.1583221672787226
1 0.5481419239014028 0.810983621231224 0.1458591338757694 0.14103907242947358
1 0.5762602798488681 0.8428393991110111 0.07358798620519007 0.0682395590935542
1 0.5531392831282285 0.7133751686558485 0.1449583751693421 0.12385157242947357
1 0.5785443176152533 0.559867402444991 0.15876192559888339 0.17943189273291543
1 0.582725048054692 0.2537129972942399 0.1884560696514182 0.15229530788560613
1 0.5382147252354553 0.8887419594125131 0.12103619629109837 0.08300343182258985
1 0.5734772800760106 0.4186524710814428 0.17801653663473155 0.13121753333979885
0 0.5116600327895442 0.48595179926079235 0.07317190637700666 0.08998701333591956
0 0.5158606111473896 0.640320434866706 0.058536196291098366 0.07790160151720862