1 0.2516132323958473 0.492968865796819 0.10517880891829187 0.12326202564056317
1 0.08931532818880297 0.4713014193542569 0.11499085149293879 0.12994867328319834
1 0.7520941976148705 0.5766313138920109 0.08300887797604233 0.09575345574818712
1 0.46007594241909044 0.5269758004525568 0.10194454827463009 0.12155397642635143
1 0.17347180690147948 0.4783562481379732 0.1139746547112475 0.13768839867609248
1 0.6995155008331793 0.5663444772504118 0.08111859604505725 0.09099318114108108
1 0.8046728943965619 0.5869181505336101 0.09136768119435104 0.10392982878371626
1 0.32439516853387695 0.5057642723307942 0.09972648441265974 0.11210620181924558
1 0.03359983179509919 0.4467144882131757 0.06719966359019838 0.13405397642635145
1 0.39439631209725956 0.5247005169541108 0.10285148441265975 0.1122517510334573
1 0.6358354130859952 0.5578919683590715 0.08111859604505725 0.09099318114108108
1 0.586780554051488 0.5532558182352372 0.07275979282674853 0.08281680810555195
1 0.5193581072697966 0.5422776228261323 0.09471120248167449 0.10720037799792799
1 0.052508732900050446 0.3363420684446341 0.06418246832111633 0.07151543507002263
1 0.8587430353620544 0.5870851244787622 0.104851026987307 0.11857452564056317
1 0.7322848061451749 0.7254134162493757 0.08525979282674853 0.08339900496239867
1 0.6639718487198218 0.7159613335367181 0.09885239926336578 0.09960620181924558
1 0.5957299471106674 0.7167018881276132 0.08391581411407198 0.08645123035529281
1 0.09414992968174177 0.34611948283649224 0.057495425746469396 0.06497433664159917
1 0.815348678421234 0.748093245033092 0.11538433540139544 0.09103172249741007
1 0.5169329577543291 0.7114642704687675 0.09118201089576328 0.07900260339082213
1 0.43750218386911566 0.6928726282028158 0.09986859604505707 0.09186647642635144
1 0.04414421186482852 0.2654109842842343 0.05560514381548419 0.06021406203449331
1 0.13155137671553463 0.2820227495857152 0.0715579257464694 0.06562930810555186
1 0.8699651226050353 0.7404477189782441 0.09205609604505724 0.09150260339082213
1 0.3648459338691157 0.6894886089723935 0.08638525025210146 0.07722177956950453
0 0.11600315034864661 0.36986735194308007 0.0666519044591459 0.062285984284234354
0 0.14636263970498486 0.3728489567816443 0.06766810124083725 0.05454625889134013
0 0.023257729507418463 0.3496575516954111 0.046515459014836925 0.06177656203449331