1 0.6918476717848808 0.40277186381435814 0.1311260036281972 0.0963962521260319
1 0.36854156952314465 0.7540165309239029 0.3100893065307547 0.17955892273873425
1 0.6632613695152954 0.34637847154048473 0.16048612141421187 0.08944462152108805
0 0.3017335593563436 0.5581781303150798 0.19935021397248337 0.131568219704317
1 0.7153645281381504 0.46972011881532794 0.1657192584375206 0.10545225879399175
0 0.272036168789656 0.33167953213185086 0.15500001324684395 0.11080943849054989
0 0.5932637726110367 0.9149532572961796 0.134980179126093 0.1621487978836665
1 0.3314359283234848 0.649919091225405 0.28934029691210794 0.16540082788948532
1 0.28369537668687156 0.4689562625870135 0.2278571598887993 0.14480154334173853
0 0.7162300466576539 0.8896672463761561 0.16690479092165802 0.22066550724768783
0 0.7429463471979588 0.6670573754832878 0.11739088584218216 0.10462334030732094
1 0.27524550354337907 0.2622120550106682 0.1482043762235353 0.09467425546001174
0 0.2719245521847674 0.4021833507683027 0.1627033858421822 0.10832216727872254
0 0.7841864168907394 0.7425036566970548 0.169389895460829 0.12133235030926066
0 0.5855381627992061 0.28362363790112344 0.10401786660488846 0.07860297424624481
0 0.5724404512737935 0.23241195320359537 0.1368849303072192 0.08284393515657004
0 0.2543923449205241 0.14142132288851558 0.12411211179556511 0.07401106909549374
1 0.24871277459477126 0.19188370849442926 0.14469743030721938 0.0834816639447427