0 0.06412228288749551 0.1289432061685102 0.10552863221585058 0.08913641233702041
1 0.624742893213314 0.7038042532431156 0.28443418691736505 0.3759660308425509
0 0.46699027542916466 0.7840222183433748 0.3258703283611127 0.4319555633132504
0 0.8970321535684747 0.7288720316500346 0.2059356928630507 0.4526376249983525
1 0.7999381312170477 0.7372594557581779 0.3122884753415988 0.4902467191541538
1 0.27714652542916457 0.7850313392845374 0.32127299933413145 0.4296092280826073
0 0.8056484959759068 0.2354163120888438 0.28037808238520584 0.21845353977100473
0 0.9009987327619232 0.4109578287279353 0.19800253447615362 0.19688645697928914
0 0.4211837223163085 0.07749907751341459 0.15174244463261705 0.1429432508107789
0 0.5486927195479394 0.08673948416839213 0.15988543909587882 0.15711484496658024
0 0.17671086460683277 0.7684693563306659 0.16709653440014063 0.33806483603812654