1 0.240625 0.640355210505698 0.23125 0.2623331418516669
1 0.39453125 0.8449056617057711 0.3078125 0.28777409759985384
0 0.27890625 0.4010722326316044 0.1171875 0.13670809553293925
0 0.31484375 0.29861716666816973 0.128125 0.14346751778268024
0 0.51796875 0.2649377177444083 0.090625 0.08078342721213971
0 0.59296875 0.9028507866033271 0.2359375 0.15005146567298447
1 0.9234375 0.2523027072004383 0.153125 0.21025691149637407
0 0.71640625 0.32132034264196435 0.1859375 0.12272267824559702
0 0.45859375 0.24348440281443087 0.0921875 0.10116870181924557
0 0.4203125 0.16792363068852437 0.1390625 0.21272694003242135
0 0.28359375 0.5227289088102869 0.090625 0.06672092721213971
1 0.61328125 0.1463419410681332 0.275 0.2926838821362664
1 0.83125 0.18315890901968385 0.3375 0.35946931513486524