1 0.368008420036306 0.7769276276151394 0.24883272532260162 0.29890355758740694
1 0.6114441773763177 0.03246331107425966 0.38538835475263544 0.06492662214851933
1 0.6497040890096667 0.7632589409984734 0.36646057710948765 0.3963827332708327
0 0.26639554600629867 0.5921609398206948 0.12084569368794007 0.13824087672018487
1 0.36328786167271765 0.1236145743165743 0.2701983893530466 0.2472291486331486
0 0.2442247742574688 0.49060800174342634 0.11609452669174572 0.1362682736099071
0 0.3104387287826428 0.2684213519789821 0.08656885277546911 0.09943265494824054
0 0.25288089676742037 0.2797292903390745 0.09278436068413445 0.1373427580585183
0 0.8772442268054764 0.684423875635372 0.2455115463890472 0.40320007832259214
0 0.9804010603035737 0.6574328572092611 0.039197879392852644 0.34609304147037034
0 0.37996997878264277 0.26233815584319514 0.11657468775644109 0.10984247464666641
0 0.5421450321289532 0.10545529439157511 0.1916330375661605 0.1942557223375922