1 0.4379516951759686 0.47795145144342965 0.14405237884037322 0.11730160580511537
1 0.6320847718937335 0.9082466197697494 0.20350297355046648 0.14744546279135698
1 0.5894793139165211 0.8198636768486584 0.19954351564384112 0.1597817716843643
1 0.5418601322476679 0.7234772609694092 0.1758484104104042 0.1277678798517325
1 0.3570187555440205 0.30838050670824 0.13228042093374795 0.12936509618646852
1 0.5039498795462448 0.6485665410064761 0.16554794724210709 0.1383234339354164
1 0.3407846237198756 0.049476732661622856 0.1012586631118273 0.05187501324684392
1 0.3825934211455094 0.11121533002921768 0.10046897881213823 0.1454067584375205
0 0.36615010281436255 0.20536463411290168 0.04978716837349921 0.0516369110699257
0 0.519642039956649 0.5269916413692958 0.07522678413027997 0.08683036660488845
0 0.4590447161520689 0.39805562031790365 0.061634720990217676 0.0676438569862416
0 0.4128592318664972 0.3173760499921508 0.04749662628012441 0.03908234736759484
1 0.3925397556146077 0.3839906311176768 0.12512036831702938 0.11352184137714509
1 0.3401644554875508 0.24829617857793887 0.10998121572854584 0.06777283175849824
1 0.4916465715972674 0.5909896539831676 0.14848227360693614 0.0862698606144388