1 0.12511842944407067 0.4546590122710709 0.25023685888814134 0.2624430245421419
1 0.18132308457788185 0.34508743635585987 0.2662402329258297 0.21454696505796073
0 0.7313308921319708 0.8007450779941807 0.1314690852552504 0.1351067512477858
0 0.06601234509333144 0.6269703976704634 0.13202469018666288 0.2101907953409267
0 0.5584045629811558 0.3104180744586197 0.09841756784239593 0.09781443843583926
0 0.669811295229617 0.5814623257064054 0.08378185775648764 0.08556414767046334
1 0.7175980992772029 0.43361939954163714 0.07399742198083885 0.07687645382687944
1 0.7447615490748042 0.8973767377284242 0.24624863749381412 0.20524652454315168
1 0.8044463240624322 0.46920455823538576 0.14717597241038013 0.1381279076537588
0 0.381221265265148 0.275820641430525 0.11404256784239583 0.09927309484181243
0 0.3556956428093393 0.3134764068215652 0.12983134215265535 0.1038567512477857
0 0.6397430941888202 0.3462739534102777 0.10984639077317446 0.10821049792002047