1 0.677507796674159 0.25216581263875854 0.14269778896022595 0.12940592531467213
1 0.2563189947282895 0.6024099919021229 0.38678652840691896 0.346076897519778
1 0.948103120133679 0.4836713086900663 0.08710235389503396 0.1626435551888033
0 0.6909742329571668 0.32994727052220985 0.08732845048646745 0.08619945435896632
1 0.222146366480231 0.4146265719860354 0.2695057508107789 0.1530587580978771
0 0.8407815438347852 0.463715851431315 0.1315148271096728 0.114514631123531
0 0.3198245669699936 0.8082563275851129 0.3611398717519415 0.21773840996733257
1 0.5949913514626972 0.19678141824248033 0.1001011858759707 0.10277164772027052
0 0.22964304099211602 0.2533338744755464 0.10273526217486459 0.07488344606059653
0 0.2443680142067548 0.3037123827739162 0.11087504464226869 0.0942254419114116
0 0.43603909131642754 0.18463938359910875 0.09503185633066598 0.08054145020978147
0 0.3468947706995765 0.19607563629840113 0.09039890340856668 0.08331125269929238