1 0.7173082057933525 0.28391004626246036 0.16466555674305994 0.13843834361388013
1 0.17681828345260187 0.4598219902823925 0.32962061850068464 0.23322681677740942
1 0.724822840591373 0.21394799968623296 0.16310305674305994 0.13833821406423077
1 0.6121514120489234 0.831327661932449 0.19172816191590947 0.1573280459579184
1 0.6273110622863503 0.7407224483296436 0.1710064849563052 0.14196386181247736
1 0.7073816248353978 0.3560656485142137 0.16310305674305994 0.13833821406423077
1 0.2026797529695009 0.3511176187523077 0.2884955133278352 0.21343594848652714
1 0.1515994635130556 0.5703193992894061 0.3031989270261112 0.23272616902916282
1 0.47006554895851504 0.9068972493816911 0.22645015439406196 0.18620550123661772
1 0.2447201519532865 0.2512771074935407 0.261660228688099 0.20235874614248867
1 0.6731931782797524 0.5088506870708767 0.1837338054894186 0.150577398209672
1 0.6987447592377071 0.4376963803156165 0.19163723370266403 0.1542030459579186
1 0.3091643998417154 0.0808632803802149 0.22229620031656916 0.13589313695090494
1 0.14781640822149264 0.6998567049649321 0.2956328164429853 0.2403384099298643
1 0.2873599445105814 0.15773666100959838 0.22191576708875882 0.17641800740125563
0 0.292804366984346 0.8795803281146182 0.23503554420664755 0.24083934377076366
1 0.3392527166139051 0.04209067704872734 0.21836956677218974 0.05454300740125564