1 0.21247743992682153 0.5377898497288536 0.11718859468490825 0.13504768657189176
1 0.05930008529600171 0.6215113856368153 0.11860017059200342 0.14447722872636942
1 0.7121978186266837 0.29036786554153504 0.0918431493475449 0.10521474082661779
1 0.4199274079408209 0.43346492233034406 0.11560791335136286 0.13347609621281217
1 0.13392517858850359 0.5749631176828344 0.12672722668681727 0.1491647287263694
1 0.6580097579567292 0.31490023292978186 0.09022610534690863 0.10051815046753827
1 0.766385879296638 0.2658354981532883 0.10130905601527207 0.11308178298109554
1 0.2855518605983668 0.5014296480316514 0.11081132535009015 0.1240738251355733
1 0.36087003393541206 0.47364956079582965 0.11551700668363551 0.12566359621281223
1 0.5974807906190476 0.3472814617543472 0.0918067866804538 0.10208974082661779
1 0.5502785266152296 0.3756791725267357 0.08074201734563573 0.09108860831306043
1 0.48270921861077537 0.4088825579671592 0.1060692813494537 0.11935905405833439
1 0.8144421186346378 0.2311832422013599 0.11557155068427187 0.13035109621281207
1 0.7902308172740481 0.43209175722847454 0.09327838001272681 0.09428633118569749
1 0.7242058279360484 0.4668485523098186 0.10908519334818116 0.11000223477649378
1 0.6635314099300033 0.5117297811343838 0.09327838001272663 0.09428633118569749
1 0.005058027967865115 0.5069857982046019 0.01011605593573023 0.06727840359079629
1 0.8789029659452752 0.39798440194047624 0.12305678668045417 0.10227154800821019
1 0.589575741923958 0.5566882780111259 0.10105451734563572 0.09120678298109546
1 0.5071445025859582 0.5915405218628058 0.10901246801399936 0.1037522347764936
1 0.9231347712842297 0.3563236218862469 0.10116360534690827 0.10058178298109555
1 0.44023826591345855 0.6348956121236895 0.09476815467854482 0.08804542154477701
0 0.02453473396722878 0.5178096687161067 0.04906946793445756 0.07063066256778665
0 0.04182913259868495 0.5005039940480717 0.07574543467536324 0.06449883723582168