1 0.6085981662055584 0.6491591416629959 0.17762019780928676 0.149806570958725
1 0.638637355701575 0.743325803914048 0.16489287727617316 0.1415575613400783
1 0.6777787605578552 0.8465400839511149 0.174586126022532 0.15282244355406327
1 0.5454175192668369 0.46015369456555366 0.16489287727617316 0.14155756134007813
1 0.49901754387744307 0.3649974511889756 0.16475648495630538 0.13687006134007812
1 0.5793629587628534 0.5541839475607786 0.1504666644231918 0.12856648801910034
1 0.7467968481797275 0.6739904721555499 0.13296091567683313 0.117028787293461
1 0.43317696588898935 0.7770361489193901 0.12680184389007837 0.11993553248413776
1 0.6182054645688411 0.2921551735141614 0.11540970282385157 0.10392858656782167
1 0.8063667618114966 0.8529760785088193 0.11004024122451135 0.08032739546082901
1 0.36317200593900173 0.6616318929289403 0.20325669530200416 0.17255459019601868
1 0.4562199416075875 0.2533258304077358 0.16953491316955063 0.1401587524470707
1 0.6016150096334185 0.21859118794213167 0.12340405925034226 0.11045140507947586
0 0.6956040727111914 0.6094393880347988 0.08531302586424747 0.0888293762235353
1 0.7900119875966016 0.7981348110856241 0.12671091567683312 0.11681053248413757
1 0.3118943139357028 0.5463541225105203 0.20753501834240007 0.15865578130301117
1 0.656914960412206 0.4102132035512282 0.12537573620994635 0.12456846878180668
0 0.6723999049227873 0.5485936572720925 0.07879024122451135 0.07923612141421188
1 0.8160877204413358 0.4920658603599847 0.12404055674305994 0.13232640507947585
0 0.6217192579840658 0.3591517005560034 0.1152733105039836 0.09924108656782167
0 0.6580933640148452 0.5038267942954011 0.07865384890464319 0.07454862141421188
1 0.8954496453558759 0.7686977930294567 0.12757473370266403 0.14649803248413776
1 0.41241376880461844 0.1494939914776615 0.16663723370266403 0.14786212504240898
0 0.5583711264847505 0.1490797853097265 0.11715405925034225 0.11023315027015249
1 0.8596749328986059 0.6302454174388936 0.13074519780928676 0.1481696598887993