1 0.5586107956374218 0.5254788064942213 0.10418922412090907 0.11925906010845858
1 0.13770288954144083 0.6354380511314682 0.12081086091025103 0.17087610226293642
1 0.2215795711467698 0.6101658612399268 0.14158788563913857 0.16319086729005078
1 0.3167358126436538 0.5818368490414825 0.11282943509691376 0.1474113311856975
1 0.7268033489565247 0.47805942671113855 0.1160557735786842 0.10371587334017515
1 0.3914570893032053 0.5580726169954634 0.12201017466313387 0.13497496369925485
1 0.977373377916483 0.5070621672431688 0.04525324416703391 0.0912613251355733
1 0.9158489733814228 0.5345826583643742 0.13556589722312182 0.06479881908544911
0 0.8247383222969733 0.5028281434354553 0.045895281301339706 0.03773634933607006
0 0.5073354780232112 0.5938742824901162 0.07956082689778707 0.05510565651766246
0 0.6349874942489828 0.5579282130118838 0.06105575657245197 0.04563066256778647
0 0.7151901882187556 0.5287315924021831 0.03361487635556202 0.039226126463433174
1 0.6515330846614169 0.4979174087571575 0.10289698841601655 0.0989556504675381
1 0.7859714212125235 0.4713781555357038 0.05870779830757158 0.09557612041330898
1 0.4473776967218715 0.5560561199223295 0.07313348455468897 0.13156816256778647