1 0.6053703583532208 0.13803972207800969 0.28748299917143055 0.27607944415601937
1 0.5358886515670674 0.8952204234208342 0.3838741939613627 0.15651915089573976
1 0.32772054735218487 0.20261786060314826 0.4176499962759463 0.40523572120629653
0 0.7452976532242064 0.27131686583342735 0.13779971463952717 0.15210788708777753
1 0.7534142917661044 0.7655842756826402 0.3059419007430071 0.32087559387398096
0 0.7889085661683225 0.3655555899144459 0.13452916542531526 0.148709485014259
0 0.7705182468951188 0.5938658090944922 0.10004284946188076 0.10990126324231468
0 0.8251864762169545 0.5718254222895386 0.11250861621110389 0.14367067049962934
0 0.1393194809744654 0.31335101757763917 0.26757722166884046 0.43267296484472173
0 0.04373730727698235 0.36642608237509267 0.06884431513486519 0.3421478352498147
0 0.7032408556626246 0.6146560541935198 0.1287500463187275 0.12486188190398124
0 0.5769802243549276 0.8006310933548159 0.2140026497095498 0.21790783581546264