1 0.32732923216832177 0.4837237560470887 0.09214769072219058 0.115080654678545
1 0.4630611437273087 0.5095333727323151 0.09351918973360754 0.11041133601209019
1 0.3955698961987667 0.4970237347230883 0.09195668973360745 0.110393154678545
1 0.1743461536131405 0.4592766446928624 0.10340352570316255 0.12302042401336308
1 0.5224679772254059 0.509443013407042 0.08408052273741298 0.10873974801081765
1 0.2502719836511965 0.4757925300365892 0.09664418973360736 0.11044769867918128
1 0.5847133092406284 0.5164202667488599 0.08726918973360735 0.11033861067790873
1 0.09044865608459843 0.4465761026814084 0.10665585969555132 0.126181786680454
0 0.6371552183281575 0.5529850227561777 0.06849001482874754 0.07107611600890866
0 0.026879540494729105 0.46212783000477253 0.05375908098945821 0.11175566000954511
1 0.7591893858186434 0.5504969167727223 0.07687551779449713 0.08522952267663583
1 0.05494884927824695 0.3203221380092268 0.057488847832553217 0.06938634667409058
1 0.6880147227767817 0.532473075429632 0.07856535178688588 0.08837270401018138
1 0.02360334878395535 0.32230226133831796 0.0334783448668037 0.055051126670908876
1 0.735603352701107 0.7073281721037226 0.07474001482874755 0.07114884134309048
1 0.5816798566554396 0.6867782200827235 0.10126802273741298 0.10893974267981754
1 0.08549319513363382 0.26127440201304486 0.06766234387822052 0.05076361600890866
1 0.653572102701107 0.7063736520925866 0.08593218281352506 0.07752611067790856
1 0.8143716343357685 0.5581736041135856 0.0785016847906916 0.08681020401018139
0 0.857661377909978 0.5891605221196309 0.047795512851581276 0.061464758672817865
1 0.34212260813831447 0.6769561353834976 0.09444501977166349 0.09480451734563573
1 0.42155544015353685 0.6841333833943153 0.10401102076024671 0.09960110534690862
1 0.5055484381763705 0.6944901754057694 0.09463602076024671 0.09949201734563573
1 0.8109707672258434 0.7183662167806766 0.11488485376405241 0.09816587468172652
1 0.8831813482524827 0.7301491487905398 0.0701798488211363 0.07421929734245403
0 0.10627392733913668 0.34593121268299926 0.061412343878220546 0.05069089067472685
0 0.1504231753619703 0.35582438068904443 0.04585101087441492 0.0520715773392725