1 0.1761061075284755 0.5934548449205241 0.2582747425122759 0.19746531015895172
0 0.14621839704606565 0.4831993911996598 0.22008743635585987 0.2054762176006804
1 0.8319692208812974 0.49922608513224126 0.2307332050746652 0.2027331635169963
1 0.6552028758316888 0.2177454505560034 0.23371233943406794 0.2012797909216581
0 0.2973370349410295 0.6746552265015371 0.24294147379347059 0.20004467313564334
0 0.3177558015798554 0.775835780585221 0.19158666098152413 0.1671031983633867
0 0.3953306728359934 0.8679662276826635 0.18504492970032943 0.16375994355406326
0 0.7823092393923068 0.3199031728811892 0.3152342712143767 0.25707841233587
1 0.9107711253116939 0.5995311307784048 0.17845774937661218 0.20484130054030486
1 0.9453506799081254 0.7446427341364494 0.10929864018374928 0.21850200725639404
0 0.6592204461313594 0.07365572169221363 0.35906589226271884 0.14731144338442725