1 0.49629450220731286 0.5121918613209685 0.08945588410204515 0.12570103787379186
1 0.42450280219319547 0.5168244412996229 0.0987398788403731 0.12545610819912661
1 0.3523925837632266 0.5159882712782773 0.09441639988706055 0.13104732303645933
1 0.11445223898254611 0.5282643829280144 0.10379139988706054 0.13236489336179424
1 0.5508531995905944 0.5043624857458667 0.08449536831702939 0.12035475271112439
1 0.6127616653897274 0.5029900379147663 0.09129139988706055 0.13060813292801435
1 0.19934317847331987 0.522373360910251 0.10039338410204497 0.12723820325334928
1 0.28198137322576544 0.517715446311154 0.09047235253201391 0.11654563292801434
1 0.7593166889260765 0.677783152686345 0.09379477360693614 0.0937669180906818
0 0.06121311789350642 0.5587500085031161 0.06363683674699834 0.10812501700623205
1 0.7187008522496653 0.49928229912900657 0.08809080517696728 0.10226353787379168
1 0.681464704711092 0.6714908999752207 0.10664338410204496 0.12811658347023921
1 0.8544185443712748 0.5013093663734741 0.07513577886860787 0.09269427744001195
0 0.6888537285297895 0.5322806005174456 0.07293624203690499 0.08153718238578947
1 0.03763286277300891 0.4066638554880024 0.03212923151356136 0.07270271097600478
1 0.6121455573136929 0.6919680750080976 0.08276626834526439 0.09066725271112439
1 0.5286806099304115 0.6957349420800834 0.0999537683452644 0.09308279830757157
1 0.8421901021084908 0.6638600356143594 0.09379477360693614 0.09376691809068163
1 0.04024265230613495 0.34504223570489234 0.04426521046687396 0.06820947140978469
1 0.7991318048946185 0.49663874194857593 0.05593075256024882 0.08224663678934192
1 0.7735325654179623 0.49614042355390475 0.06025423151356133 0.07665542195200956
0 0.08597165223554779 0.42508025464178817 0.06899219468185842 0.06703549227734444
0 0.13308187066551666 0.42240290379557405 0.0403211631118273 0.053707781301339706
0 0.09791864441362716 0.3508235027111243 0.08214464206513994 0.05338684776534688
1 0.17430683916607276 0.34528720789513745 0.08002069994353027 0.0701351576569019
0 0.9152573338338137 0.5214825259610398 0.07091871572854558 0.0735050873315668
1 0.9262087863375928 0.6562967160694848 0.10711382096198249 0.10958617852446154
1 0.9784490366199414 0.6535686959823855 0.04310192676011724 0.11144427744001195