1 0.2843194436357879 0.1819414745643246 0.24998504658871248 0.2947817688161376
1 0.4229863687605665 0.1758456399896401 0.20175523377676613 0.26142130521006773
0 0.39215942741356385 0.8758841813459689 0.13012751996659108 0.12740587014004526
0 0.09470742065312567 0.2135424232831983 0.18941484130625133 0.24913962903138528
0 0.6838040678040992 0.4414343684829062 0.09439770715464454 0.09462760339082213
0 0.5331737371055411 0.6933521253073316 0.08214741638926881 0.08005568114108108
1 0.6826854299091353 0.6383286391610705 0.07516808818628214 0.07195208271265763
1 0.3068561002505669 0.9206486019430802 0.23479522046570533 0.15870279611383964
1 0.707402386855984 0.7265756559102936 0.131440310731967 0.14146837014004526
0 0.603494717762338 0.2846877547530018 0.0942938635606179 0.11017982878371627
0 0.5567445723796499 0.289572153843379 0.09746088560718853 0.12744010339082212
0 0.7058336216727398 0.5248483360179174 0.10479376663882575 0.1060017510334573