1 0.6174762763369086 0.07845309677623186 0.2712974473261827 0.0995728786991988
1 0.5042238731656535 0.7508972441736308 0.1388409560902904 0.10737142619541977
1 0.5141625793451141 0.830159809944529 0.1536708595959336 0.11444047355046649
1 0.46053710550368254 0.5107279995058898 0.12713605258464736 0.10048438936371688
1 0.6694830179963589 0.9406294246682403 0.1811649209892739 0.11874115066351934
1 0.4560533028298651 0.42548844952000725 0.1396083595959336 0.11362142619541978
1 0.435655723819139 0.29683282850155474 0.1446795613487552 0.11701944198043535
1 0.6748566887627074 0.3737116598457069 0.27280256130417013 0.21290733660582398
1 0.4787679388741701 0.5865393415851472 0.1442958595959336 0.11389444198043534
1 0.6685888421791806 0.18765306250477765 0.2544639560457053 0.20253127872743368
1 0.5003977020649171 0.6538934415569123 0.11271754382053949 0.08413134727034191
0 0.7202335749407676 0.8051807387001976 0.16178398238261416 0.15524748407381006
1 0.6644335090984959 0.695707757186636 0.2037519385174896 0.16855112087727803
1 0.6262590309641805 0.5644430756589573 0.2086312893939004 0.17038663666229362
1 0.19302513599971988 0.08127092875566852 0.09265228067437761 0.0596927893919517
1 0.8731508775254149 0.7196667148814997 0.10520566660721968 0.12402830517696728
0 0.48460154402117217 0.35318851529090534 0.10742679820259333 0.0915798262236546
0 0.4598724737745539 0.20854387322576545 0.12006326310157682 0.11868835779368574
0 0.4380093202243257 0.12386576536149255 0.12858778062979254 0.15021137357870126
1 0.3584871319520539 0.7715220153614926 0.15783619289954354 0.17363346302712265
1 0.2933722983809336 0.28933259968941644 0.1689378507872407 0.1882419945971538
0 0.38138661871672197 0.617062028515672 0.09868073676466808 0.15932876834526438
0 0.3731597239083091 0.4725916916980866 0.08916927186568468 0.13240224729857691
0 0.40902514518738586 0.9256198037203749 0.1031763858882572 0.14876039255925022
0 0.5642466583335477 0.9156947625188951 0.12455891222516584 0.11739887357870131
0 0.5717318425804461 0.9782130891660727 0.09029468418002082 0.043573821667854416