1 0.41585884407530543 0.2843701537062759 0.13533432757475108 0.12823177186568468
1 0.31944731415651584 0.15605130278528007 0.14218510487264702 0.13837417537132782
1 0.7029394509505373 0.6971500836602905 0.10560725478036197 0.09977845609029039
1 0.5370491309339253 0.45531559235752067 0.13200906847545255 0.12472307011286307
1 0.3731218291159106 0.21953925017834025 0.14999760487264702 0.13933342975338175
1 0.6732729349114083 0.6519740485592738 0.09925712523071262 0.09744855258464717
1 0.7318247169896662 0.7424220441995124 0.11402053207825791 0.11011271047234442
1 0.45751422038575223 0.344609482672417 0.12243380937615385 0.12044696485439835
1 0.2806468275747511 0.07892609662811202 0.14873549352159499 0.14382907887697097
1 0.493069791020673 0.40795996514420124 0.12419656847545255 0.12376381573080905
1 0.636955900673682 0.6013154169639003 0.10248225478036196 0.09939475433746878
1 0.6054462823827997 0.5642396581775 0.09094397748246603 0.08867679820259333
1 0.5672162947213009 0.5083041274585373 0.11734579117755661 0.11362141222516584
1 0.3907437183831674 0.0328575395610944 0.07774307063492074 0.0657150791221888
1 0.7704156500553732 0.7794157240420643 0.12898419802510172 0.12590186836004147
1 0.5816838170819513 0.7955025046495644 0.09476988433001132 0.09999799995541495
1 0.5419914589701017 0.7413213248070125 0.1129586798265045 0.1177333595959336
1 0.4941058690568495 0.6944453247847199 0.09633238433001132 0.10018985083182574
1 0.4127281423495758 0.0634959475714004 0.07119268198597287 0.0707495876856639
1 0.6235592388888913 0.8714627590539108 0.10740958667404961 0.12790345609029038
1 0.4438567427464027 0.6352611756388382 0.09360790252860855 0.10605614907900414
1 0.40160058913805996 0.565646846672697 0.10670867982650449 0.1169659560902904
1 0.4328520727943891 0.0006349386958298675 0.07195414558877826 0.001269877391659735
1 0.4845332911775565 0.041293631818298746 0.0749184592838688 0.08050828943848548
1 0.6633424321336311 0.8901999125818463 0.0952309592838688 0.08300235083182557
1 0.35336454580103505 0.5133020966504045 0.09018251387966067 0.10098494732618271
0 0.4100932981173869 0.09610275020063277 0.07159320018457009 0.07699958768566391
0 0.4297642504614253 0.1204589651219087 0.0653432001845701 0.07623218418002073
0 0.35491683991325224 0.023886511044304972 0.0731557001845701 0.047773022088609944