1 0.4880134431904331 0.30361360393011466 0.11160274122451135 0.0848504419114117
1 0.5061222486798518 0.44161051139864743 0.10383570533113406 0.08582094606059662
1 0.49709057798845374 0.37339330766438106 0.10535274122451135 0.08437684523075957
1 0.46237328252816506 0.1489619927273155 0.11660848997087019 0.09614313942190078
1 0.5257959026782023 0.4988426709417727 0.10347199247815268 0.07332094606059662
1 0.471677737859299 0.2265541964615819 0.1039266335443795 0.08894594606059661
1 0.5385292348897982 0.5597326267506315 0.10677884890464337 0.07980774440092268
1 0.44817673871722885 0.06469373650353816 0.11977895407749277 0.0979424377622268
0 0.5200352991547055 0.6237718159627509 0.06735263605166182 0.06434776514684692
0 0.407963264185765 0.01742106918649678 0.10641513605166182 0.03484213837299356
1 0.5617263571514066 0.7380585362937567 0.08155152837152997 0.0701008576783142
1 0.5569546936526516 0.004386888997693486 0.06703438730530316 0.008773777995386972
1 0.5564418120868291 0.6640765846340828 0.0847674565847754 0.07346265601864026
1 0.40546799696399205 0.7765201528951406 0.06597199247815264 0.07047936597668389
1 0.3759670504083467 0.623727039617749 0.10250052586424747 0.09351504689043359
1 0.6228752103456989 0.010079859328699398 0.045568564264907255 0.020159718657398795
1 0.3805158095795467 0.6993306908625044 0.07097774122451135 0.08177206348717299
1 0.5719340829365118 0.7928760908578601 0.08315949247815269 0.07178175684847724
0 0.5570508805083716 0.8464630321445717 0.057341138558944314 0.0417623701258691
1 0.30899118441494455 0.39391040766902546 0.08830163354437941 0.08776195435896632
1 0.3269121217993899 0.4716326659673952 0.09169941818411553 0.09737375269929238
1 0.3442109335570147 0.5548828738508464 0.0929891335443794 0.08811715186945542
1 0.4178747202418148 0.853094308289081 0.08733016693047428 0.10795605518880329
1 0.43016778325308086 0.9257622136830215 0.06891513605166182 0.06446616431701031
0 0.5492618655976907 0.04059154044294161 0.045341243731793844 0.05800267676456468
0 0.5537053246897485 0.08566724210261556 0.04796613855894431 0.04105197510489074