1 0.7004964687829047 0.35102276426009393 0.1346927893919517 0.09122186068413445
1 0.30037058226178537 0.7040256778334283 0.32463452090551304 0.16754823323126705
1 0.6813894239881069 0.29100843570491264 0.1701752630835923 0.0848737015966055
0 0.2663805320641413 0.4980913542211628 0.20847889988706053 0.12696304250907636
1 0.7128074820076715 0.42066676080005283 0.17264781570031093 0.10056236859279988
0 0.2793410765765905 0.26218568771926 0.16372784200867016 0.10799286661563352
0 0.5029587140153431 0.8789288828528938 0.14035052616718496 0.16159802768032883
1 0.2817864532096507 0.5948880997725385 0.302213489335482 0.15728189528454556
1 0.26559084776445224 0.4045960222059404 0.24018392619541978 0.13604888243296429
0 0.634155506108718 0.8611126886706622 0.17542274715740264 0.22849636760421674
0 0.7047010374669875 0.6267575933095669 0.12292083148532651 0.10321252471457924
1 0.29524606861349556 0.18983318524780207 0.15482327886860806 0.08892453163466159
0 0.2665155819088495 0.3351921061983292 0.1713583314853265 0.1051862015966055
0 0.7327812638600513 0.7066705863894847 0.17668286831702956 0.11631470258518864
0 0.6120016581325041 0.224469534526049 0.10878273677523324 0.07457818874502423
0 0.6097635949218547 0.16922361901272936 0.1449022472985769 0.07916752965749527
0 0.2971032421780794 0.06427476973448246 0.12882222099021767 0.07071835969555132
1 0.2816455711737443 0.11556535570403756 0.14940773677523325 0.0762335306460784