1 0.49007907464988704 0.22904269839978902 0.15389559553293922 0.13716910822331796
1 0.4767678995046619 0.13146152465840122 0.15713191149637407 0.17331694094145816
1 0.5558345454946673 0.45076764521091983 0.11926803846084474 0.1604564557060936
1 0.4473437268406363 0.032632654695738075 0.18031254631872753 0.06526530939147615
1 0.5759201054622459 0.5862544890025365 0.09146406203449331 0.06355146493399069
1 0.5354921203494422 0.35413296870116284 0.14463191149637405 0.1716342791963367
1 0.46116432423560233 0.08309910091701339 0.16901117328319834 0.12833493540471982
1 0.5195097094722406 0.26389854403698526 0.12511562406898663 0.11932061929679456
1 0.502859287017612 0.6713955449597749 0.04455482878371626 0.08984365067164504
0 0.5035635701017731 0.45625129126861613 0.040192660462916766 0.06286048523536447
0 0.5521893529810467 0.6290428970564992 0.0432448858558109 0.06171865067164486
0 0.519055829407398 0.5403408822918637 0.04429796360606986 0.05099148338978523
1 0.5750340016571391 0.521936570797887 0.10411391935425698 0.13512596124283185
1 0.5129020670014013 0.7391389668555834 0.05887419396136266 0.1305888124167664
1 0.542328393718203 0.8407616470564993 0.08692641935425698 0.13281230134328972