1 0.6562643675405706 0.8624723707891903 0.19770799985882553 0.16830876947991696
1 0.6250228018402597 0.7714320893546334 0.1894404735504665 0.1596751426419038
1 0.5656646704396378 0.5890230757503147 0.15130343671876362 0.14479623381944098
1 0.4441727471574026 0.17654879854167702 0.13338789462538866 0.1304897547758122
1 0.41040469190984813 0.16359128126133204 0.06577618942018656 0.06281901470410478
1 0.472016297072698 0.2632300307114391 0.13247784200867016 0.11486475477581219
1 0.5008832916698518 0.40797010093260494 0.14476501038216938 0.16585010698142785
1 0.5958064677240972 0.6746767198686727 0.1727234104104042 0.13928288896587765
1 0.4282677551204975 0.10590548879869668 0.11154371572854589 0.07539405036458073
1 0.5510869599727638 0.527672653323533 0.16390985253201382 0.12127426212786467
0 0.579766425842484 0.4397668079200766 0.06861276308359247 0.08485824007170742
0 0.5265819707078689 0.30937309358055265 0.05235072625188941 0.07227848639568127