1 0.2538527281062666 0.8631078148954607 0.2462812787274337 0.25571957977279036
0 0.1864314677240972 0.717703766180559 0.12557539462538872 0.12966862793779904
0 0.18878365202378627 0.6231326393425458 0.11436487884037314 0.12383155036458078
1 0.6483079683593818 0.03856769118358089 0.2966159367187634 0.07713538236716178
1 0.4886669288262556 0.10812938199049352 0.24608385765251134 0.21625876398098703
0 0.2673126574972196 0.39243170533779265 0.07191977360693613 0.08831169080691267
0 0.4691419260542455 0.22737464339524038 0.15967737884037309 0.12859408602505676
0 0.7867415518402596 0.7544347638077623 0.26921752076433875 0.3295652841840219
0 0.22575448905313328 0.4211666529468648 0.08220482622365459 0.10492204301252843
1 0.543021643919517 0.8075618965213736 0.2835684471009328 0.3093325378600479
0 0.32103689697387594 0.3836409301555023 0.08102175782192056 0.0846095430125283
0 0.9033272102551123 0.6716458538855135 0.19334557948977532 0.4128751783023798