1 0.5438764366595296 0.6608971005364624 0.18896687476889085 0.16855112087727822
1 0.5854297876757439 0.7606472005788147 0.1979159774344577 0.20806864718563745
1 0.41078410649299774 0.43701082145609293 0.15835337226160834 0.18860601564384116
1 0.6488664988793728 0.8856402243269252 0.20551787727617316 0.1476771787556686
1 0.35166282224897305 0.2977277845538029 0.10691524122451135 0.08265985253201383
1 0.4586101895625235 0.5356156504517579 0.18684208511458972 0.20274411035393455
1 0.6160061862638182 0.8087815927145418 0.1997679824490227 0.164500657708981
1 0.5011721111118513 0.6275077478632742 0.15400084138279588 0.14623650512049746
1 0.40999581096620197 0.19605959776445223 0.06848923871722885 0.10225972099021767
0 0.4673523552393565 0.4227971320359064 0.05507995658477523 0.07028167889684286
0 0.3663534595542762 0.24851673982959213 0.05825042069139794 0.07202618942018653
0 0.4269750593168493 0.33623727673188225 0.05636967194503928 0.06099768415851479
1 0.36997490155757506 0.3652947161520688 0.13717705423577736 0.15773544724210717
1 0.38164114192415666 0.1251779503670533 0.09002926959604132 0.14563028939195172
1 0.32849106136191336 0.049231401449533585 0.10116534639736088 0.09846280289906717