1 0.7541831373956073 0.9501183203458222 0.21778161767246562 0.0997633593083556
1 0.7044186520876974 0.9016598002792101 0.20657563727837314 0.1774747163982532
1 0.6110450491196623 0.7186699154205318 0.16857828433501892 0.15836153015113616
1 0.41242066180426795 0.3081715630133968 0.14955980394092622 0.1434459845546888
1 0.3768814951355445 0.2901690193476133 0.07253078432267834 0.066815897223122
1 0.4556864706405007 0.3945947140978465 0.14391720589904883 0.1258192944462439
1 0.5125460049755195 0.537255197872075 0.16663725492615775 0.17645274498846888
1 0.6573214216812643 0.8047510066134265 0.18485029413797244 0.1545270757475837
1 0.3813709559113893 0.23723827978139322 0.11677813726603255 0.08680746368712908
1 0.5846080147969839 0.6583320722969732 0.1747490686453567 0.1378041004764711
0 0.5941238971368586 0.5770314030560881 0.07863112746307888 0.0875675873315668
0 0.517449215745194 0.4453590885227448 0.06296651961824792 0.07465373184356458