1 0.3771350525623548 0.12778867644247488 0.22011464898983402 0.25557735288494976
1 0.5160739341354358 0.1231246567817926 0.1719243858436723 0.2462493135635852
0 0.5145369732618257 0.8198156161803037 0.11811706134875521 0.11547235253201374
0 0.18024620606799793 0.1350667027861277 0.17938087707956432 0.2353900103821694
0 0.7893402760916909 0.40488377701423095 0.08673059644977191 0.08727175782192056
0 0.6491760566768984 0.6475248452747906 0.07562893856207467 0.07266322625188959
1 0.7970113110812449 0.6019330822617853 0.06841968418002083 0.0644867052052021
1 0.4284610083182573 0.8877759318806147 0.21677210516929465 0.1987846524473092
1 0.8254220873512761 0.692338274383395 0.11847307011286298 0.13100634727034208
0 0.7017206577539419 0.24239075326612047 0.0825909560902904 0.10409523677523322
0 0.6555309823157366 0.24429415848543998 0.08333066660722004 0.12275423151356135
0 0.8155170742942841 0.4899112243975125 0.09413170170823655 0.09701077886860787