1 0.32903131218855847 0.4876586795894292 0.13725271381017504 0.13561509618646853
1 0.2245205886028839 0.5061036339432656 0.11762751996659108 0.12558533175849823
1 0.13927039475929998 0.5184250738691318 0.13754444509136965 0.13874009618646851
1 0.45058367013363565 0.47017602450995327 0.09312693843583944 0.09669643992586625
1 0.06584945788294039 0.5266492908368401 0.13169891576588078 0.15452878729346117
1 0.6392505952584143 0.4511283802302506 0.1080646322794232 0.10656251324684388
1 0.5017815060321424 0.47228167233303503 0.08175184151404728 0.09162699400955017
1 0.1691271944679817 0.390453841292327 0.07516808818628214 0.07115080290255768
1 0.5529274201336356 0.46660210200728225 0.07448078202986608 0.08047123920022674
1 0.3976564575712464 0.47825390853803695 0.11348146048240988 0.11453870435383653
1 0.02728142647696718 0.5482539615254126 0.05456285295393436 0.13005457694917483
1 0.5877400170554277 0.4607142005560034 0.0825850133110606 0.0838690577118811
1 0.07677281780409909 0.4038020678786821 0.07033472254568482 0.06942461179556503
1 0.5701149201336356 0.4660019012816428 0.08571001331106061 0.08397818511654283
1 0.5253858826960249 0.46133424864923767 0.092981072795242 0.09513393992586625
1 0.10909579908529374 0.3995585119808996 0.07516808818628214 0.07115080290255768
0 0.27138447733004145 0.5379513454686783 0.07389731946747684 0.07422123920022675
1 0.3593022747509478 0.48037196924514286 0.16752367637256427 0.14290180653075488
0 0.679323043469753 0.4723114102673175 0.06452231946747666 0.0738938569862416
1 0.6084963791604638 0.6554438579977321 0.17235704201316154 0.1446279976377472
1 0.3736096378959736 0.7274999403892023 0.1455646322794232 0.1078720421027846
1 0.4497246412237388 0.7045956645284868 0.1396063635606179 0.11077878729346118
1 0.5246727194267254 0.6941913886677711 0.1416064604824097 0.11552085099579194
1 0.6862258042852425 0.64027023658352 0.13052309484181243 0.11357640507947586
1 0.7712262888942023 0.6139408603599847 0.12706434151404727 0.0932093413771451
1 0.744330035566437 0.6351263795972784 0.11968943843583943 0.09762402286549073
1 0.8321637888942022 0.6118128759690814 0.11314770715464481 0.09428076805616747
1 0.8645287922219673 0.5904363837736296 0.10245991638926881 0.07989088584218215