1 0.42490092067717844 0.75 0.23639828058520748 0.2328125
1 0.6753093153518361 0.87421875 0.316825491102137 0.2515625
0 0.3271675918447926 0.5203125 0.11965186836004146 0.121875
0 0.3030883068106536 0.41328125 0.13135677186568467 0.128125
0 0.46056064458548757 0.30234375 0.09418708768566386 0.0671875
0 0.8876076949791079 0.87890625 0.2247846100417842 0.1890625
1 0.8478045613487553 0.109375 0.2593709999108299 0.178125
0 0.6641385788100933 0.27421875 0.19413170170823654 0.0921875
0 0.39707369721471986 0.30703125 0.09393985083182574 0.090625
0 0.3218007674167531 0.25390625 0.14018191218058096 0.2
0 0.3989031268789316 0.62734375 0.09402292979796681 0.053125
1 0.47018588150620333 0.1453125 0.28099676301240667 0.290625
1 0.7061649209892739 0.1265625 0.37482984197854774 0.253125
0 0.9961391357545022 0.89140625 0.007721728490995616 0.1015625