1 0.30078125 0.20603994079727941 0.23125 0.3147289220155707
1 0.4390625 0.20654401747550916 0.184375 0.27515126890430636
0 0.49765625 0.9091410838645896 0.1203125 0.13679097631891182
0 0.109375 0.23245202392628342 0.190625 0.2680324559858082
0 0.73203125 0.4804668494209111 0.0875 0.1018991191410267
0 0.6140625 0.7298735057575626 0.0765625 0.08662266674839839
1 0.75546875 0.6783806759765433 0.06875 0.07638055789652114
1 0.4203125 0.9312312552671724 0.221875 0.13753748946565522
1 0.79140625 0.7675256266951793 0.121875 0.1525893980892871
0 0.63125 0.32084364523169284 0.0859375 0.11735069737065125
0 0.5859375 0.323626913890804 0.0890625 0.13488504091140224
0 0.7640625 0.5652719957136084 0.096875 0.11387714976327956