1 0.6799910863543911 0.4361107252579073 0.24894242871154013 0.15726326555632153
1 0.18698845153444524 0.823490981586084 0.16387544569665885 0.12775941172642113
1 0.6682587038214255 0.3209226878170875 0.24616256818567023 0.17393050024519513
1 0.19133848036010814 0.9054338166342756 0.17515978923740985 0.13209836411904946
1 0.6658563600354794 0.5563365143727197 0.22480953756341754 0.16230101723031395
1 0.6541825712884599 0.20547451772070432 0.2253298028745439 0.16698851723031397
1 0.20194683300640642 0.3324366873266971 0.1734238674670344 0.13036244234867417
1 0.3138984505960384 0.11471784558253609 0.17446269402266656 0.15362652057829868
1 0.6470324296499469 0.6618061164060299 0.1749846634004136 0.14442494234867417
1 0.18887819830905808 0.6568263029971415 0.178806758615157 0.12324362943017597
1 0.1958321097902842 0.7366855207008963 0.1796738674670344 0.13105612943017614
1 0.6443563206754719 0.7856763187986583 0.15276281985966272 0.13887203756341737
1 0.18930238036858293 0.5746224832600764 0.1949520239262834 0.1296653471339308
1 0.20358581949186996 0.2464133284748197 0.18349255454853627 0.13765297297092705
1 0.6476622142331724 0.12170905001694954 0.2140505715336552 0.12098233014881207
0 0.45920754246279694 0.10237422668670453 0.12220991507440608 0.11387544569665886
1 0.6541785076343762 0.896697973583915 0.22081572464491933 0.16803075191918743
1 0.6495046401673419 0.9743517001881337 0.17411925861515698 0.051296599623732675