1 0.18558794493636127 0.8212346478920484 0.2094856218899818 0.24520731648875013
0 0.16947270126793934 0.6522852793509373 0.10688516508343389 0.10392639342673622
0 0.1974139948000757 0.5658022654832291 0.09726450361804462 0.09902068787965276
1 0.7783087064678635 0.07601110723885389 0.2710162641334943 0.15202221447770778
1 0.608790744572933 0.1309654852792703 0.20751368611433313 0.2373584488975696
0 0.32771672772590543 0.3723769609623261 0.058290534825709096 0.0700228656913195
0 0.5515846749215149 0.26962924819704814 0.14076884215265545 0.09535148043270843
0 0.692625838988896 0.8390844969627771 0.22756723654387442 0.2924459924005557
0 0.28236660617460785 0.389038437310972 0.06848440637700666 0.08586607123840287
1 0.4599361697215906 0.8421595180486801 0.24343789800926358 0.2974971683123613
0 0.3773891791053864 0.3774631980445483 0.06741987336031982 0.06555357123840286
0 0.8538842435568803 0.7994375026623605 0.21570904567984286 0.3639573164887501
1 0.9365206761647104 0.0171426406738538 0.12564845318850323 0.0342852813477076