1 0.31624270942126215 0.6413913060494383 0.24503501834240007 0.17120454667571838
1 0.6983562466347877 0.12858970648908358 0.1629666644231918 0.13644716727872258
1 0.3553626968848499 0.7478327536238439 0.2439726235152495 0.18826450091808394
1 0.6749665592503422 0.061209534004115995 0.17404055674305993 0.12241906800823199
1 0.301045955264627 0.5228166492316972 0.22173391066226814 0.17397886031120038
1 0.3960451843484375 0.8541466554406151 0.2218703029821362 0.17866636031120037
1 0.8021802094212621 0.6017245754250978 0.1708246285298145 0.1386473960668953
1 0.7464998254146644 0.8412014057304791 0.17150659012915473 0.1620848960668952
1 0.29326689601428474 0.4169492865046009 0.1728417695960413 0.15439994182452974
1 0.7366782637235466 0.28834747269994104 0.17689277210332383 0.13290757909743345
1 0.7110130224990352 0.21369815906445905 0.17712009263643722 0.14072007909743342
1 0.26630592775102696 0.29776872286911893 0.15078491316955053 0.14636430121764638
1 0.7561844331613032 0.3666319693659612 0.19113712852981452 0.14030549091614422
1 0.8210187891255757 0.6839790949699351 0.18047241316955046 0.14878767061270254
1 0.42380412298652415 0.9200109004396453 0.2137108105039836 0.11253117728066223
0 0.6087103204000994 0.8963029781599529 0.12202341567683313 0.12219347758022465
1 0.23042460055399597 0.19497843377944418 0.2172282670887588 0.1798462230382968
1 0.20686141693047427 0.08491777862869314 0.17064277210332374 0.1323973960668953