1 0.10613083023067178 0.5945625453759316 0.21226166046134357 0.16867831888905727
1 0.11822001859076428 0.4569125544511179 0.23644003718152856 0.12479196350286301
0 0.7845283482557882 0.6005963175333249 0.11003796427907382 0.09746587334017516
0 0.08316328473104237 0.790715382709949 0.16632656946208474 0.13566583098930565
0 0.4501395351552782 0.24569221155795545 0.0827140466541664 0.0707579275949013
0 0.6491553591890286 0.43428149200496824 0.06939384043361088 0.06131020472226432
1 0.6401008623465746 0.2789445522116226 0.061171237323333114 0.056577252926866176
1 0.8391290824215755 0.6994469079906004 0.20620891819055523 0.17923402380771342
1 0.7331085685671301 0.26903322102592525 0.12695206220555538 0.09444086729005097
0 0.27361669990546356 0.29981715105671336 0.10078054147037027 0.06305451190385672
0 0.2641836198394451 0.34516146731349207 0.11925713939685174 0.060038596212812045
0 0.5374734398206948 0.23815644662903668 0.09419835080120365 0.07707156010845857