1 0.4759131090418057 0.26253015673886304 0.12558449430041668 0.16505141935425688
1 0.7694910692416326 0.7717597233214704 0.24931685429215306 0.38464478949430203
1 0.40507393218006965 0.27015641211554653 0.12794708130638913 0.19949919396136276
0 0.5304831206284033 0.7629689584342741 0.17911084422416684 0.2518279813887501
1 0.5579079914506252 0.2647883236119206 0.14371755167111128 0.20647694003242129
0 0.2698534387326742 0.6969821236547018 0.1497857137152085 0.19895553846084474
0 0.9576534183123613 0.5787311230310201 0.08469316337527744 0.1606892510334573
1 0.6429831206284033 0.7682087301458959 0.2315474728332642 0.35884426881613757
1 0.4254501285121881 0.7432493097581817 0.19706206363895848 0.2854410020669146
0 0.9439708183886111 0.43131031347772614 0.11205836322277776 0.2055308701400452
0 0.7855069677992711 0.3198718916422699 0.13626742116215276 0.15462334160399785
1 0.19259995450024361 0.6637286679065149 0.12921864057694457 0.1870719685684687
0 0.3493779377827436 0.7272197413135476 0.1483686840799307 0.20513276385373871
0 0.8819637405006947 0.3064151672828331 0.16108688962701406 0.21508996071058578
0 0.31201556962288224 0.3290347983856422 0.10454464247680564 0.13285534946188077
0 0.2501695330537502 0.3206914514049608 0.11482883225631957 0.17235449710451584
0 0.059223756836944974 0.633324076302517 0.09255378875333345 0.15414815260503384
1 0.10671700588701442 0.6620698145156927 0.11497430262104177 0.17860449710451592