1 0.5785089388278666 0.25955227725156726 0.19264560266810485 0.17286289940087515
1 0.5962552815463488 0.14904534088704927 0.20250528154634875 0.21256312818904782
1 0.5684566666653136 0.5318417364949026 0.16254202283992142 0.19218698424818453
1 0.6101839054724955 0.03949383726320528 0.20786781094499088 0.07898767452641056
1 0.5444503578680292 0.6875814245264106 0.10869997060135787 0.08510806576151389
1 0.5813107914959714 0.4178111874032881 0.19132212008095947 0.2069828078856062
1 0.5970498196514182 0.0893514764929629 0.20333744120271574 0.1690682197043169
1 0.5954784328349727 0.3138731154328565 0.1572060696514182 0.14974439273291545
1 0.44378197252192175 0.7428744445302898 0.07078389077317446 0.10379442182065049
0 0.5156249157608024 0.5118319964968423 0.056646147670579336 0.07152405575957417
0 0.5062034073930594 0.7213025913460912 0.0598530348257091 0.07334164727484324
0 0.502733169378847 0.6101737727096394 0.057717324739800804 0.06227660151720862
1 0.5643257666198851 0.6176994881618926 0.14067366689245625 0.1608413893989354
1 0.43060694312327963 0.8208399478642697 0.0933073439616777 0.1476400166698994
1 0.4333401967413243 0.9179062665007216 0.10335072930778506 0.10178538273097573