1 0.5206272930089587 0.4435083852411409 0.13878001778268026 0.14600328104191612
1 0.5048502816364191 0.3381298062141595 0.12853172249741007 0.12599128473307494
1 0.4946704528527029 0.2529134753415988 0.14183224317557439 0.1448614464781964
1 0.5356059377561098 0.565082881549982 0.09931510339082213 0.09876779580655146
1 0.48787033519385703 0.1735865599053184 0.15774834160399784 0.15321477365959835
1 0.5506252779123655 0.7542054624225427 0.10934507485477489 0.11409229211539262
1 0.532538749790603 0.6159092170364913 0.09411818114108109 0.08719929765213089
1 0.6222881846557378 0.2926066755109541 0.07351458271265762 0.07821497231630854
1 0.5364664245215434 0.6669007997546315 0.08132708271265762 0.07926663590700933
1 0.5292617384180635 0.5122132997546316 0.11737589867609248 0.11983145570609359
1 0.46717253742738746 0.11257398364670623 0.13122007485477488 0.1170369501693553
1 0.5420101031814252 0.7025828815499819 0.08637845574818712 0.08771013406142991
1 0.6109632328364922 0.19947267827932322 0.07024403349844607 0.07466930688002811
1 0.5365220825032607 0.6847643833955613 0.08652400496239868 0.09083513406142991
1 0.5430053688971909 0.6406087133453324 0.09775260339082212 0.09855746308841126
1 0.6140539995857152 0.2324955109974634 0.07202485731976367 0.07956713959816833
0 0.47198643176025373 0.38261607005600523 0.07507708271265763 0.07842530503444874
1 0.52747876054397 0.47393204975463143 0.1479024607105858 0.17517994463261705
0 0.5283350550006707 0.7923515552913698 0.07464043507002245 0.06905030503444873
1 0.3458457326270953 0.7080070427052482 0.15131855913900907 0.18185061006889747
1 0.2796063407754284 0.46929023121127134 0.11258139081820957 0.15024012483353283
1 0.3011046592200624 0.5474903074698835 0.11548806699689199 0.1459732902698132
1 0.3092125657540377 0.6215588056243041 0.11868584160399784 0.1479564557060936
1 0.3595679383752823 0.7859367053731594 0.1166139193542568 0.1368086229879534
1 0.38377387985544564 0.8722647807089817 0.09779114474715112 0.13272213037027109
1 0.3630782361417519 0.8446356217322293 0.1005522717116218 0.12533029580655172
1 0.38426833953257405 0.9328867816317714 0.0970633986760924 0.11709713037027107
1 0.40529146897824414 0.9568731031479745 0.08419952564056317 0.08625379370405106