1 0.413260331954184 0.2936518268501006 0.15305336935072655 0.14405486065745415
1 0.6846786092457313 0.5725606621520395 0.11836928668045381 0.11387940257019658
1 0.6288451378899141 0.7438514373343299 0.15632382001909004 0.1568833113926594
1 0.7685161652212325 0.7439970169338955 0.11206474267981754 0.10853500109978605
1 0.7018655619032772 0.6378595704246095 0.09947383601209037 0.09940869815896498
1 0.5861860179026408 0.6546997476272033 0.13884541868236297 0.1300768323490306
1 0.737121261895323 0.6926761369697492 0.12311133068109026 0.11905957867300429
1 0.5134495939290487 0.468051315272129 0.1325408746817267 0.1247324308786201
1 0.6588797252546399 0.5097274934012841 0.12623633068109008 0.11938802940820956
1 0.3590279126352741 0.19323182739999362 0.15619655068427196 0.14594581139265933
1 0.786593455880051 0.7998388125226641 0.11829656134627217 0.1076294025701964
1 0.48746199530554674 0.1532028472565788 0.10576019867918127 0.10319059962937552
1 0.3952428445655955 0.7020789924747228 0.10596019334818116 0.12037809962937551
0 0.4924820185789585 0.5935416323671617 0.1312692760184536 0.1495682055110173
0 0.4189825259389119 0.4054128126958888 0.1297795013526354 0.15565398014341483
0 0.2799456559118677 0.6190012823611181 0.15190904002227174 0.17982813528985134
0 0.6041836819303213 0.4491512439511771 0.0996556493475449 0.11503369815896498
0 0.5781393499363665 0.4074118252004217 0.09315111067790856 0.09250179668855449
0 0.49691826396404715 0.21229163236716175 0.08370338534372675 0.08526644448293882