1 0.276755033460904 0.17312622795991095 0.2649209183740872 0.2933522000318167
1 0.4161436251883341 0.15355752060791178 0.21426873491922702 0.25686926002545335
0 0.4141570866051684 0.8480427699315941 0.13501302940820956 0.12641814401654478
0 0.0953207565272129 0.22612560065245518 0.1906415130544258 0.24912948535963517
0 0.6889197319965372 0.3868127265675046 0.09891602205615727 0.09478633601209037
0 0.5478843948716946 0.6521933732495493 0.08493799374773374 0.08057838534372692
1 0.6950361737300111 0.581034893897232 0.07770264154211795 0.07113066000954511
1 0.3320531599524676 0.9090808146085483 0.2430647904362882 0.1744931120305438
1 0.7236680038794697 0.6649735418921413 0.13805355771663308 0.14049882535008998
0 0.6012319165511835 0.24113769458150394 0.09883155036458077 0.10883065467854491
0 0.5550161770293691 0.2502587032543218 0.10376302940820956 0.12605451734563583
0 0.7140558755650024 0.4668905778962776 0.10944059962937551 0.10583292401336308