1 0.5355547172307282 0.4999613067660684 0.11079763527271602 0.13434530696670138
1 0.4633478305081199 0.46632801732758294 0.11872853444287887 0.1368670613487552
1 0.3947511958601039 0.4292681050801245 0.11752123195336797 0.14136271047234442
1 0.15782969108621908 0.3158138508095332 0.12545213112353099 0.14388446485439835
1 0.5929887089323584 0.5224929383168568 0.10419243776222693 0.12889040346105815
1 0.6533584464848039 0.5531248461822614 0.11427783278320494 0.1394165087195228
1 0.24367302531931653 0.35576537269751035 0.1204094336130419 0.13862141222516602
1 0.3247696599673325 0.3943600919562552 0.11020563942190069 0.1265328069667012
1 0.7063095381910784 0.7616355172161204 0.1072223493799445 0.10759095609029057
0 0.08937568901162665 0.3112786622474585 0.0876202444009226 0.11447189469695021
1 0.7570996757388795 0.6045617277107572 0.10300844606059663 0.11326540346105815
1 0.6340551072773289 0.7171606532158403 0.12677783278320492 0.14095131573080905
1 0.8878653462796668 0.6755703987000311 0.08979805103961844 0.10235559644977173
0 0.7121899174405096 0.614527126856639 0.08584425684847723 0.09103439469695011
1 0.13418851369695448 0.17746436836004148 0.07130816016782515 0.0830577368092531
1 0.5567230126712692 0.6976037102717116 0.09592965186945542 0.10156049995541494
1 0.4738862792680088 0.656473390136556 0.11179145020978147 0.1066040087195228
1 0.7930641769882791 0.7931851399805083 0.1072223493799445 0.10759095609029039
1 0.1629754419114117 0.12836823676466805 0.0884956601678251 0.0851680964497718
1 0.8366930099719768 0.6437458460930913 0.0701008576783142 0.08755338593284243
1 0.8116454657808359 0.629834657508724 0.0728706601678251 0.08324958768566404
0 0.18257939212119312 0.22365304377595435 0.07852866431701004 0.07620449119130705
0 0.22985713382282338 0.24493764463007262 0.04921967261537983 0.057126175415912875
0 0.2321048728251612 0.17245939901212654 0.08563076929603193 0.06778874557336101
1 0.3090584591328511 0.20744949107984442 0.08825886182749913 0.08204309644977174
0 0.936315424288987 0.722540324115944 0.08056476099766244 0.08264634206771788
1 0.8787299124661322 0.8307929118684856 0.12235044191141178 0.12338011397798745
1 0.9497162880792211 0.8693055521833818 0.10056742384155762 0.12302410521387977