1 0.37153499159257264 0.7929055409956336 0.18557549110213695 0.2733024103680261
1 0.17176822813431536 0.15447640650669842 0.14865304377595434 0.1851942944462439
1 0.4898330573902593 0.8262206101707651 0.20276299110213697 0.2757179559644734
1 0.09771363602201244 0.1297635463769078 0.1322329472815975 0.18902874884979654
1 0.2582527415702801 0.7316850668747247 0.1887558770795643 0.24918079058491607
1 0.6098854740643568 0.858192774400119 0.19207272795597508 0.251182480693361
1 0.654104101010166 0.36213702633078293 0.15136664903441907 0.1947888895004664
1 0.8484336537285685 0.5658786438134861 0.21833460516929443 0.2149493817778108
1 0.15981424154798754 0.6725507457689293 0.16542914903441913 0.1967652449884687
1 0.33592765359481325 0.2220524698898382 0.1427590525400623 0.19972131917513147
1 0.25396463604430497 0.19702288448893515 0.15213405254006226 0.2010388895004664
1 0.05815423916747405 0.6211697963769078 0.1163084783349481 0.17266895982580124
1 0.41780859220147304 0.2542231028178525 0.15073571042775935 0.2146621993920214
1 0.7380410133022096 0.3969808018401309 0.16033025429288372 0.20526186477157884
1 0.7211661363564004 0.8865414926880618 0.19930967532674285 0.2269170146238763
0 0.8101010178403112 0.7162587056357049 0.18193232449491709 0.1560895757475837
1 0.009421539594533186 0.5953336263555622 0.018843079189066372 0.22504225271112438