1 0.28764464915029164 0.4435449853616861 0.10206913277816074 0.1260247916714857
1 0.42167536170947173 0.45419771744493165 0.10276452392628346 0.11836733187624868
1 0.3550072749872878 0.4492232163521182 0.10137544569665886 0.11977479167148583
1 0.13312801482073608 0.43647027594035837 0.11370031985966271 0.13336007310482606
1 0.48356753347984716 0.4465111293567968 0.09026452392628351 0.11712701023814542
1 0.20960550800216904 0.443562015702213 0.10606294569665886 0.1202399122857745
1 0.5452871355131576 0.44734077116628057 0.09668794569665895 0.11930967105719699
1 0.05397261034197337 0.4324199670999368 0.10794522068394674 0.13679515351435184
0 0.5958992239093339 0.4786331139995788 0.07516490143727203 0.078541728804805
0 0.008010630736375677 0.4571329660071233 0.016021261472751354 0.11698406798575345
1 0.7190757392204603 0.46177495792569057 0.08297569737065125 0.09322438962385675
1 0.02744750155139477 0.3091072624237724 0.05489500310278954 0.07589394737146468
1 0.6491083786945906 0.4517193073447843 0.08801004091140215 0.09681451023814543
1 0.0049221699124867326 0.3147904258023604 0.009844339824973465 0.055140522661917754
1 0.6842859295273493 0.6220741501780825 0.07967897966689641 0.07744434941909369
1 0.530116990771855 0.6188281706543732 0.1105770239262835 0.11914253290006319
1 0.05766975142879719 0.24616028873804008 0.07117449665201528 0.05651168860004212
1 0.6014734295273494 0.6302912810305166 0.09304608851877383 0.08649717105719698
1 0.7737640912537707 0.4633022806566073 0.08471161914102687 0.09494192982861946
0 0.8164761167314488 0.4891973446161016 0.05207594904464372 0.06543366593812436
1 0.28862317785335695 0.6366094023926239 0.10120372799290411 0.10430483187624873
1 0.36839824077185507 0.6348748318473343 0.11092557153365501 0.10836007310482607
1 0.4525139601496022 0.6358001406877557 0.10172399330403045 0.10899233187624872
1 0.7595477662495332 0.6261959301447001 0.12168964976327956 0.10788285453816648
1 0.8318580247420927 0.6290652905208434 0.0753383232076473 0.08010422880480501
0 0.07321826494333368 0.32883589546183356 0.06492449665201527 0.05589152778099047
0 0.11670898432108082 0.33379224962609066 0.04947291842239075 0.055903625733361384