1 0.8824257742814019 0.5077688518730297 0.20896112602253192 0.15044783360249453
0 0.86833687905854 0.643102379876207 0.21860891066226812 0.15998647483619663
1 0.1992568877675215 0.26357375608907996 0.21290447994174028 0.17862738068039521
1 0.19948759065788013 0.6313515913164276 0.21589308762187223 0.17399442775829588
0 0.8365402759307544 0.3672353551194406 0.23124530298213627 0.1648921631477993
0 0.8795892454476535 0.2563836298762069 0.17601223370266403 0.1451875892845374
0 0.8591667483506473 0.12633761972993715 0.16971676959604132 0.14351599512873606
0 0.14353155657845765 0.46535049026076736 0.2870631131569153 0.2129671988616142
1 0.15070103048310096 0.1074698064133915 0.23303512351524955 0.17273193668674963
1 0.15829823330695256 0.00976078368522007 0.22715353338609487 0.01952156737044014
0 0.12371366699698128 0.8429669756502708 0.24742733399396255 0.2296910486994584