1 0.42345411807561784 0.4223142497728574 0.12884313836728975 0.13015224672063966
1 0.3512342053114395 0.3435064970593239 0.12092155405833438 0.11099281094499087
1 0.2953478196746242 0.27805855947465286 0.13195904800821018 0.12875352103089915
1 0.5049626724285398 0.5164570754171693 0.09423178903121965 0.08772572930778502
1 0.2441352984991895 0.21520003335537105 0.14917381908544902 0.1343417797373264
1 0.6244388593932151 0.6665123863621603 0.10211701190385672 0.10063516508343398
1 0.5312706423743105 0.5615991570543752 0.08948065651766228 0.07654256784239592
1 0.40976029849918955 0.22388007179912472 0.06757838544042354 0.07070864767057934
1 0.5646371333973201 0.6024222308896648 0.07694429508134384 0.06963747060135787
1 0.4692524314055303 0.47551117084918515 0.10996587334017516 0.10729460085908257
1 0.19435346711710033 0.17507964439121898 0.12557269262201592 0.10498847241038015
1 0.5887104376520462 0.628691481794176 0.08167724687674216 0.07769563206674697
1 0.34687902429869266 0.15181364201636977 0.06599770472226432 0.06750176051544958
1 0.5747115701656036 0.6170169973980082 0.0801329275949012 0.0807387449116174
1 0.5530774646812133 0.5744643272261916 0.09110678903121965 0.0875619549975255
1 0.36860857855341883 0.17796006218818633 0.06757838544042354 0.07070864767057934
0 0.3540092264868743 0.4038265213695834 0.07069429508134402 0.06930992198083885
1 0.4459921934075829 0.44381411352223876 0.13525676483072288 0.15860479534115868
0 0.6304116034412867 0.7144961849826792 0.07220225292686618 0.06001680913596861
1 0.4519184438985622 0.7684422992978875 0.13685562626704137 0.16493668249628826
1 0.26605873283158604 0.6110005342598821 0.10078177088084708 0.13961577792830404
1 0.32671443170011794 0.6626316333099425 0.10387949980360833 0.13509205223856355
1 0.37561501913233125 0.7198985786965297 0.10856699980360833 0.1353377137039528
1 0.5062923265103153 0.8252145997274288 0.10694086729005096 0.12431832654882306
1 0.5739520043016084 0.8819016909755731 0.08662836729005079 0.12325379353213606
1 0.5427474560970065 0.872451447872978 0.09127041549465283 0.1156869549975255
1 0.6095986128110606 0.9337850955435574 0.08966246369925486 0.10779256784239592
1 0.6439008899384235 0.9480866129564121 0.07555451190385654 0.0992430834462283