1 0.499242812689028 0.2773305461341281 0.11609908510611114 0.09347776232447184
1 0.4891560318194793 0.11281434475464716 0.1194059230620141 0.10145403663473136
1 0.513533316391841 0.7904889654014335 0.09062630642076393 0.07185506784239593
1 0.5073319888851741 0.4904480218238687 0.11446384992375017 0.0902708751693421
1 0.4989323817432293 0.1967799089789984 0.12874455547083344 0.1003828595655099
1 0.5130417007005215 0.7357605218238688 0.08437630642076392 0.0715275192218769
1 0.5124806158787507 0.8460805461341281 0.09553201196784719 0.08147572930778538
1 0.5009702732701046 0.35154929613412816 0.10352634992375016 0.08969766508343388
1 0.49885638050895836 0.03896736685939962 0.12572865824437507 0.07793473371879923
1 0.49566648385118095 0.42613653833221204 0.10359908510611113 0.09282266508343398
1 0.510006313257709 0.6725611589789985 0.08597517401194459 0.07317190637700648
1 0.504155050339931 0.6228068204443876 0.07645470364722229 0.06643058344622813
1 0.5025366925323963 0.5532755704443877 0.09869337955902786 0.08320200361804453
1 0.6158081443766668 0.04281834803400751 0.06529899810013902 0.056482373360319825
1 0.5238733639788896 0.8986732796257847 0.10981271751493064 0.091587713703953
1 0.362170838143334 0.8070257694490195 0.07514677678548623 0.07728619629109837
1 0.35902634792697985 0.7391389066041493 0.09106271751493064 0.09060506784239593
1 0.34492617391503533 0.6710440038451873 0.07823540919430556 0.07588747060135788
1 0.614464503134132 0.08590992876670214 0.060538762917777864 0.05311171189493056
1 0.3564131070450355 0.8957164552246681 0.07740026101791671 0.1070555834462283
1 0.3352771105604172 0.592547189620836 0.0706774823325695 0.0864155348257091
1 0.33803712822784765 0.5094890281554467 0.0833229526972918 0.09332063206674715
1 0.6846484101442363 0.020714794211534545 0.05766833605604162 0.04142958842306909
1 0.684577634593021 0.10726595036342819 0.059230836056041625 0.0639673247398008
1 0.3762177671892716 0.9400463093631112 0.08121493882958344 0.06980124491161739
1 0.32697103523795173 0.43732410108622527 0.07056837955902787 0.08172803482570909
0 0.5947520683886113 0.11275571178338892 0.05603310087368065 0.0606785504295413
0 0.5978231702122224 0.1438828810506943 0.04985583605604162 0.06347600180902231
0 0.5962035059839236 0.018731231343950036 0.05759560087368065 0.03746246268790007