1 0.7023538440331775 0.41684582105097157 0.163798713848119 0.10821515634451409
1 0.20928359122525864 0.7758117386977428 0.38569401729419595 0.20687478115388913
1 0.6892958165603005 0.3485867835319091 0.20093345373324994 0.10596297853284735
0 0.20170447989788526 0.5406925094993053 0.2515422253988537 0.1523301386770836
1 0.7054483960752949 0.49702363032152713 0.20588475430759595 0.12166071371520851
0 0.24906652463305226 0.27546689979190947 0.19742290459476913 0.12925500816812524
0 0.4171366548500165 0.9439395703853816 0.1586647832163383 0.09095492116215312
1 0.2035814958200277 0.65128451738309 0.36061284677728433 0.19226676728618078
1 0.21412332380343901 0.43444250949930535 0.28599839591576526 0.1671563580918752
0 0.5672584106253838 0.9194090830188187 0.19953329476707288 0.13397887575930553
0 0.6659191475749721 0.7285645710509716 0.15137988436503064 0.121950348023889
1 0.27791190756221756 0.19532480490215254 0.18567371384811915 0.10872430262104178
0 0.22463469661773505 0.3578436419081248 0.20487014447989987 0.12631184612402785
0 0.6862113441288953 0.8215872192273604 0.21414368493937666 0.1389936840799308
0 0.623467904690487 0.2651943617041661 0.13228491327377298 0.09189917211208343
0 0.6275567919591541 0.2035483468865272 0.1717126733886422 0.09593336189159736
0 0.2982548627313327 0.054608885924201135 0.15499189304403452 0.08619468597979178
1 0.27302149569240397 0.11051404701836783 0.1793425433312076 0.09455269984750014