1 0.45752287881726766 0.7537163177972428 0.26492259576733285 0.27641966041123067
1 0.7218561879108218 0.8059461812712257 0.34454619395056163 0.3192734319506557
0 0.3209642701730572 0.5534810070373656 0.13440643515657005 0.14300659084927717
0 0.2775175459268124 0.4543768715197546 0.14598166394474266 0.15158391535490914
0 0.40777951758798336 0.29834040294653663 0.10038237939699587 0.08780563861970414
0 0.9012982603160495 0.7432665927677371 0.197403479367901 0.24037289976756887
1 0.743685969245275 0.054475424485961675 0.2686219384905499 0.10895084897192335
0 0.5970335941003428 0.21046407248881976 0.19783120636839727 0.1396737772394082
0 0.34759131667959775 0.32140619837117523 0.10516547424624481 0.1083366599070276
0 0.2656877413751862 0.2902051108760928 0.16852608576539324 0.21841078243518827
0 0.40889444699467753 0.6392603338887861 0.09779951333591956 0.07519637797604233
1 0.38670225879399167 0.15413334801269335 0.3170269718303489 0.3082666960253867
1 0.6045435919743111 0.10856162696763619 0.4028371839486221 0.21712325393527238