1 0.5450962771860374 0.17297330926273197 0.2433175543720747 0.27681681788754575
1 0.664671289543327 0.2411329910853221 0.19787772037968576 0.2699929909161442
0 0.29525932813525185 0.7871802330402364 0.1269683596955513 0.13494856909549374
0 0.363244099315428 0.1051805471347604 0.198363198630856 0.16725062818904785
0 0.7556052846375921 0.6191939603305971 0.0928825197716634 0.10102010818516849
0 0.5046714788198239 0.7287452060785332 0.07980951680591382 0.08593724212409234
1 0.6577619867284893 0.7786171445690832 0.07317751482874754 0.0760520590935542
1 0.1813387495800705 0.8004618698540981 0.23448638243296432 0.2511790890993731
1 0.6363591720134723 0.8648576624469306 0.1291038626613009 0.14913861485312835
0 0.7639722470714314 0.4423444179069424 0.09189302273741298 0.11495506242753403
0 0.72245590912471 0.4171532282084446 0.09571835969555131 0.13239765394280306
0 0.7332620524320893 0.7014644553296272 0.10270318874502422 0.11272288273097572