1 0.2364359140932954 0.6176620653075179 0.2320573286340201 0.15508792096481958
1 0.6662258833986161 0.22033693801923754 0.15528134108157482 0.1246488702161482
1 0.2559061192774543 0.724120964017971 0.23492221950581332 0.17242128660541703
1 0.6555619931515227 0.14302409879296565 0.1665740385920637 0.13035742970032946
1 0.2396103035151962 0.5030890355654273 0.2122184253146721 0.15944166763705442
1 0.2792233748765317 0.8317257768299176 0.21233682448483515 0.16100416763705433
1 0.6925316261259316 0.683056948002533 0.16477474025173783 0.12708656405973215
1 0.6091584059954183 0.9108446638931923 0.17803360207923688 0.17831067221361535
1 0.24802829999071122 0.40238071838572587 0.16427783278320493 0.1410031984191349
1 0.6787231155524767 0.377285355448496 0.17043274440092268 0.11985752662212149
1 0.6662599269650574 0.3029516505816268 0.16946224025173784 0.12752416098152414
1 0.24032438899769346 0.286005379159454 0.14517263527271587 0.134565310731967
1 0.68548075579957 0.45423353057327454 0.1834063410815748 0.1272744517469
1 0.6982120184476173 0.7638384403070131 0.174741736102553 0.1357742579033161
1 0.29262117881593513 0.925533963810175 0.2082413203356503 0.14893207237964995
0 0.47157497300707635 0.9310205922418382 0.12831702199532416 0.1379588155163237
1 0.22302033505829005 0.1821090289098969 0.20788612282516122 0.1636915707152625
1 0.21900918651282691 0.08968171942571564 0.15412066016782514 0.08885723585674551