1 0.43143627874722074 0.7989794181269315 0.1379483508012036 0.07732609016268785
1 0.7888818830352771 0.43093496271729614 0.29468636635259243 0.10166353571157001
1 0.45650392073597057 0.8623742976154268 0.13781164976444432 0.07576359016268767
1 0.2695475397269439 0.28736014119596015 0.16206935598499986 0.08527494554888211
1 0.2978864446751845 0.370295361043535 0.14589755183796277 0.078934041958086
1 0.40616358520333196 0.7332407886384363 0.13794835080120346 0.07732609016268803
1 0.8175037519797674 0.5349548422057914 0.2553504642790738 0.0983112767345796
1 0.7669495114988882 0.3230497398446592 0.2871472684261109 0.104743083916172
1 0.3370296912348146 0.13939079468856047 0.16659961404351825 0.17275676483072294
1 0.8280201698874988 0.6373076825648709 0.22749886635259245 0.10127265027114643
1 0.36461248930310075 0.5885413669954633 0.15710845391148132 0.08212267447164337
1 0.37708238647564685 0.6596714784317819 0.16335845391148132 0.08215903590796181
1 0.8592680442986096 0.8248940409761273 0.19488185598499969 0.08546584308955403
1 0.7260914827051848 0.20412247784260665 0.31499886635259244 0.10178171037960508
1 0.8357827346849522 0.7349593873853312 0.19230366013203684 0.09169766237139498
0 0.5042664179077313 0.10522539382823881 0.17591582544786988 0.18998971662612102
1 0.8703510987284705 0.9069480168738263 0.19060445909527743 0.09012607201231546