1 0.5484382279563719 0.23000096140990559 0.12141581411407198 0.08415791868236289
1 0.538855050368317 0.05396517274026935 0.12686813861970414 0.09514996268299925
1 0.5606504707437795 0.7821543547501325 0.09365144703379294 0.06666133601209037
1 0.5550331633380969 0.4599520907463145 0.11974405347041035 0.08257723734881743
1 0.5481975633577674 0.1439907360757238 0.13435285668871888 0.09055336935072647
1 0.5608414948810945 0.723515151416269 0.08896394703379293 0.06660679201145392
1 0.5596235662846334 0.8415657174172235 0.10044775025210165 0.074546561346272
1 0.5497879244859616 0.3113327774108601 0.10880655347041035 0.08244996801399936
1 0.5442156316592132 0.39102027741086004 0.10913433540139543 0.08713746801399935
1 0.5578364632022108 0.6546742447485416 0.09063570767745457 0.06818747334499946
1 0.5521763250867098 0.601440156747269 0.08071440445914604 0.06026588534372692
1 0.5511162056606422 0.5271486814130872 0.10535377153942509 0.07772610534690845
1 0.570533933112811 0.8979884400859051 0.11527507475773362 0.08564769334818116
1 0.3972928110888534 0.803710086728179 0.08013525025210155 0.07431020401018137
1 0.3938343113409549 0.730172589393679 0.09340007475773371 0.085393154678545
1 0.3793836812712256 0.657289072724361 0.08158848960843983 0.07276588534372692
1 0.6743608616323974 0.028175926758404867 0.061887994804219915 0.036628390674726896
1 0.38990129214731845 0.8982322460614064 0.07930472376899803 0.10708634134309065
1 0.36965875602895937 0.5727322593889065 0.07308757475773361 0.08515679734245403
1 0.3727069823958474 0.4844146467218156 0.08580609604505715 0.08842724801081765
1 0.749885385517611 0.043910562102131664 0.06218292574646931 0.06317270934118145
1 0.40946003929732677 0.9539737160645879 0.08525979282674849 0.08061474801081765
1 0.3617091342571032 0.40687999271958847 0.07265053218308673 0.07890679734245402
0 0.6524094519774714 0.05137706942231409 0.05883940445914604 0.06001134667409056
0 0.6554744678169133 0.08581570408972314 0.05135468639013112 0.06460794000636336