1 0.7993169231498994 0.4040007439175106 0.1730854591870436 0.14806712743398442
1 0.28869607884622905 0.49039930884902355 0.46885289116544965 0.3949729496723932
1 0.9433661125820795 0.7603989740320083 0.11326777483584109 0.1710955243497292
0 0.7815006034786264 0.4802320073101912 0.10829102205615708 0.09546823295387127
1 0.32939162278531864 0.3041930275994354 0.2950354948475196 0.1954251428552598
0 0.8651035632155629 0.6799223157521777 0.15721648014341483 0.13063416558343127
0 0.2685546549429932 0.7083368311701579 0.401520037860048 0.2737058758091312
1 0.745631288409941 0.31023315300812015 0.12572250109978605 0.11292846834337489
0 0.3961076777524868 0.1644935535740177 0.11857162058574673 0.0894091477265238
0 0.39075384025097587 0.21780946834667012 0.13304232499697816 0.10837733603812652
0 0.6079413402509759 0.21401844643257287 0.11281429668855444 0.09398755357072242
0 0.5233669560609104 0.17636053368851537 0.10968929668855446 0.09393300649282174