1 0.5904592208367964 0.12093669332344714 0.15550985376405216 0.10128501834240007
1 0.1769697934232976 0.5785328622989855 0.33060269566510647 0.14695653417751764
1 0.5643543186693496 0.05302777929596676 0.15550985376405216 0.10128501834240007
1 0.746077937682079 0.6680975351684615 0.184080522737413 0.11304087226160835
1 0.7184887899632564 0.5791630673009152 0.16338602076024672 0.10307483887551357
1 0.6141567060080487 0.19047630351086156 0.15550985376405232 0.10128501834240007
1 0.15030381714929375 0.4669421444314391 0.2865343606841345 0.1378710391920826
1 0.19638168521062102 0.695796918646334 0.3229175296574952 0.14985421364440424
1 0.6649194850968903 0.8405695802330388 0.1927153765014653 0.21005226458147633
1 0.14320092437338713 0.3540018752311092 0.2568468606841345 0.13700722116625164
1 0.6546650063886096 0.34536238031218114 0.17763952174882985 0.10817151583511767
1 0.643754022700232 0.2684278072717853 0.18551568874502422 0.10996133636823106
1 0.11644871787104683 0.14877481763011952 0.2201453567298018 0.11721154671393004
1 0.23650532502077812 0.821822209554276 0.3526050296574953 0.15071803167023523
1 0.13821894711080016 0.24646215987084527 0.21571252471457938 0.12332515439406197
0 0.4765135596977389 0.8874087909744492 0.20014587452429886 0.20090458511458992
1 0.10879006817505799 0.0686243163764783 0.21175985376405224 0.10292172618081659