1 0.5068066910756238 0.43237935535133654 0.08211061151914834 0.1113852502521016
1 0.4365419885002482 0.4375642460647276 0.09135806576151388 0.11047831411407198
1 0.36745714865196916 0.4381708974217804 0.08874324879205205 0.11650979282674853
1 0.1349155866834771 0.4537584205506893 0.098118248792052 0.11716535668871889
1 0.5611913021357302 0.4229768582013282 0.07729556576151389 0.10949496832111624
1 0.6216823919840093 0.4217692733041359 0.0873082945496865 0.11796303218308672
1 0.21827022062240084 0.447158495308423 0.09317565727678294 0.11371257475773362
1 0.2985636274401418 0.4411212987788332 0.08616038273097573 0.10390053218308673
1 0.7595007406262801 0.5875413747970747 0.08893469636645754 0.08079081411407181
0 0.07444034335143687 0.483708364482389 0.07822033697334119 0.10179172896477802
1 0.725349525922933 0.41658973642947206 0.08201501666989941 0.09118201089576328
1 0.6837194906262802 0.5822422335794805 0.10086061151914834 0.11269637797604233
1 0.8564879556194913 0.4148847608188887 0.0704397878817268 0.08260468639013112
0 0.6945617825908929 0.4486156325907448 0.06967451333591956 0.07322968639013112
1 0.05254988364905964 0.3392481702985878 0.05535692182065048 0.06912134059717552
1 0.6155752685060673 0.6038880046147025 0.07786965060882309 0.07846348960843982
1 0.5335918159306917 0.6082534405006305 0.0950571506088231 0.07966535668871888
1 0.8398101228982139 0.5721838085893157 0.08737219636645781 0.08068155347041035
1 0.055388099101312746 0.2788569735168965 0.07047173879011233 0.06396394703379293
1 0.8026454784983086 0.4118965186125589 0.05092451333591974 0.07191855866619039
1 0.7778367971347604 0.41249209831397116 0.05691942182065048 0.06923060124083728
0 0.11066527258895317 0.3565174337922411 0.06683655575957421 0.057495425746469396
0 0.15696631667959776 0.35276400310209316 0.03807382697140151 0.04771623416055819
0 0.12498312198013002 0.28450032215984367 0.0781886439408634 0.04430701089576328
1 0.19896275591905374 0.27724483305560693 0.07621155575957417 0.058150989608439826
0 0.9155759131958365 0.43455240463437284 0.06721919303247788 0.06218292574646931
1 0.9214747110795031 0.5639121227033878 0.10089256242753386 0.09405563861970415
1 0.9768327933417386 0.561344133599151 0.046334413316522924 0.10066627153942491