1 0.24521056527482 0.6342004304454643 0.22171241529826116 0.2586089518264695
1 0.39798662821194897 0.8304222419549145 0.30003740319801275 0.29936123970819617
0 0.2766776921310366 0.40027196953513905 0.11323631908544902 0.1357457945496865
0 0.3097032946885605 0.2998734857459965 0.12264768052176755 0.14276106909549374
0 0.5064192134046672 0.2564589702840451 0.08792724687674199 0.08058006242753404
0 0.5928860377546735 0.8778240451294147 0.22898858411256384 0.16705918061464226
1 0.9122959878015557 0.2232333004202486 0.1754080243968886 0.21285017061270253
0 0.6989521470496927 0.30014584209499723 0.1818681444174139 0.12104530788560605
0 0.4476936531980128 0.23858568619534015 0.08960792154477701 0.10102010818516849
0 0.40819027078265124 0.16599308013620356 0.1324135659621911 0.21071384364130097
0 0.2843952642415477 0.5176667636257836 0.08940793364502539 0.06664510818516867
1 0.5955130087805987 0.14124759143068014 0.2642635296614458 0.28249518286136027
1 0.8227789698475748 0.16897430104846844 0.3544420603048504 0.3379486020969369