1 0.7143848706964218 0.46040033296922206 0.15360120435383634 0.12154268413543572
1 0.3524403651693081 0.8718116138442322 0.36764883538669524 0.23650505245089226
1 0.6782316050873252 0.39476248649715767 0.19093751324684388 0.12145960516929462
0 0.2640128153467934 0.6404815349449688 0.23783236061443871 0.1723357805852075
1 0.7445783129845406 0.5394292013738486 0.19460815027015244 0.1374683069221163
0 0.2207266399337154 0.3746795305852075 0.18550596878180678 0.1441297016636515
0 0.616316837494494 0.9810516489786878 0.1504216406515056 0.0378967020426245
1 0.30413432914179145 0.749759609484471 0.3421577620657176 0.21937293842831948
1 0.240215705998299 0.5355616446077801 0.27108137023308554 0.18886464898983402
0 0.7578247804155851 0.9486900831587086 0.18859625244707062 0.10261983368258284
0 0.7851040761465666 0.771939078542583 0.1399752139724834 0.1323160262477387
1 0.22202873430608533 0.2924564297087967 0.1769841406515056 0.12285794728159746
0 0.22486601371018006 0.45835535952905604 0.1932093413771451 0.14196395604570533
0 0.8361457317741966 0.8605891837787553 0.20145835099579196 0.15542321042775945
0 0.5858829031805592 0.32065550847430496 0.1233135036281972 0.10071001748363066
0 0.5684250738691319 0.2588823725191701 0.1641021947351895 0.11038564027031121
0 0.19401784011120066 0.15092756130417012 0.14653274881887368 0.09733778062979255
1 0.18881941942262814 0.20991885955134854 0.17180556733052793 0.10821989465236515