1 0.26838357884622904 0.49453125 0.11502898014341482 0.128125
1 0.11031530476372467 0.5515625 0.11881088161382528 0.134375
1 0.779264915247954 0.33046875 0.09003369815896498 0.0984375
1 0.4806067999879125 0.425 0.11313802940820956 0.125
1 0.18811657204406967 0.51875 0.1241552830842357 0.140625
1 0.7246571689239802 0.34609375 0.08797852205615726 0.09375
1 0.8355172742557292 0.315625 0.10022982499697797 0.10625
1 0.34326394833218976 0.47109375 0.10902767720259385 0.115625
1 0.4196645819723622 0.4546875 0.11371517720259394 0.115625
1 0.6621946867542181 0.36875 0.09126774742375972 0.0953125
1 0.6143296165330522 0.3890625 0.07918066985054147 0.084375
1 0.5446716589956877 0.41015625 0.10384750109978605 0.1109375
1 0.8849870803226834 0.28828125 0.1143720786730043 0.121875
1 0.8523902512730107 0.48359375 0.09340739521814427 0.0859375
1 0.7846232444708513 0.5078125 0.10894792352656761 0.1
1 0.721829952558109 0.5421875 0.09200912058574673 0.0875
1 0.053509388039316416 0.42734375 0.023920740071707407 0.0640625
1 0.9404476869425522 0.46484375 0.1191046261148955 0.0890625
1 0.6455090725939627 0.57421875 0.10212549374773375 0.0796875
1 0.5617886150565979 0.5953125 0.10985352205615725 0.09375
1 0.04998561965918545 0.34921875 0.03362419080691263 0.0671875
1 0.9686372202151222 0.43046875 0.06272555956975552 0.0921875
1 0.4933623477762531 0.628125 0.09587549374773374 0.0796875
0 0.07381952903154129 0.4421875 0.06125651470410478 0.0625
0 0.09828697609072035 0.4296875 0.0762246132336943 0.05625