1 0.4499968300303884 0.7300691960639558 0.1598663089182919 0.12669305404758582
1 0.46337127915786824 0.8303524790806425 0.16248856436617348 0.16419305404758608
1 0.3864799052923251 0.49464295115233836 0.12589550050420312 0.15293464947960161
1 0.4912017121938047 0.9536893232694628 0.18475704827463008 0.09262135346107456
1 0.3664619722563887 0.3548058452048731 0.09433986188449897 0.05787445499752568
1 0.405323104419805 0.5952128392119793 0.14987930372251182 0.16197545680654796
1 0.47862493856069277 0.8813351249421995 0.17327324505632152 0.1180550384437538
1 0.4215329764437626 0.6885877029613606 0.1291954631253363 0.11107469810012063
1 0.4398391241176446 0.2810241864530173 0.04808757475773362 0.08658595318850323
0 0.4379877749704943 0.4981264772716202 0.04310514381548423 0.05985967887824373
0 0.39117774899159385 0.3153272653766896 0.0445583831718225 0.058379066033373485
0 0.42295799069372053 0.41030225067736853 0.046918558666190394 0.04760534034363299
1 0.3674510358662576 0.41915495024782723 0.10863159084927698 0.12867827792830408
1 0.4306387227605918 0.21075595205684952 0.06331909084927698 0.1263035504295413
1 0.4012950662077589 0.10336285391130036 0.09133483020561535 0.12621501922187686