1 0.289672699542934 0.4869890993262677 0.23776548138875012 0.20571797297070554
1 0.8579603190638065 0.44034653175303157 0.16250861621110388 0.1563345054222486
1 0.25690304900481475 0.583281318024928 0.24154545285270287 0.2202196630791505
1 0.8850814371369372 0.37275363531037004 0.1736644400324213 0.1625591708018061
1 0.3461345612059238 0.39945955644094466 0.22057798138875012 0.20330242737425816
1 0.22654992307380128 0.681465429304922 0.22065075599585598 0.20486492737425815
1 0.6637096288219884 0.8189655568516621 0.17202916542531543 0.1607770757475837
1 0.4783458252645504 0.9205300334373623 0.19845042431665566 0.15893993312527535
1 0.4000900070293133 0.32477207344717673 0.17410108767505647 0.171934170801806
1 0.7949423963997809 0.570418301840131 0.17493584160399783 0.15652876585602868
1 0.8190112890800172 0.5039487152890244 0.17515416542531562 0.1612162658560287
1 0.44841188296032675 0.2291133052907412 0.15654971463952716 0.16170612520535868
1 0.7653319791124387 0.6345568057014587 0.18779971463952716 0.16609802628980858
1 0.6319373980524107 0.8866809181316562 0.1818408130679506 0.17146964607291865
1 0.19036417410725864 0.7710684578951374 0.21937935442427942 0.21089533232003568
0 0.34781926323005713 0.8855575232089411 0.14641273531769156 0.17735645982580123
1 0.48180011765884584 0.1461023365920809 0.2167252353176916 0.18723823726581318
1 0.5227846825888232 0.09287599811031054 0.1518193651776464 0.06014362520535872