1 0.4065129295750415 0.4621436937598212 0.0898002104723444 0.11585954301252847
1 0.54565750851889 0.4546409987269893 0.090787157843112 0.11133626838013093
1 0.4766197322042739 0.4595231649015045 0.089224657843112 0.1111720430125283
1 0.25056455238401454 0.4745778678362818 0.10150511397798753 0.12325912058574673
1 0.6040732541368361 0.4405879347580897 0.0812203069667012 0.10878841617451532
1 0.32945695588965773 0.47261659945615075 0.09391215784311199 0.1116647191153362
1 0.6672585786986307 0.43315555737018363 0.084537157843112 0.11067936690972044
1 0.16531237694580914 0.4827469003706245 0.10345131573080915 0.12654834595334935
0 0.728524394474025 0.4552042187688867 0.06743273680925306 0.07186556396889951
0 0.09504041640658716 0.5162467426479476 0.0753540087195228 0.11125651470410478
1 0.8466306093953009 0.4245901154634851 0.0752175438205395 0.08502246543930991
1 0.09507110946217844 0.3682644009205175 0.05630338593284232 0.06915348639568117
1 0.7722338550132469 0.4244962077408081 0.07716374557336092 0.08831169080691263
1 0.06536976296782158 0.3777167955887686 0.0315229297979668 0.05575260588164195
1 0.8675700479127905 0.5822383900958824 0.07349088593284207 0.07095996543931005
1 0.7121012979127904 0.598578814172343 0.09977845609029039 0.10919662058574672
1 0.10770957440574691 0.3036294711416834 0.06787182453950207 0.050319014704104784
1 0.7875670786094606 0.6009343592112186 0.08363328943848565 0.07819531764492567
1 0.9020993593953008 0.41876011491359205 0.07697189469695012 0.08674919080691268
0 0.952729297979668 0.4379699912017122 0.04616098242719922 0.06191813419006564
1 0.4766018856207469 0.6462794327317425 0.09180179820259333 0.0944772191153362
1 0.5551244338679253 0.6348610516678102 0.10175235083182574 0.100150071320952
1 0.6400888329915145 0.6243482691334675 0.09393985083182574 0.09932894448293883
1 0.9436950371248496 0.574972597083354 0.11260992575030074 0.09677637426177288
1 0.9919748024731847 0.568816504806031 0.016050395053630595 0.07499056396889951
0 0.1519648945409025 0.3804852630544258 0.06025117541591287 0.051060387866091614
0 0.19775702173192947 0.37962897739394985 0.04344737716873448 0.05237890882246292