1 0.46528543310841075 0.6589784211736254 0.1672530996293755 0.11927406405973215
1 0.4422750095818431 0.760145346298404 0.1542604235265676 0.11341963893495369
1 0.4225561704306532 0.8741559245013907 0.1614957757321834 0.1233781014973431
1 0.5091267555291487 0.4553008693849643 0.1542604235265676 0.1134196389349535
1 0.5181966685775308 0.34692591784586024 0.15533024742375973 0.10887800457555086
1 0.48907710663497833 0.5577385632285482 0.140775071320952 0.10287771381017485
1 0.5684245871550615 0.7375385950506183 0.12293066985054146 0.09502319176360441
1 0.25377786233735183 0.7135348013730691 0.1142125713209519 0.10039799792002065
1 0.655283746150749 0.3232981071138933 0.10648454301252848 0.08575203535763123
1 0.5272531064617537 0.9231744640189807 0.10533968345486037 0.045418766638825755
1 0.25433142005398496 0.5757850921384451 0.19077035330540165 0.13694118302809458
1 0.5396821099343363 0.22346740682257496 0.16018197279136254 0.1108781014973429
1 0.6787915637956747 0.24683945070792007 0.11306299374773357 0.08946049792002046
0 0.5584606443218016 0.6556952327377861 0.0747418669097204 0.07814722254568487
1 0.5411841809088388 0.8715909529956954 0.1152823952181441 0.09585636356061791
1 0.2702237628812011 0.4466600436775491 0.19973714889417024 0.11921224251227595
1 0.6271377413749368 0.4512463306995678 0.11174447279136253 0.10635626663882594
0 0.5693464724449129 0.5889243186362928 0.07079574007170741 0.07004299126449016
1 0.7184854687688867 0.5904732843186513 0.10524577573218341 0.11812693843583943
0 0.623632618762843 0.3889132073634504 0.10739014154211794 0.07964790099822858
0 0.5806053461567928 0.5406846060739036 0.07013883860129688 0.06379299126449016
1 0.6443936526004153 0.875880455075675 0.10524577573218341 0.11812693843583943
1 0.5556589244531288 0.10825899272108168 0.15351905036458077 0.12108627329435624
0 0.6782026209624149 0.16412089455150397 0.10557894448293884 0.09185616971703396
1 0.6842982842142404 0.7390986720058191 0.1086147547758122 0.13546030407643653