1 0.12335203681321297 0.3922540387380401 0.17717060815287322 0.20643910088581655
1 0.21983146193799152 0.39529658624750275 0.16535791430928928 0.19597881945247622
1 0.4060507934687433 0.4052043621878611 0.1479405045755509 0.15864595760961003
1 0.8221356129362201 0.4364588285399792 0.13383598252898032 0.14021813597150684
1 0.8482184939678575 0.411793104854247 0.06208462562389272 0.06808144737146474
1 0.7341770049911429 0.43178230990432065 0.11650261688838306 0.13695019371911488
1 0.5932491624371059 0.4087070979234565 0.1662529076537588 0.1558189400667649
1 0.31745680116426345 0.4021678636545839 0.14344089226271875 0.17677579679055846
1 0.8932713849827906 0.44674703942802985 0.0785229979200203 0.1115092690095679
1 0.46666565141382055 0.41259408440687056 0.12552406405973215 0.1672578545381665
0 0.5348544113971161 0.4673299762163543 0.08254299126449016 0.07165947003338254
0 0.6718129708812974 0.4647789784019813 0.07185520049911424 0.056666728804805014