0 0.8358775158394419 0.10280329897092821 0.10011996832111629 0.07653029121570665
1 0.26973516568388534 0.5696577642540035 0.39437198491686276 0.28542602758992286
0 0.205813321403539 0.39950501879593137 0.411626642807078 0.3271350375918627
0 0.2506256246987223 0.8679287468955412 0.4702460700661567 0.2641425062089177
1 0.24650171043983274 0.7416284880412063 0.4930034208796655 0.3147942763819751
1 0.20377521002324311 0.20895976712894138 0.40755042004648623 0.32104453425788276
0 0.7432662287895511 0.8204533135147958 0.2430280062041863 0.276179089099373
0 0.569178882744494 0.8942421445690831 0.2147830378830701 0.20551590273485515
0 0.8966686423028751 0.4581920427620104 0.15816169728589458 0.15117934697528082
0 0.8863652908099361 0.5830644970043759 0.16652050050420292 0.1596295757634536
0 0.19740524170212675 0.10961347137130686 0.34442697921687965 0.1710447921337906