1 0.5349807906190477 0.35705381007317843 0.11987724267981754 0.09825678134945379
1 0.4928194679344576 0.48861234540099685 0.11520792401336308 0.09976473734881744
1 0.5131143339433663 0.42321461207031497 0.11518974267981755 0.09820223734881743
1 0.5773602893061831 0.20674527474536003 0.12939769334818116 0.11086586935072651
1 0.4858694865929579 0.5486958700668151 0.11197383601209036 0.0903533746817267
1 0.5522779259627745 0.2806822140754056 0.11680678668045381 0.10290791868236297
1 0.47031666458468563 0.6094606473981334 0.11513519867918127 0.09351473734881743
1 0.6001898093173189 0.12496856341499625 0.1325408746817267 0.11246473201781737
0 0.4283377025780041 0.6581975920591792 0.07583634134309047 0.07274770401018138
0 0.5932681946610457 0.048315156747269015 0.11658861067790856 0.08415791868236291
1 0.4159911492282321 0.779164072724361 0.08998974801081765 0.08072383601209036
1 0.7309494606540461 0.10148670476604087 0.0725840720082724 0.06177384134309046
1 0.44180021857100443 0.7099237240610881 0.09315111067790856 0.08388519867918127
1 0.7328664966581823 0.07103613609958633 0.05510567067154533 0.03657384667409058
1 0.2625121605665501 0.7406544613701347 0.07745338534372674 0.07745338534372674
1 0.3009854092536855 0.5903004727084527 0.11529883068109026 0.10757723734881744
1 0.7860091306492736 0.1372883921069042 0.05704997867599957 0.06940452800763604
1 0.27282349924414045 0.6602947993714073 0.08383065467854492 0.08846361067790856
1 0.4013013932209143 0.832906690722452 0.09158861067790855 0.08386701734563573
0 0.36567242854873266 0.8731226107176795 0.06308180267345431 0.050727253341817755
1 0.3404586312858203 0.3540089840467706 0.10112724267981754 0.09803860534690845
1 0.32315240527532085 0.4311618300445434 0.10748633068109026 0.10748633068109026
1 0.3026575445974123 0.5137470633752252 0.105832924013363 0.0996556493475449
1 0.24211729722314143 0.8146459447008165 0.10605110001590834 0.1184056493475449
1 0.22175879654682368 0.8855124280314985 0.07896134134309048 0.07278406667727211
0 0.6991267486473645 0.150341828095132 0.05541475334181776 0.06313634667409058
0 0.6837830119748649 0.19313785542645026 0.055232940006363404 0.047511346674090536