1 0.5683356871422864 0.3292810304882991 0.17565098933548207 0.14920383225631967
1 0.597506518627613 0.23138904435600746 0.18702810509226264 0.18379703780340292
1 0.529138866321478 0.5724491490294101 0.15008954721387227 0.16577308320625014
1 0.6307879974397512 0.08978342581489637 0.20092400512049763 0.15447321371520847
1 0.48909915329435527 0.7092036134102088 0.09931673151356132 0.07096842306201392
1 0.5530229583301483 0.47130487632798657 0.17425508930724706 0.1788185970739585
1 0.6053337001552918 0.17759189712954912 0.18622446828879458 0.14320840539458346
1 0.5771877713996233 0.3787725374221533 0.14478042093374804 0.128200348023889
1 0.3921562638600513 0.7484096241437851 0.06447129465362353 0.08888196846486114
0 0.48358344261571984 0.5487018712939935 0.05207771046687402 0.06362739532659738
0 0.450787811215098 0.7356927250174656 0.05520271046687384 0.06370013050895836
0 0.4605639005929322 0.635002393995417 0.05309417889684287 0.054288762917777865
1 0.5153046084995575 0.6487934434823268 0.12988346302712267 0.14033667211208342
1 0.37252703234648993 0.8167959482319794 0.08714993145709168 0.12997974715020852
1 0.3543469087677887 0.9274606912981251 0.11398544724210717 0.13528549620027802