1 0.3095739461380574 0.26888593230472 0.28584763817089803 0.2846877622083369
1 0.8420525645082628 0.8695736551530494 0.23011578863843632 0.26085268969390113
1 0.17732959358053343 0.4799263318228045 0.35465918716106687 0.41297766364560895
0 0.5149654280858806 0.3049721451090953 0.1335306383672897 0.13817835048191557
1 0.8567837267814618 0.6751561845917002 0.2813237646343311 0.3122924968972104
0 0.6100733950065892 0.3507071231019994 0.13194086729005097 0.13331742871154012
0 0.7528507265850701 0.5338494259765433 0.0958306504675381 0.09964122799290412
0 0.7750211632551577 0.48549608076179995 0.12868860226293624 0.11109558517078924
0 0.1359228226996863 0.728542365793042 0.2718456453993726 0.372709731586084
0 0.09786831079582964 0.8360989933040305 0.19573662159165928 0.206572986608061
0 0.7181393832991242 0.5878466470282828 0.10692268657189175 0.12741768038553242
0 0.7552116155415352 0.799907980402482 0.18705561416679295 0.2128246906746817