1 0.6832190476383668 0.39134415246276916 0.16027958511458973 0.1975893065307548
1 0.7904237938774431 0.35482132070427097 0.1504499440483631 0.18163692431676956
1 0.9072763247562555 0.30859610673178767 0.16009772868809904 0.1913393065307547
1 0.4671561269469689 0.4675693796820964 0.15205790815498563 0.1832539880191005
1 0.3563262755350431 0.5213888388452563 0.14580790815498562 0.1830357332097769
1 0.5752785155059132 0.4263317660724327 0.1390578029821361 0.16562997840045365
1 0.7267597621407009 0.23607380990449775 0.12610316191590948 0.1495684687818067
1 0.8056610343105316 0.582182428871639 0.128864449062928 0.13717759618646852
1 0.2882929925446596 0.39186751915247564 0.1130121285298145 0.12881945916315996
1 0.6698622751393317 0.6626288754209272 0.1844899749271754 0.22497026206571746
1 0.2276186023363626 0.5727107805852211 0.1506318004748537 0.18788692431676957
1 0.20495765531849877 0.41272814537601105 0.11792694906292792 0.13679565027015245
0 0.6477793043022844 0.29502471316987516 0.09638691818411545 0.09389882213985139
1 0.8679447032860701 0.18509660854588617 0.12426787727617353 0.1401389050794759
1 0.5369528352476038 0.724243476416719 0.16743886724704354 0.22905756134007813
1 0.42467677342347193 0.3449602589008567 0.13359741316955048 0.138903787293461
0 0.5790376644896988 0.32396073422126737 0.08687552586424747 0.08888393992586625
1 0.5321352354185237 0.1656050863981856 0.14279055674305993 0.13298116950744618
0 0.363383920757905 0.3861234614405946 0.10676212852981451 0.12860120435383654
0 0.5278472375300947 0.3397965545470202 0.08053459765100221 0.08554068511654282
1 0.8321328869095919 0.07474195110415756 0.12854620031656916 0.12624009618646848
1 0.10748194708437084 0.6245138719623661 0.1583533722616083 0.18503474282842394
0 0.12310225006650702 0.4631944260460501 0.1176996285298145 0.12898315027015245
1 0.6897491586172041 0.11327371616510003 0.16176787727617317 0.14144843393541642