1 0.3361452541809718 0.5709077454396058 0.080670731382639 0.11896754382053949
1 0.47331859907072876 0.5681634471255498 0.0820877610179167 0.11290939469695012
1 0.4051134597280551 0.5699741840016805 0.08052526101791671 0.11271754382053949
1 0.18163893892649258 0.5777916841131432 0.09175370174736122 0.12656049995541493
1 0.5308044439604858 0.5556347541145435 0.07271276101791671 0.11175828943848547
1 0.25918271067798565 0.5786945524954772 0.08524912860909736 0.11485559644977172
1 0.5928141346899303 0.5507128637327697 0.07587412860909737 0.11370449119130707
1 0.09768151301468701 0.583152662225166 0.09338893692972232 0.12987735083182556
0 0.654132841186944 0.5754784733509959 0.06246493882958326 0.07310718418002082
0 0.03180781876986088 0.6143631227866805 0.06361563753972176 0.11507514031489627
1 0.7699403323532288 0.5481732627671889 0.06904224715020853 0.08793708768566404
1 0.02430542311046857 0.46584354384283194 0.04861084622093714 0.07176422804514519
1 0.6963573619885065 0.5454062715758818 0.0706774823325695 0.09125393856207467
1 0.0033931844611803687 0.47449267982025933 0.006786368922360737 0.055235359640518664
1 0.7983711908263537 0.70679370573361 0.06871493882958327 0.07387458768566386
1 0.6445370227983328 0.7184610698453527 0.09142639342673622 0.11249799995541494
1 0.03216888184013856 0.4019590482248859 0.06355466014423615 0.05298653505643149
1 0.7196461255718745 0.7229824119130706 0.0781990416031249 0.07971319294412851
1 0.8248642216959023 0.5447317934415665 0.07064111474138893 0.08969143856207466
0 0.8760812295796871 0.5659066223631225 0.04197060087368065 0.06280062278668055
1 0.41328571637756883 0.7574464910129668 0.08484908510611114 0.09766809644977173
1 0.49106587747173547 0.7481931093953008 0.09429682028847246 0.10194420170823655
1 0.5742784209747217 0.7411737058450726 0.08495818787965277 0.10235559644977173
1 0.8736803153513885 0.7027212978013277 0.10672408510611113 0.10035400871952298
1 0.9466275060808329 0.6991423635544296 0.06253767401194459 0.07623218418002083
0 0.07969653885024267 0.48065860083182577 0.057304660144236144 0.05221913155078841
0 0.1251363254193746 0.4807535262477386 0.040189895326597294 0.05323377191026975