1 0.5802116155415351 0.6952181753282599 0.17961581888905725 0.26247026206571766
1 0.05472788573501115 0.33946923856725464 0.1094557714700223 0.17731152286549073
1 0.6922076214934634 0.6436606206116038 0.19524990924813695 0.2645783990890262
1 0.014811412862374213 0.36820436297669146 0.029622825724748426 0.17921627404661714
1 0.45507526015534083 0.7230207715147283 0.18261355386194272 0.24070438947037937
1 0.8042172629840112 0.5897593158949475 0.1857476442210224 0.2423760168750409
1 0.5378807533196497 0.18430052269585476 0.14637607201231528 0.18788692431676962
1 0.8181449702403583 0.20966258812746613 0.2214942466803503 0.21081848202865067
1 0.3424889017440845 0.7417931080825501 0.1604476623713948 0.18994049763774717
1 0.2068938528521115 0.28490324573883075 0.1385908430895541 0.1923016058051153
1 0.12858250049097933 0.3196626808553735 0.14640334308955416 0.19257442431676958
1 0.21649857348525323 0.7821229861201839 0.15250789734428025 0.167792679126093
1 0.28985634377692515 0.2562301195152954 0.1464851563212707 0.20663692431676955
1 0.6239682442444634 0.15551826906765767 0.15424311416679296 0.19753474282842384
1 0.9075695219610017 0.5470956115411111 0.179479463502863 0.23903276206571747
0 0.8735586572050333 0.35144829484355533 0.17429199375348423 0.15293157095872498
1 0.1264321096878026 0.823541649004208 0.15127265027114647 0.22398811542376224