1 0.5450359452750455 0.6791752729937297 0.09940685775648764 0.09095529580655146
1 0.5753874293325291 0.8956865900244448 0.11264384215265544 0.10670045755167337
1 0.5274943204443877 0.5635202822216269 0.1121525192218769 0.09732545755167302
1 0.5530288297166418 0.7518465183797811 0.1121525192218769 0.09732545755167302
1 0.5103931088881414 0.39442479237231376 0.08781426051544958 0.07698296677957028
1 0.5579786013133679 0.8225345983295522 0.1230900192218769 0.09879778657865437
0 0.558344850747541 0.6203861856616409 0.08460737336031983 0.0749998013432899
1 0.4960616932388806 0.2925768833955614 0.08945864767057934 0.07875579949771039
1 0.5796821036882169 0.9633331378810495 0.11873006784239593 0.07333372423790116
1 0.5004725542747286 0.3435233806271923 0.08945864767057934 0.07875579949771039
1 0.5228754194944479 0.501531118630926 0.0989155348257091 0.08158029580655146
1 0.48947085651329214 0.2381898870867203 0.1074650192218769 0.09669445939725244
1 0.5177242520361649 0.44969820504022506 0.08625176051544958 0.07677263406142991
1 0.4697648711010716 0.9294608806271925 0.05895227611928178 0.05913447785304697
1 0.47993440920614105 0.9816475267228952 0.06026911465389269 0.03670494655420953
0 0.5088250440979631 0.18414838062719227 0.05393722749876275 0.05225347969862622