1 0.2840668613209685 0.443549302740695 0.10931591422935397 0.13319420170823654
1 0.12124592778497563 0.5064566973930601 0.1164442944462439 0.14021160521387976
1 0.8081124347271708 0.2592001495025622 0.08661320325334927 0.10276699119130708
1 0.5019300220587377 0.3651415265375415 0.10753381917513138 0.13143985083182574
1 0.2019976093903046 0.4703155000668776 0.11888517466313386 0.1466534560902904
1 0.7518371001067281 0.2772361319297614 0.0843919180906818 0.09788764031489627
1 0.8652788168747246 0.24184949163715763 0.09530408347023922 0.10997624557336101
1 0.36055756572452113 0.4166733334819502 0.10599665379557414 0.12050235083182574
1 0.4389274953991862 0.39751393878499997 0.10912165379557415 0.12088605258464735
1 0.6877365981760641 0.3017960441772199 0.08617401314490429 0.09964199119130708
1 0.6383700487182891 0.32375212309877593 0.07704394281956936 0.08930773680925315
1 0.5671284992605139 0.34839411429008293 0.09930746368712917 0.11660994732618253
1 0.9168919861156098 0.21325971096278007 0.11000003401246375 0.12713605258464733
1 0.8732602852036419 0.41173675040126556 0.09110644281956937 0.09103439469695011
1 0.8038008308000892 0.4377493907161618 0.10380070325334927 0.10487735083182574
1 0.7391133393032053 0.47509707927823647 0.08954394281956937 0.0908425438205395
1 0.06495788333873172 0.38303204386512446 0.03065880216889947 0.06518591226975108
1 0.95253807420715 0.3891922723784128 0.09492385158570009 0.09487141222516593
1 0.659814360170765 0.5102651757280083 0.09938346754845692 0.08437299995541495
1 0.5750719656587674 0.534975399368807 0.10582772798223683 0.09744855258464735
1 0.06335313062760738 0.3037559386066597 0.049408802168899466 0.06748812278668055
1 0.9823184749013695 0.35317369345685684 0.035363050197261006 0.09648929820259342
1 0.5036952840534384 0.5699654914365249 0.09313346754845675 0.08360559644977172
0 0.08590383388095657 0.396354833348195 0.06771961206045449 0.06666533330361002
0 0.1159460610827329 0.3839240658199793 0.07443413678934205 0.05981208768566386