1 0.4929523774950665 0.7343998588851581 0.2084428306985581 0.2642510168750409
1 0.25724136023285266 0.09464041052177151 0.16135772046570535 0.17694942431676958
1 0.6126406044085063 0.773621104708807 0.22421369633915536 0.26635915389834963
1 0.1826369351080741 0.07957591651222128 0.1465238702161482 0.15151291469812272
1 0.3761802518711737 0.6680258360196675 0.2079632117301955 0.24243058057737182
1 0.7329642156813487 0.8113071323836211 0.21123407737079294 0.24410220798203355
1 0.7488811545337898 0.32283739862568994 0.16564964559048398 0.18955855172143127
1 0.9194520519964572 0.5353622243937384 0.16109589600708568 0.2147420901960187
1 0.2752519247081768 0.6045412001774852 0.18000387687167854 0.19317462504240906
1 0.42445108277853744 0.16744797186184965 0.15983724251227582 0.19402779691210786
1 0.3415755497086817 0.1388566911918106 0.16764974251227596 0.19430061542376215
1 0.1506883101075692 0.5464608269491749 0.1701492579033161 0.1710268065307549
1 0.5080559440513799 0.20385175253188872 0.1688166676370546 0.20680061542376213
1 0.8342673142675281 0.36163949299805986 0.17589983943406792 0.1992609339354164
1 0.8460587895165803 0.8549703415467811 0.21719234608959823 0.24119546279135698
0 0.9151934606902058 0.6817362273889632 0.16961307861958835 0.15611113466105592
1 0.09017729575651875 0.5155357199629331 0.104796189683625 0.22169643992586624