1 0.43047863183960455 0.5023313752785026 0.1383808265488231 0.10779541335136286
1 0.4177573038204433 0.5728347792807297 0.12530761646291494 0.09671246268299924
1 0.4602192842598821 0.2643404792727755 0.1335295522385636 0.10461586935072642
1 0.49444271879233553 0.02565233863781951 0.13888543758467103 0.05130467727563902
1 0.474812971505869 0.09531775926959385 0.14347776232447185 0.11566245735199913
1 0.4351417983933764 0.42723137794400257 0.13032266508343393 0.10301700668363552
1 0.4133021771807631 0.636988185948457 0.10614818068726617 0.08868178668045398
1 0.4009526633859532 0.6996699992839114 0.11256195499752568 0.09187951201463562
1 0.4514418277920186 0.3504325206079118 0.12555327792830404 0.10139996268299925
1 0.39509881105653255 0.7669665872851841 0.10787445499752568 0.09182496801399935
1 0.6186515027135335 0.06550189524986746 0.08140048620519007 0.06340906667727224
1 0.6074107875392426 0.1344246179185492 0.07827548620519006 0.06337270401018133
1 0.37723960368415776 0.8289307852880474 0.10738313206674714 0.08244996801399936
1 0.4676799021931351 0.18295411927118468 0.15597776232447186 0.11580790802036267
1 0.6266786866801599 0.024758716581822084 0.07424972749876275 0.046148841343090455
1 0.2304763890756937 0.6985267646403649 0.11305327792830414 0.10125451201463562
1 0.5982714829258298 0.18377972792014002 0.0717798247398008 0.05861247867599957
1 0.23115141847433587 0.6219097206397285 0.09866322930778511 0.09484088001272681
1 0.19224048394188253 0.8639159546467283 0.09858134215265535 0.09327838001272681
1 0.2447624598587656 0.43413700063654687 0.1104196008590826 0.11059314934754472
1 0.221342649252459 0.5391608553071376 0.11321040818602893 0.13404883068109025
1 0.6806435696514181 0.1296638452419133 0.06602114767057934 0.0679147533418178
1 0.6985470426276252 0.05362805657227707 0.06922803482570909 0.06951361600890868
1 0.3706011793284697 0.9110893046228657 0.10458568068726608 0.08866360534690827
1 0.6641764439162492 0.21819054324477677 0.07276247060135788 0.07736247867599957
1 0.2196417876507842 0.7901148279758192 0.0955382293077851 0.09480451734563573
1 0.2518136420163698 0.344938140634956 0.10063516508343388 0.10267156134627217
0 0.5740051452957301 0.21298596992363988 0.05270227611928178 0.052144302673454226
0 0.5725588319758901 0.2450535825907308 0.05796298620519007 0.06313634667409058