1 0.23743043492063354 0.5549225416389818 0.2540237708194909 0.1516578392949434
1 0.7438618190937614 0.13160586905684948 0.1683470866740498 0.12593834361388007
1 0.25247683914728514 0.6751244201088971 0.25356269586563346 0.16874520974529403
1 0.7356976681063122 0.07538614743447956 0.17235466378737563 0.06706399136212668
1 0.2487159932170532 0.42777905073828054 0.22806204811738687 0.15933063695090494
1 0.2705481138242874 0.7970890576781108 0.22972467766703622 0.1609932665005543
1 0.7435815029346606 0.6501148395994851 0.17782221622369895 0.12810162091177588
1 0.6342718499446267 0.903700003082319 0.18605382325581452 0.19259999383536197
1 0.2637378207918043 0.31577969848652715 0.17726101172019232 0.1436264913621267
1 0.7474910595330373 0.3075570997785181 0.1850339389258032 0.11922726866002265
1 0.738004240439276 0.22301211905684948 0.1839720866740496 0.1269396391103733
1 0.26350488818752266 0.18476023596345587 0.1536232526208936 0.13899954811738685
1 0.7497964343023247 0.3939952475267646 0.19783432757475125 0.1247158050572171
1 0.7448553038298247 0.7404091725729071 0.18613536397194572 0.13641476866002264
1 0.2795948419250623 0.9129841679494287 0.22407545496493206 0.16996774830195704
0 0.4803260271502376 0.9219103813215215 0.1319880845145814 0.15617923735695705
1 0.2516941054909559 0.08751499614248866 0.21658432757475107 0.12591735965300904