1 0.4308739338647614 0.7468797119271398 0.13873314993424626 0.14356928134945388
1 0.31565024958928256 0.29583647461809315 0.28273658116983225 0.32463856269890756
1 0.4927024813918727 0.7453802992520947 0.14358957574758371 0.16702496268299924
0 0.5133698361403891 0.32083483259073076 0.19705242737425815 0.21444540268936266
1 0.36255045666298513 0.739095031269912 0.15896964607291855 0.1765635946849084
0 0.7161105235377097 0.39335308056177753 0.16099667080180602 0.16878745735199913
0 0.08098390145419274 0.4298318559834553 0.16196780290838547 0.16769767202418073
1 0.4217059891555026 0.30708196260345744 0.26247475041071733 0.3025635680299077
1 0.5967946603270518 0.3432632685789586 0.21975513835026295 0.2427885786919079
0 0.07484790724618441 0.5518886693189098 0.14969581449236882 0.21497266136218052
0 0.18483510388610705 0.6772052006285927 0.1403209845546889 0.13266814401654478
1 0.7721071348177038 0.42780025855350523 0.14227200542224877 0.15764996268299925
0 0.6572211746221595 0.36283942457036805 0.16187505101869598 0.17503745735199913
0 0.10080216377766209 0.681302901973274 0.17569262134403094 0.18455790802036276
0 0.5861315478558798 0.7021746445735497 0.11290543895824161 0.11518974267981755
0 0.6360470849492111 0.71329341056655 0.1280152449884687 0.14500451201463563
0 0.8826814485705865 0.46239233987114225 0.1151013895004663 0.13081474267981757
1 0.8444466595465914 0.4347582358768693 0.13201862520535884 0.15129087468172653