1 0.1853112217330116 0.31557568837979144 0.11748182835784542 0.15978172249741
1 0.4596395985998344 0.7914467138154668 0.1840562539567289 0.32966188296032684
1 0.11545242311249262 0.3250641583960021 0.11583744120271566 0.15814644789030413
1 0.7459178510862252 0.28089224173234156 0.13293640999505119 0.18699919396136275
1 0.6543478267759657 0.2882745562480342 0.11937187697836435 0.16610449710451594
1 0.25903532677596575 0.3066865318458162 0.11583744120271566 0.15814644789030421
1 0.34734431648765873 0.7927802355270887 0.17090780076822565 0.28696496071058564
1 0.5754726385139262 0.7969625055860805 0.18512743102595036 0.3203596575674325
1 0.8734110080290588 0.39107626282479074 0.21813028154634856 0.206554022745079
1 0.24137759950434554 0.7774527961138398 0.1646644448207603 0.2570591368892682
1 0.4159437460432711 0.30171643383167746 0.1262769742194024 0.17889559553293938
1 0.3406947625516145 0.29508975227631157 0.12824890999505117 0.18678087014004516
1 0.05659087884518723 0.7609503085198366 0.11318175769037446 0.22003001778268044
1 0.7062279935568803 0.7854170758927415 0.18980828697341573 0.35019270678164444
1 0.14096151967616208 0.7603081455757206 0.14699226594251646 0.21726889081820958
0 0.8583614608788779 0.5741434739496614 0.22955910447712718 0.21643844499482015
1 0.01434030246570624 0.7493257578578829 0.02868060493141248 0.21384848428423417