1 0.258194847693865 0.3583864365775892 0.14650952090551303 0.16269596302712266
1 0.619939629616832 0.7424014756871922 0.3882698996047118 0.4368292259695409
1 0.4836168658273678 0.06814638637994505 0.16714126834526438 0.0891520472138723
0 0.3363044371422865 0.3362831943995097 0.0962673262236546 0.10215330517696727
1 0.4323416481032706 0.80045835744075 0.1847669260542455 0.2848285682605596
0 0.46676402381869764 0.16907184954824211 0.1284119682887946 0.14606990514873236
0 0.8242014663638303 0.6539591439195169 0.262375257539572 0.38745231029746474
1 0.20512378462439002 0.44857952609659774 0.11418286831702948 0.11565436305535766
0 0.2710023297015366 0.8114428181193853 0.08596686305535765 0.1124537683452644
0 0.32080490862661437 0.7908264812312127 0.10535389988706054 0.1244833314853265
0 0.19726724004135368 0.6103892813582695 0.09176183674699834 0.10500528939195171
0 0.21013969538773009 0.6989358418674959 0.09470482622365468 0.10206229991529554