1 0.37604735300505643 0.4180092548679687 0.1512411274754193 0.16004893019392785
1 0.8101186520259951 0.4341577751572128 0.11895681374387976 0.12052278003177216
1 0.9212806985684294 0.5966635036468574 0.15743860286314124 0.15867734496658023
1 0.9818033823861516 0.5017112881428563 0.036393235227696864 0.1141636858759707
1 0.8792163481097498 0.46965099025417684 0.10371034315274094 0.10155459172016953
1 0.8145948285161829 0.5604748133066597 0.13645240198280356 0.14420574188232518
1 0.945102242678636 0.4857356862764172 0.10979551464272816 0.12685460064862308
1 0.5987872059545809 0.47566561647364036 0.1292869117857572 0.13784664772652383
1 0.7368110049631791 0.4071628526739227 0.12345504903944934 0.1299523271096728
1 0.24925159319593249 0.3822881688298422 0.15147000002468086 0.16161143019392785
1 0.3022842157266834 0.2655467280826075 0.10775083334978727 0.10785913879807003
1 0.7233447550125408 0.7248628214243347 0.12806333334978728 0.10821369480442442
0 0.695142794205845 0.5802088404990581 0.1596214215887109 0.13214211850553054
0 0.47765823536961216 0.4945911201270884 0.1669761764901878 0.12915348620028233
0 0.5692888481529413 0.7424343307598255 0.18915926472911143 0.1529182686676865
0 0.6453849510407635 0.40011223741480306 0.12402284315274095 0.10190914772652379
0 0.5898765931959324 0.3882338003210163 0.09677372550495633 0.09675799756436802
0 0.36145453435969965 0.3024251651763942 0.09071299020938675 0.08730117694751698