1 0.3459705045716656 0.497635557167334 0.15341610885972184 0.1811372280005603
1 0.2555013294538878 0.5466466097519813 0.19003711404351814 0.19336229815800826
1 0.5496437257779622 0.35260198709905594 0.17283049019805538 0.1556981402703112
1 0.12808852040587843 0.6246726842468984 0.16185332544786996 0.20690463150620336
1 0.6762458905281475 0.2833615134805497 0.07396376324231468 0.10337023680925306
1 0.4596530042888417 0.4070817896837033 0.1858185057494442 0.18047859640518665
1 0.21095024707879517 0.5789646360443049 0.14825971715379593 0.1928698244949171
1 0.3762834296894435 0.456010763324502 0.13363128916129607 0.14933936836004147
1 0.7684620762963418 0.3265241144015456 0.09228453628657399 0.06543114907900413
0 0.5619673599910175 0.4032052327170021 0.0650385311027776 0.05435718418002078
0 0.7205133003773604 0.2929293643792531 0.06517523213953691 0.05591968418002082
0 0.6408544861455547 0.3571955617054357 0.05580023213953709 0.054768578921555996
1 0.6144000014141197 0.3075377239751867 0.14462757775694435 0.13368667537132772
1 0.8318315091898141 0.2926851275922925 0.13298744872768503 0.08897742098927389
1 0.9247032229032401 0.22600694781661823 0.14013556738935157 0.11767797361850621