1 0.158478484850269 0.67265625 0.2861320049793232 0.2984375
1 0.8202152475103384 0.14921875 0.35520125241907435 0.2234375
1 0.3814015034072948 0.815625 0.41366474175455636 0.36875
0 0.19360245569931228 0.45859375 0.13778696828879458 0.1390625
1 0.5658385606504006 0.13046875 0.3026978786991988 0.2609375
0 0.23908853192296692 0.36171875 0.1344799577654509 0.1359375
0 0.42549501073510515 0.21953125 0.09957433674699838 0.1
0 0.37465284755269074 0.19375 0.110951452503779 0.134375
0 0.6404355981879752 0.86171875 0.37548293131591726 0.2765625
0 0.7520864587536712 0.903125 0.21128465244730918 0.19375
0 0.4819501370858168 0.25625 0.12842737884037306 0.1125
0 0.7017844949500895 0.22421875 0.21459166297065302 0.196875