1 0.8417121952042171 0.42907883650288553 0.30100184367091243 0.3568588005105342
1 0.15898743238393545 0.87734375 0.3179748647678709 0.2453125
1 0.5976262090579559 0.2560167122846301 0.4266225818840882 0.4181615750478687
0 0.805269465263209 0.6549716905552143 0.1476841368892682 0.16799920516911512
1 0.41051762159229643 0.8988738005424401 0.3110617402800903 0.20225239891511962
0 0.7558623165871164 0.7544542339183279 0.14285108767505647 0.16432631499681136
0 0.5543810916085071 0.8809355417677185 0.10665672249741007 0.12124595373324994
0 0.6092847613770488 0.9164164738353646 0.11926803846084474 0.15846186413529217
0 0.3195954083960021 0.1708908669751169 0.3858091832079958 0.30927358372687264
0 0.20224739660917784 0.11004466758136897 0.20800520678164433 0.19525164735163053
0 0.4945544813932594 0.8330966544990513 0.13692641935425698 0.1372159248245076
0 0.2587967638582481 0.8353896458838592 0.2286473465663966 0.23806820804084589