1 0.24606923754646798 0.5494927311423151 0.09668794569665892 0.12079952310146921
1 0.08061936338346412 0.5428165751116806 0.10502071100778534 0.12640017338864223
1 0.7615182596761614 0.5899554550095856 0.0753366191410267 0.0951704624122538
1 0.4611722681687208 0.5651380490108571 0.0933895239262835 0.11887176298659981
1 0.16620831577609246 0.5417410982131498 0.10276281985966271 0.13384741327377297
1 0.7067440487909737 0.5843446529993741 0.07308043205952472 0.0887378323548191
1 0.8169870096761613 0.5964388220485144 0.0836693844521533 0.1007711126994268
1 0.3213293702020311 0.5559152238991765 0.092175571533655 0.1079342629865998
1 0.02424644108258643 0.5239955418953423 0.04849288216517286 0.13301543350351147
1 0.39424660489090474 0.5691863365986032 0.09530057153365509 0.10829952310146922
1 0.643029244365035 0.5808543856732722 0.07481635382990034 0.0904829624122538
1 0.592335557283533 0.5812602238353646 0.0675258232076473 0.08037744218251533
1 0.5233254246279698 0.5755682513082416 0.08557872799290411 0.10407874275686133
1 0.027930375653099797 0.40909091761327493 0.055860751306199594 0.06852679189534232
1 0.8714126729539775 0.5909294940012912 0.09443175861515699 0.11436689304403451
1 0.7588455588349279 0.742380375526497 0.07985240143727204 0.08027598264199227
1 0.6895752935238014 0.7390321529993742 0.09391319737065125 0.09579952310146922
1 0.6207402867052344 0.7460228105296857 0.07863674497802293 0.08321835258455756
1 0.07027435501350231 0.41498580922144407 0.05329160550389267 0.06329140172303842
1 0.8465198326386136 0.7581677237715527 0.10953990143727203 0.08374595373324975
1 0.5407067951977937 0.7469562426292378 0.08853371435577007 0.07512176298659981
1 0.458154427853357 0.7349330995852033 0.09478201028914945 0.08973215315890375
1 0.017813646945797085 0.33668831646458264 0.03562729389159417 0.060064942182515325
1 0.0999533346803988 0.34723013002552866 0.06544476196314171 0.06162744218251533
1 0.8933055656534951 0.7430601804084392 0.07099766674839855 0.08386770229738456
1 0.3841108036903531 0.7389408019144936 0.08384621435577007 0.07457387281429603
0 0.09388783288380884 0.4375304551691152 0.062146340192766214 0.05969968206764609
0 0.12557138730974754 0.4372768063178075 0.06440423134088884 0.052252442182515325
0 0.009832837375283716 0.4244216762922788 0.019665674750567432 0.06126218206764609