1 0.41543902207986 0.6073118097581818 0.08868178668045386 0.10563787799792798
1 0.21231456942231408 0.6650022235308674 0.10447041868236288 0.12042812406898662
1 0.523605510741542 0.5756508949520388 0.09507723734881743 0.11842897642635145
1 0.34614412941595074 0.624385839741971 0.09507723734881743 0.11842897642635145
1 0.6847879114019514 0.537089316787495 0.07447383601209037 0.0924829065339754
1 0.2791566240849506 0.6384440316364193 0.09676700668363551 0.1294392510334573
0 0.4764128847469508 0.6132750194353103 0.07287497334499946 0.08928513192686935
1 0.7797367847310426 0.5102785678209523 0.07605451734563573 0.09411818114108109
1 0.1312736547580867 0.6791866939613628 0.10139996268299925 0.12497007485477489
1 0.732225985399406 0.5205589423042237 0.07605451734563573 0.09411818114108109
1 0.5827986974060876 0.5627913300220614 0.07928860534690844 0.10363873035529281
1 0.8318987213955881 0.4970915171589986 0.09346019334818116 0.11366870181924557
1 0.026449247414041744 0.5954409325888232 0.03657384667409056 0.056361315963434674
1 0.6326350654041786 0.5510576174494488 0.07445565467854501 0.0909204065339754
1 0.05368390941276907 0.5873394882131757 0.05067270934118147 0.060141287427387446
1 0.15103107674249652 0.5653254011572918 0.05694089067472689 0.0619948858558109
1 0.09345493407858729 0.582945240694375 0.0538522533418178 0.06497433664159917
0 0.889811218730088 0.5083779276219154 0.05063634667409041 0.057016287427387444