1 0.5144451289397857 0.34003286286573975 0.20380164641529497 0.16327912441111075
1 0.5612206375549427 0.23842113619282293 0.18869861579304192 0.15267381508027744
1 0.6086022703331035 0.1242410590015266 0.198420459333793 0.156619021300833
1 0.4203738463983453 0.5479438162115732 0.19043453756341755 0.15437301611703677
1 0.38314846362018457 0.6630124501418047 0.18974085048191558 0.1481230161170366
1 0.46523915943944105 0.44222078798351755 0.17185966340041364 0.14036930471268488
1 0.426409527029073 0.20927229547638806 0.1550207110077853 0.1280647943450923
1 0.7460436765471574 0.37133881734286883 0.14304097631891183 0.13165868605101833
1 0.23601077486469024 0.6312075011312958 0.13349425861515699 0.11535018086722211
1 0.7117741321651729 0.5237413559385171 0.23418112943017616 0.1860522430727773
1 0.33186228490864444 0.7910499757779622 0.19494861579304193 0.15322061922731436
1 0.19305139723110415 0.7055438283225921 0.1418270239262834 0.12072118605101831
0 0.4158307990361688 0.30458479547638806 0.09755846268177777 0.0982802580585183
1 0.4849879404294867 0.08660577502402683 0.1425241191410267 0.09911958812453678
1 0.6658708446017554 0.6601381857217115 0.23696098995604586 0.16927484618305505
1 0.2962375471169813 0.5007968311973141 0.14512374163003816 0.13648288708777745
0 0.38919010848408464 0.374038133035277 0.0918304320595249 0.08849515494824063
1 0.2356247377916631 0.30775087728583284 0.13852519402266655 0.14673688190398124
0 0.28522185656489707 0.5716171791237956 0.1328005715336551 0.1091001808672221
0 0.3657585727172571 0.42168482111254557 0.08957424497802294 0.08210845391148136
1 0.3727463690184291 0.06022034934060113 0.12325726196314175 0.06494007775694421
1 0.2869119650489817 0.911753455042777 0.19112822464491935 0.1606230161170366
0 0.1741390518937632 0.7977607226204162 0.1324520239262834 0.11990097983046262
1 0.3066997430588354 0.15777956305402716 0.14685625526717222 0.16603368605101831