1 0.9012068569408204 0.48878874043439646 0.19758628611835932 0.19114984618305506
0 0.9166786736527825 0.6241206476917112 0.1666426526944349 0.1986110316684254
1 0.17887230707670648 0.37049630212078677 0.24043860174504034 0.21825915033009213
1 0.31590132157876594 0.7311200267674532 0.24167331981405518 0.21370835136685146
0 0.8218849797210825 0.36075263185749845 0.25697053788306984 0.21038786173444396
0 0.8215575617682834 0.24502988704129475 0.1973006069408206 0.17876742337435153
0 0.7554794576774546 0.13287234816282262 0.18908391535490915 0.15009561922731446
0 0.19580235300554807 0.5792951036759256 0.3295446604112307 0.2710902073518513
1 0.10597612043447377 0.22745991013203684 0.19490758045771686 0.21116982026407366
1 0.08014060409082885 0.1133878482093054 0.15110331411407196 0.09552569641861083
0 0.2920589020364829 0.906064072290324 0.3369858198140552 0.18787185541935186