1 0.2752799422480559 0.35324957482375335 0.15701633225631956 0.18328158602505668
1 0.7266671363959729 0.6347345704246095 0.4246454690335419 0.4982072224146942
1 0.4424427263486459 0.025891670777102693 0.17551045269729176 0.05178334155420539
0 0.3501883700597225 0.30778464449502635 0.10403549620027785 0.11692464889417024
1 0.5468361256623966 0.7483980757503146 0.21145187195958356 0.31213852315594315
0 0.44873105357097237 0.10007077023325346 0.14106402393569456 0.16757683234903054
0 0.8849237799196181 0.48714650535592396 0.23015244016076367 0.4188764812432007
1 0.23861770326597265 0.46048020901381886 0.12158667211208343 0.13435612793779902
0 0.38373736682868126 0.8070479893485896 0.09644120174736122 0.12547852205615717
0 0.43068444880066037 0.7715703656367098 0.11548214247680573 0.13994922646738867
0 0.26520165311347277 0.6268489411835809 0.099420731382639 0.11955697279136235
0 0.2977433558107645 0.7127090465153298 0.10250936379145843 0.11832292352656762