1 0.5381512439529113 0.3342554458603468 0.15443405601527208 0.11606402393569457
1 0.5768741052275959 0.7652684033072912 0.11513519867918127 0.09484233415618064
1 0.42719118387973276 0.8757545744694439 0.15149086935072656 0.13161628875333378
1 0.5348031418682788 0.9576020268823953 0.10850339067472685 0.061884363791458695
1 0.5503110578851416 0.8330559685617704 0.0962579293443632 0.083468423062014
1 0.45031160522759583 0.7682141781929163 0.13869996801399936 0.10632534802388882
1 0.5432247165420512 0.9050764389264927 0.119859061346272 0.09807643692972264
1 0.5082439259230036 0.5552043787060065 0.13241360534690844 0.10305487765916688
1 0.5956973779042316 0.6914126760087148 0.12452838001272681 0.09662303970326391
1 0.5583557506365469 0.20881903476618008 0.15601473734881743 0.11766289152687515
1 0.6827103132956835 0.26137837747173553 0.10254429201145392 0.08673889342673621
1 0.2717240759070952 0.6778652011786803 0.0996920120146357 0.11010365824437507
0 0.4141933865770495 0.6503370003812496 0.12185791335136283 0.13561280452090294
0 0.47371547927277546 0.43494708330315934 0.11569882001909004 0.14327983415618065
0 0.23366209659454876 0.5256675747537846 0.13935449602163538 0.162575348023889
0 0.5912740545830948 0.6016962125778468 0.09338746801399936 0.10527068787965277
0 0.5965979012571854 0.5468996098043051 0.09149770401018138 0.07710932028847228
0 0.6539035132877293 0.3206267441129856 0.0820863413430903 0.07376611474138901