1 0.24203674163140118 0.6769988709370385 0.3120084503049104 0.2684507025036007
1 0.21347193350988386 0.540627927281818 0.27298224416202316 0.21715183517884817
0 0.9037516758312748 0.3924508639555796 0.13537559576674382 0.13619820539342947
0 0.30868541671485733 0.8622720321459043 0.2657899049810747 0.22239641078685893
0 0.4258081451168387 0.21659156356935147 0.10086975146672277 0.09936400782547265
0 0.7000136805764382 0.3007780539985141 0.08572197003338253 0.08661674391989208
1 0.618795042045395 0.1680184537696213 0.0755717690095679 0.07759773464950506
1 0.9372410106120548 0.46049034613726275 0.12551797877589052 0.24399433662376252
1 0.7003853673358481 0.12112182789693896 0.15115563597150689 0.1397715541774079
0 0.2873707383240462 0.33647587701714643 0.11633971126195988 0.09981235660945113
0 0.29967940426217055 0.3807829526251572 0.13383729167148575 0.10514929027182732
0 0.503879820919199 0.17410389989266373 0.11273749269530028 0.11014660197425755