1 0.44510236593857 0.0668798989193901 0.07530030503444873 0.07416667549789593
1 0.40763285335244825 0.2470311903892024 0.09996981057118699 0.06103175843752044
1 0.3936155381673127 0.2933977589008567 0.12028231057118699 0.061741086567821665
1 0.44981975738231766 0.011438463887665319 0.07223548523536465 0.022876927775330638
1 0.43793605813575215 0.13166908521705922 0.06475347969862622 0.05358135698624169
1 0.48407459563719624 0.02197541520386791 0.05621981057118699 0.04395083040773582
1 0.2384787725559007 0.8913293166127378 0.21709693171356098 0.18020339908902586
1 0.381326069542163 0.37313982260318757 0.1356667884242338 0.11826390507947586
1 0.33421124269369545 0.6018377414776614 0.19519194094145806 0.15611113466105592
1 0.2905517116517794 0.7355505425661206 0.18425444094145815 0.15572918874473984
1 0.354583525581191 0.4736036140729998 0.14546245386051418 0.121716287293461