1 0.5651314763483659 0.668742902601083 0.14476335475263546 0.1040171185055307
1 0.3649816487445867 0.30400606696669835 0.10962435079830275 0.08466710064862308
1 0.45352820110231384 0.15548101786020277 0.14383752471457928 0.11961484496658023
1 0.3210221072240934 0.10775835836255616 0.104809516805914 0.08146028003177208
1 0.36214846741393625 0.23447481696669836 0.09205484882113649 0.07499209172016938
1 0.4756671393530466 0.25751112216227384 0.1318813527754692 0.09442393019392785
1 0.33913012007567467 0.16842312297305276 0.11450285178688588 0.08943642126547413
1 0.5059780163488033 0.4641605426169691 0.12550401878308043 0.09118983603812651
1 0.37644041357333435 0.37416856250247144 0.11906301779449713 0.08639324188232518
1 0.5964690010629453 0.7854667524389273 0.14795202174882985 0.10563416558343128
1 0.3138834278706093 0.047683928979407174 0.1139298488211364 0.07537392126547413
1 0.4657137495800705 0.7807128429412806 0.09836851581733086 0.0766636858759707
1 0.6679965607978652 0.2768263636408572 0.09300985376405216 0.09842959172016937
0 0.5521115756266128 0.34921165260108306 0.11434102570316255 0.12378414772652384
0 0.5840804531166613 0.558177549516828 0.10997186068413445 0.1315148271096728
0 0.760494419999125 0.3979552954596382 0.1294221976422726 0.1490296095770769
0 0.415561263383054 0.45166627110661367 0.08656885277546915 0.09363299756436802
0 0.43166110726127443 0.5014208092560606 0.08561384783255317 0.07019549756436802
0 0.4694807367284892 0.7196662487854792 0.07604784684397004 0.06534435633066593