1 0.6124899131780552 0.44274894758795086 0.15312501442246534 0.13329454201316154
1 0.30583402453733444 0.09623355802859954 0.21321024562859217 0.1713582050746652
1 0.37172283232291325 0.16669071214679732 0.2098011560306344 0.18185810815287323
1 0.44302966033823044 0.24296026934320308 0.18271105488194211 0.14842012354391337
1 0.7373783235481915 0.5787779683867356 0.14466316470963836 0.1402318481695776
1 0.5021713077217669 0.3029904532034915 0.17581170516911512 0.15550329534092677
1 0.840807738225924 0.8352764660989603 0.123173713848119 0.11504396048240997
1 0.7727578104977797 0.7666006104416585 0.1178165751116806 0.14854376663882576
0 0.7596388871091376 0.6746319089025544 0.054464291895342146 0.05608433485851698
0 0.5228084970006457 0.4187403078208035 0.08329952310146922 0.09123068510807411
0 0.6170252310785032 0.5220927945097428 0.06879059246968851 0.07287625998329546
0 0.6827821385769088 0.584664515807642 0.0514407514358652 0.04343846921791972
1 0.6819602961072204 0.5168206204249539 0.1338271242501614 0.12685665432599363
1 0.7709314955009684 0.6293503196762826 0.1117086126994268 0.0830646322794232
1 0.5299817845883918 0.351729584235129 0.15158280344607675 0.10687790765375897