1 0.25724940612601904 0.3152732821318509 0.22679482026407366 0.1984686772806623
1 0.0977950766256485 0.5100920903073212 0.195590153251297 0.2764341806146422
0 0.49805962530606535 0.30581776017111756 0.11886616013203692 0.09968074879205205
0 0.6044073701222691 0.3223671445690832 0.12437386635259244 0.10943838606495557
0 0.6676223951927787 0.5171532282084446 0.06478425287472209 0.08440669303247787
0 0.05183944472166726 0.7251910607605441 0.10367888944333452 0.21288212152108804
1 0.747656607492085 0.9236435047111058 0.16716554203601816 0.15271299057778834
0 0.6408474073037975 0.7242642265414545 0.08419721715379591 0.18217451333591975
0 0.6794771376999081 0.4536009112389826 0.08767494872768503 0.08006987939699588
0 0.7494471765783802 0.4003003101808159 0.19855366013203674 0.1061855824314133
0 0.37901709938708394 0.3354418741061619 0.04943265494824063 0.08625623545613248
1 0.8151132583878251 0.5850576895778117 0.28720463996249956 0.2328753703131401
1 0.7961999971717606 0.8282177582142636 0.297516006315092 0.33300291607077454