1 0.21659218563768207 0.6192121639017134 0.24739837720008423 0.15175515551388835
1 0.7044571728689147 0.14360196894370508 0.16257035453816648 0.12419750056564789
1 0.22964804089475271 0.729593297831945 0.24441631945247622 0.1685325524036106
1 0.6991604934142045 0.06429517775615877 0.17381793494769227 0.12827940782296265
1 0.22931153140442592 0.49883131338333386 0.22317357822389877 0.1573804389257404
1 0.24504764615182334 0.8397693802070376 0.22363869883818754 0.1620679389257404
1 0.695224649085269 0.6269031930247237 0.1721003947429292 0.12658020678620333
1 0.5859475492922659 0.8618338505648625 0.1728634978143731 0.14988100574944418
1 0.24688551532830366 0.39196615871791723 0.17349575658579555 0.14064270678620333
1 0.7045066812664279 0.3070103580577329 0.17757519371911493 0.11931451093324039
1 0.6966336915045733 0.23025236842532548 0.17835039474292938 0.12712701093324041
1 0.2481186714021919 0.270266815975232 0.1513106761762697 0.13560389227157382
1 0.7050383406187568 0.387508502355557 0.1936653143334036 0.125369021300833
1 0.6945874579256905 0.7113759378409273 0.18209555556198093 0.13365041300675884
1 0.2526105555041521 0.9196523698394451 0.21304757310482608 0.11777113477870316
0 0.43940682560653366 0.902535345946714 0.1210151133095891 0.11126827360990746
1 0.23701896563321395 0.1635868804898616 0.21910623904295043 0.16322033581546255
1 0.24036936037614334 0.05561129479256961 0.17288769371911483 0.11122258958513923