1 0.6880950053766834 0.11136357828979322 0.292559989246633 0.1588414628859484
1 0.6393746757689069 0.8378427783039107 0.13932367328319833 0.11407645250377892
1 0.6581738715922965 0.9219748545981524 0.1536772717116218 0.1211454998588259
1 0.5710764017809735 0.5886702599586464 0.12645980024766904 0.1055359104104042
1 0.5579642797789015 0.500169202080256 0.1380522717116218 0.12023544724210708
1 0.5242335967757936 0.3665985679076239 0.1429580955329392 0.12519596302712266
1 0.7807339997951123 0.4434241913451508 0.2707620719592908 0.22613537869919878
1 0.5971615587292336 0.6677431099304115 0.14281254631872747 0.12207096302712266
1 0.7561643010762384 0.24771757821920604 0.2530651497095498 0.2141968208208085
1 0.6268083633201288 0.7376229704255203 0.11323205417661057 0.0891828683170294
0 0.8702950359841546 0.8920275622930163 0.16032968610347992 0.1636060156438411
1 0.8012068957851175 0.7775485623636034 0.20153688296032685 0.17847215244730918
1 0.7487626000855625 0.642104615050909 0.20785965756743252 0.1803986734939967
1 0.25053719334219016 0.13758111291418323 0.0987329065339753 0.07898882096198281
1 0.15577265694826006 0.0866262866905286 0.08187073821317573 0.05151626834526431
0 0.5811342601341944 0.42318176785115413 0.10741870181924558 0.09819384727034194
0 0.5411000732021451 0.27357661000099864 0.1179580955329392 0.12373987884037314
0 0.5099828138965201 0.18481024161338205 0.12424663688926821 0.15838789462538866
1 0.490117384412578 0.8636177810759209 0.15502575599585597 0.1835544945971538
1 0.37565054756158184 0.36107806804879816 0.16498295285270287 0.19660052616718496
0 0.49921205624803433 0.7019900363375928 0.09499578453190338 0.16603379465362345
0 0.4764745312266436 0.5510421863658277 0.08438361621110371 0.1389252630835925
0 0.551664852361874 0.972517190523843 0.0788570541766104 0.05496561895231409
0 0.7134028730400385 0.9740373115070019 0.10745293507002245 0.051925376985996155