1 0.3410218505144204 0.7596286304725 0.13661927693097126 0.12589877081949083
1 0.3001690706565829 0.9305128269564424 0.14449540944452863 0.1373369185677376
1 0.48476029849918945 0.2334840399409389 0.10521474082661797 0.09733367982650451
1 0.39935302186280575 0.5398458590347002 0.13347609621281203 0.1225735117201923
1 0.3171025614832007 0.8409391872277603 0.15073631908544902 0.1361749367663349
1 0.4680222503927835 0.289463929669621 0.10051815046753809 0.09547079117755652
1 0.5030563014260558 0.17838552976190608 0.11308178298109546 0.10720932757475113
1 0.3617888684684013 0.6828053146179411 0.12408291549465282 0.11884773442229637
1 0.39034566052468317 0.6103888965116289 0.12567268657189173 0.12363536397194572
1 0.45201091013189976 0.3548688841731278 0.10209883118569749 0.09869592072720597
1 0.4423268379231927 0.40739310687523184 0.09109769867214013 0.08705751387966068
1 0.4223774314055303 0.4780164875046154 0.11935905405833439 0.11229734577334831
1 0.5080846898915414 0.12009216841085402 0.13036018657189175 0.1239357526208937
1 0.6447256509585175 0.2765598187799943 0.09429542154477702 0.0997577729789593
1 0.6271154492613153 0.34811464373385176 0.1100022347764936 0.11482156847545247
1 0.6204336572050335 0.4219328755352545 0.0958488311856975 0.09829540252860855
1 0.1659122453246179 0.9015891856866005 0.067496572208707 0.05743057063492074
1 0.6780517562465158 0.19038128932263004 0.10384313836728971 0.13004605027685515
1 0.6050944826351943 0.506137894813586 0.09121587334017515 0.10737001387966068
1 0.5772643984244348 0.5879793776947227 0.1037522347764936 0.11442105027685515
1 0.09817529948114814 0.8573898002768552 0.07544542759490128 0.0813687183831675
1 0.6752721898915415 0.1308060302233314 0.10215337334017516 0.10807092072720588
1 0.565867835290914 0.6661847208471776 0.08961701190385654 0.10101988433001133
0 0.19256564891541408 0.8876663880306392 0.07073974687674198 0.07794332973421944
0 0.19901109163562586 0.8544731562292363 0.06449883723582168 0.07910531153562203