1 0.4403727451197164 0.7947693932472921 0.16957866061076282 0.14081410088581664
1 0.7385852993814785 0.25528029966617527 0.34014599425012404 0.23678082238592194
1 0.4788136207236904 0.8459745376163121 0.16788861485312837 0.13909656068105355
1 0.17414029104652878 0.3539084831760591 0.1975441639447427 0.16063728436678595
1 0.22023429892243657 0.4252771363165017 0.1760837521260319 0.14455926170486819
1 0.40225073390982874 0.7396579988782721 0.16788861485312837 0.13909656068105355
1 0.7877087124081373 0.34649633219232917 0.2981179909161442 0.21556227706208625
1 0.6947233422641752 0.15656789652573266 0.33233349425012404 0.2360056213621073
1 0.21596048453804856 0.17385152959270822 0.23424668061464216 0.24952054825728126
1 0.8184169652830754 0.44496407707325647 0.2693552621279715 0.20495905337635384
1 0.33125219194521605 0.6126413596283247 0.1907839809142046 0.1537671235477344
1 0.3567626328516619 0.6798530555330666 0.19716152667183912 0.15594978436678594
1 0.8597441116398347 0.6221951297017918 0.1764344384905499 0.1678417215001053
1 0.6301502724197754 0.08889210433675458 0.36096867728066223 0.17778420867350916
1 0.842540378309734 0.5386607528756169 0.22538212152108805 0.17889796784775544
0 0.38228672832913074 0.09784265167371978 0.24167654334173855 0.19568530334743955
1 0.871144255121656 0.7008809173470183 0.1408795757634536 0.16896329679055846