1 0.5240932785156722 0.40744804346975305 0.1322958314853265 0.11025261688838306
1 0.5164697652909054 0.478854535774233 0.12237479991529536 0.10000242304479912
1 0.535305981372387 0.16839544322019598 0.12898882096198286 0.1068358856071884
1 0.5373326710043351 0.02890140391040178 0.13716534200867017 0.05780280782080356
1 0.5220687759554234 0.3322292450088571 0.12421031570031112 0.10483578868539638
1 0.5170759810194512 0.5432087670554276 0.10004477360693613 0.0901478040764367
1 0.5089974414863251 0.6068027593599076 0.10803928413027997 0.0940021322794232
1 0.5332345181335028 0.2542080886028839 0.11943181043863901 0.10283569176360449
1 0.5089589151073788 0.6735736734614008 0.10169827886860805 0.09185616971703396
1 0.6694850183452643 0.024514323419639723 0.07358868942018652 0.04902864683927945
1 0.4953661229434168 0.7368969455079715 0.10280575256024882 0.08418953535763123
1 0.536823707765451 0.08656198065780667 0.149847352532014 0.11810713893495359
1 0.3423104704255203 0.631004132903821 0.10684080517696729 0.10010626663882576
1 0.6653659367187634 0.06827806530852765 0.0671566788968427 0.05910549126449016
1 0.3371154652344356 0.5552958157241197 0.09259629465362362 0.09566847587345002
1 0.31684628079357224 0.8006923598172607 0.09259629465362354 0.09566847587345002
1 0.3363965864646497 0.3676289390602371 0.10444384727034209 0.11231453535763122
1 0.32061893899666355 0.47435855802859955 0.10424642619541977 0.13560616971703396
1 0.7416407394060691 0.01887809099455735 0.061634720990217676 0.0377561819891147
1 0.49550190181202475 0.8201470424297634 0.09848227360693614 0.09000193843583908
1 0.7326745340596927 0.09105795840344015 0.06824874203690498 0.07785549126449016
1 0.3390405282333235 0.7232126439271063 0.09103379465362353 0.09552261023285276
1 0.3367235391801902 0.2788371593181464 0.0962673262236546 0.10533520715464464
0 0.6428762866905287 0.10022648273778614 0.048224668373499216 0.05423010357732232
0 0.6447418945548016 0.13225773273778613 0.05345819994353036 0.06404270049911429