1 0.14615734737544267 0.4460829035725208 0.12374520060802237 0.1753263157308091
1 0.6615528315952929 0.7047153468064522 0.19799973718559977 0.3570134034164731
1 0.08524902228030247 0.4928194386289523 0.12374520060802233 0.17532631573080906
1 0.6542112920147849 0.11988841260413899 0.14051620653952135 0.205369824494917
1 0.5716508014063251 0.17477960993032154 0.12718853558899426 0.18352251748363066
1 0.2102543394667773 0.40052516676326755 0.12374520060802227 0.1753263157308091
1 0.557276508477319 0.7661987064023859 0.18059206129215682 0.31134489465236526
1 0.7723338226980444 0.6487145837048754 0.19768140220462788 0.3492009034164729
1 0.8358088019006166 0.1447005618168983 0.23509387749004845 0.23719337707956437
1 0.44832993140501254 0.8094116931893465 0.17469488836446345 0.2810818420231328
1 0.35504557463802966 0.3120827589424481 0.13401153855474385 0.1983524209892739
1 0.2810960800752372 0.347072851010166 0.13745487353571573 0.20654862274209548
1 0.25258369129084424 0.8805558290553112 0.1482013725471326 0.20320407887697095
1 0.8892547258540743 0.5699754916594502 0.20357857513232142 0.3794639560457054
1 0.34469293684221997 0.8480469519088694 0.15591571345960356 0.23990898238261416
0 0.8993354496194392 0.3114509741312344 0.20132910076112162 0.243471070068278
1 0.1758129442565938 0.9041149474376452 0.13299286661563353 0.1733524209892739