1 0.21135421190476245 0.22710027955652587 0.2700678778516063 0.24860292005724602
0 0.38179711983204184 0.23896282374108951 0.11638406847545246 0.1234509414878489
0 0.46734339605020364 0.280189614735374 0.10953329117755643 0.11327160197425759
1 0.9198250520487274 0.8910701227718502 0.16034989590254511 0.21785975445629974
1 0.8766723797019204 0.7553602918956356 0.24665524059615943 0.24603499566525677
0 0.6550109816445192 0.43993258331192686 0.07734255243632351 0.07038848928469861
0 0.7484360163436709 0.6766498696710179 0.11223678901808824 0.15545910197425758
0 0.1826584268918438 0.72238296929901 0.2902196915466968 0.27289093859802005
0 0.6403884747046888 0.3931119467239431 0.09356832973421944 0.08177433806867693
1 0.18028918876891964 0.49196039832619276 0.3161208574935407 0.29017079665238554
0 0.6480088124584729 0.48784428160234083 0.07481832973421945 0.0793613195279029
0 0.2218780205057239 0.87578125 0.34743141424880086 0.2484375