1 0.452694524030376 0.9133841485750904 0.31006762134403093 0.17323170284981906
0 0.33738199852102796 0.8335029760284247 0.15682436477157874 0.1447060696514182
0 0.3064571403219013 0.7403737737444326 0.1463513895004664 0.13640224672063966
1 0.5230532299129006 0.09643118046012349 0.32423145982580126 0.1550304952503016
1 0.3970946375698025 0.1658285543862702 0.32231427513960503 0.3069271879233554
0 0.29953139455297206 0.5034846053816384 0.0955490131449043 0.0949650192218769
0 0.4346918103022725 0.31746961951513264 0.18895274498846884 0.15259381275401313
0 0.8737669776124937 0.7961157564431197 0.25246604477501255 0.35683865671569104
0 0.269316033272978 0.536798394391219 0.11046455874135157 0.11280761646291496
1 0.7137840317530315 0.8543510645630356 0.3660136058987199 0.29129787087392894
0 0.3478970989565247 0.4889584379233554 0.10157941809068172 0.09373006784239593
0 0.9259586773742582 0.6852435334669126 0.14808264525148368 0.43745349163225705