1 0.872030015630666 0.11352184386304462 0.2431303900656637 0.22704368772608924
0 0.8685227603049608 0.253555475969624 0.1312311279377994 0.13543922412090897
0 0.824169889719214 0.34599636468962996 0.12136345183499123 0.12943415379557405
1 0.14434860515852416 0.862470372083517 0.2886972103170483 0.21740718008538237
1 0.3160503963481488 0.8084204883750422 0.26418426322765054 0.30190885318759547
0 0.6531466836583038 0.5524533349492111 0.07728971911533619 0.09091218238578946
0 0.4023772286971793 0.6608191158808079 0.16667595183499131 0.13580241036802612
0 0.35479084375377734 0.11590368082486853 0.2841683124924453 0.23180736164973706
0 0.7027337612315221 0.534708388268314 0.08690869815896499 0.10919765765690173
1 0.5975156147101485 0.11640195670395954 0.301843770579703 0.2328039134079191
0 0.601417599282926 0.5466383167927757 0.08460954301252847 0.08732265765690173
0 0.16171875 0.1581798945119976 0.3234375 0.3163597890239952