1 0.48601446349735883 0.7025066601785197 0.16499360453215922 0.1703889953818516
1 0.4689158432017614 0.21150077262002345 0.44179583205227163 0.4230015452400469
1 0.11188618245544275 0.8664869965596299 0.18506578104191607 0.14743951093324048
0 0.41281728698760184 0.6842050109797232 0.10700096124283184 0.10663956220555537
1 0.6480626153487146 0.23282029382592725 0.2229560583926732 0.2912674233743515
0 0.2037729801075737 0.768890243684908 0.14591311006889737 0.15482278397749988
0 0.25620541115526607 0.18555749971717608 0.31276951963550514 0.37111499943435217
1 0.5858641123234243 0.6489920979729643 0.12629178842423378 0.1237682736099071
0 0.7763981467235649 0.3003414015543534 0.1006607902698132 0.11689355702175908
0 0.7246403093914762 0.29483298680416814 0.12109345201493475 0.13103396946287021
0 0.6993103115699899 0.5116787342122701 0.10450695939725244 0.11105366013203692
0 0.7477476129132798 0.42714790933004787 0.10564879396097204 0.10806536116879606