1 0.49517724030570615 0.3976025144774206 0.13570948841601654 0.10411391935425689
1 0.47604297021860675 0.329417594708879 0.13680746368712918 0.1119264193542568
1 0.46304890260439624 0.2617228265119139 0.14283786863290654 0.11065501778268025
1 0.4039231255751018 0.04739076861124983 0.1452787488497965 0.09478153722249966
1 0.5142735084621416 0.449490346156621 0.13036320325334927 0.09920809553293926
1 0.527803896401687 0.5078465016571391 0.1428378686329065 0.11065501778268043
1 0.42598813522842116 0.11675923697483066 0.14037165379557415 0.11519696856846862
1 0.4469298349901855 0.19417360752916055 0.1294594884160166 0.10382282092583343
1 0.37651161818121476 0.6786577694398194 0.10936658347023905 0.1044392510334573
0 0.3663471217137739 0.015124078164543758 0.09855575657245215 0.030248156329087516
1 0.5517016703501142 0.6084072737830455 0.11473820325334927 0.09848034946188075
1 0.36841197831100536 0.6037498147250897 0.14281253401246402 0.12151974317557439
1 0.5770056857954253 0.7376195847840815 0.10204394281956937 0.08547092721213971
0 0.5122464412176739 0.5854085754784567 0.0924493477653467 0.08347177956950454
1 0.33299392306123854 0.5409801410276065 0.10135982303645932 0.09164815260503403
1 0.31294327082658535 0.46274813316972374 0.10846286863290659 0.10905397642635144
1 0.4083908179429791 0.7555627177444083 0.1058023933617942 0.10116870181924557
1 0.5705192151661012 0.6843683062480344 0.08668920711467702 0.06457623035529281
1 0.5662202360336609 0.6597321792835635 0.08422299227734449 0.06911818114108108
0 0.501064181605329 0.014792284327015532 0.0728716367893421 0.029584568654031064
0 0.515654542885323 0.03652161931598484 0.05771116151822966 0.04615156203449329
0 0.5804222890239952 0.015171119935157382 0.06415542195200956 0.030342239870314765
1 0.6023268319093182 0.060425692103845116 0.08016894281956936 0.08445208271265772
0 0.5683316811536371 0.7993383347840816 0.08263515765690191 0.07991013192686935
1 0.4322379226505211 0.8343940390845266 0.1254054389582416 0.11915672249741008
1 0.4484794551020642 0.9065943707637268 0.12633448841601655 0.1036772717116218