1 0.4625899509902765 0.700814386023476 0.17255708812453677 0.14124687697836436
1 0.4560421143263421 0.27042087912607105 0.1294714694628702 0.11099281094499087
1 0.6138457609332404 0.19859122399225987 0.1719514953818516 0.15210248982323468
1 0.5130365336946758 0.07743551899473425 0.12281136635259245 0.1059777623244719
1 0.4880740728559719 0.20988617084918504 0.10962786116879605 0.09751016508343383
1 0.5828875783225922 0.29806560153645123 0.15427597983046262 0.1278461182719372
1 0.5006725262018052 0.1405563167107421 0.13613157257314795 0.1160078595655099
1 0.5089107105093973 0.49249395296136067 0.14747917568342572 0.12126856965141819
1 0.43230110942536976 0.33683377317860574 0.13911987153638866 0.1146091338757694
1 0.43320383030235965 0.8182575135676673 0.17255708812453677 0.14124687697836436
1 0.5377829639962499 0.04918104420950489 0.12244092799249984 0.04841092378986115
1 0.31244297950115596 0.7357172512431955 0.11615126324231469 0.100962713703953
1 0.754692810744953 0.43071872851481563 0.11935417568342573 0.11979460085908263
0 0.6100932102265733 0.42236291666531356 0.1468147943450923 0.14922979534115868
0 0.5346905434501378 0.6182718809350933 0.14437329952888867 0.15687852103089917
0 0.7802183654576378 0.5891453821782887 0.16958791300675885 0.17841932835784532
0 0.4300735195574067 0.4269265066702624 0.11283077360990715 0.11634205223856356
0 0.4206588548072213 0.47931452227409466 0.10425685598499985 0.08945200361804453
0 0.3462130952881005 0.6861609865438744 0.09447175287472209 0.08427318068726616