1 0.5599879059227214 0.938391980028635 0.18483974672063966 0.12321603994273005
1 0.5495240394598065 0.8465066614019514 0.1783440852552504 0.12543744668999893
1 0.5315575322237173 0.6526657547342242 0.14051653663473135 0.11875109468490823
1 0.5018435402527761 0.21977143873326965 0.122837713703953 0.10917610001590834
1 0.4724902329258297 0.19600667472945166 0.06207727611928178 0.052253390674726896
1 0.5105401888278666 0.3112231420671333 0.1234994549975255 0.0920067813494538
1 0.5073819685651929 0.4595333727323151 0.1292448439616777 0.14204314401654475
1 0.5426388743763726 0.7449259800684059 0.16190021370395283 0.10963063335454457
1 0.5011198439616777 0.14637030140036056 0.10747166327441171 0.054343149347544806
1 0.5298036024409623 0.5894026860677697 0.1563119549975255 0.0923885893539083
0 0.5773945754171693 0.5142214200747693 0.06009869629109836 0.07409202800763595
0 0.5527962878779269 0.37261517540576944 0.04554487336031983 0.06455339600572696