1 0.6498539267881563 0.4710986290491242 0.1112514538268794 0.07396826805616748
1 0.6447066073206795 0.39916906534679336 0.10900164767046334 0.08323414065150567
1 0.6461010191343973 0.3301462468351391 0.11652241638926882 0.08038195916315986
1 0.6325231917636044 0.09234614647231938 0.11568924459225549 0.08813989546082905
1 0.6583030226699584 0.5280207516444625 0.1076888569050876 0.06917164065150558
1 0.6592313498329554 0.5883406927514552 0.11793905074867155 0.0788740228654909
1 0.6381291191761586 0.17758424202581566 0.11227251331106061 0.08490576805616738
1 0.6434433153075179 0.25969733757931196 0.10387655074867137 0.07838294954451311
1 0.4908583367296906 0.6906274229660072 0.0794600133110606 0.0837599303072194
0 0.6023758722961278 0.030226897464186657 0.10231405074867155 0.060453794928373314
1 0.6628272805732746 0.6940276975607785 0.09108481946747667 0.07482143992586607
1 0.49799221880131783 0.6159175996450295 0.11300184151404728 0.0927182680561673
1 0.6627258600240469 0.8272767071794254 0.08068875998329546 0.06355655771188111
0 0.6311285723786402 0.6567285942027339 0.0714596256238929 0.06479167549789597
1 0.7485116443426982 0.03342995954167806 0.06873020049911424 0.052237111795565096
1 0.4770011008729451 0.5421899229660072 0.0784389538268794 0.0728224303072194
1 0.4731764719212871 0.4592410137101801 0.08004347587345002 0.09000993030721922
1 0.5058392641422447 0.7755381363055184 0.07931414767046334 0.08219743030721922
1 0.8091994351080741 0.04541903885310553 0.06325155074867155 0.07696429328391081
1 0.6662872454234393 0.7730703568166056 0.07283423793672501 0.046150802902557686
1 0.7531880330698557 0.006173066612737732 0.06312548460895968 0.012346133225475463
1 0.6662971451738822 0.7479885112631093 0.06873020049911424 0.052237111795565026
0 0.7301794417636044 0.08893591507664089 0.05725125998329546 0.06273810217691826
0 0.7338470938018228 0.1366194469278063 0.046813178452543805 0.03434028366526398
0 0.8020655530364469 0.12012886217408322 0.04279318510807428 0.0746924651536097
1 0.808358786605417 0.19593739402524865 0.0581264538268794 0.07211310217691821
0 0.6427582246246544 0.8820559764167191 0.061938759983295455 0.06290179328391084
1 0.5128618259142014 0.8591591681566838 0.09439770715464454 0.0936260036281972
1 0.5152488094831715 0.9351041092636763 0.1006056851080741 0.07671132213985103