1 0.7284280909585058 0.07481260587717359 0.29314381808298845 0.14962521175434718
1 0.5395649434763267 0.8118752268796576 0.14039117758226832 0.09605790944452863
1 0.5427688600428433 0.8961684136479411 0.15369551709585974 0.10238063231716552
1 0.5181339013375782 0.5598450942679045 0.1270868380686771 0.08973518657189175
1 0.5216826969670562 0.47160929606330254 0.13983410197425758 0.10386131908544911
1 0.5132952889484695 0.3366030369881163 0.14336127173105312 0.10700449980360824
1 0.7534964933189915 0.4234207391762978 0.2714073551645367 0.1920612767345796
1 0.5296530301000892 0.6401865792407898 0.1445216019742574 0.10388859016268785
1 0.7653508531187215 0.22818550722847458 0.25457584589414956 0.1825953731437834
1 0.5462849181329875 0.7111303383159762 0.11413848928469861 0.07404655405833438
0 0.7578829634620152 0.8746196248131131 0.15912480881260133 0.14456813231716553
1 0.7112455793418533 0.7577911939967581 0.20075523320459077 0.15261698165323576
1 0.6844097986408635 0.6205502692305271 0.20720631808298862 0.15421584308955402
1 0.28410611022173704 0.09749158177487263 0.09907056489270935 0.06615224082661783
1 0.888551334699504 0.7934509171639826 0.03146452636624666 0.1110374939498758
1 0.19983837340486044 0.04255461778103027 0.08315212195994603 0.03951701795398088
0 0.5586785211301526 0.3964502147794093 0.10773358343348356 0.08493860226293623
0 0.5469337543347432 0.24506952196100165 0.1172009414878488 0.10997496369925477
0 0.5327148848426191 0.1553757628858153 0.12338839369099919 0.14592155405833437
1 0.38725246737475155 0.830716651351301 0.15412749711017115 0.16639768052176757
1 0.3663659255364533 0.32574787110068 0.16511117613735388 0.17895222267624522
0 0.42583241741053035 0.6704558622218854 0.09218457271818199 0.15823065651766247
0 0.43127515061512095 0.5189751754536018 0.08251612978541871 0.13163179508134384
0 0.42477029978532743 0.9577467839630541 0.07880424391989212 0.07852497579950324
0 0.5864890497853275 0.9568059317983139 0.107796131230333 0.04902837334017533