1 0.4630325557551738 0.3020255866247226 0.1570513934267362 0.10516289152687515
1 0.4716243461240279 0.2014989097629865 0.14447865824437506 0.10174695079743064
1 0.47445644576343754 0.08834494633211845 0.15094686379145839 0.1112674211621529
1 0.448992158813056 0.5039329255305559 0.14447865824437506 0.10174695079743064
1 0.45540777260451437 0.6118363445085073 0.14593205547083343 0.0970958183886113
1 0.45364133159072945 0.40175282969086845 0.1317604526972918 0.09208101006798622
1 0.34773290444465293 0.21267018626413225 0.1144274823325695 0.08543096656500013
1 0.6699540497712502 0.26858122625173664 0.10519795269729179 0.0914627610179167
1 0.3205606471295491 0.6219717978713891 0.0986206443766667 0.07725479065319459
1 0.3597932272985764 0.02633329597152808 0.10083645459715278 0.03826502583555565
1 0.6895788315907294 0.40724433595913256 0.17932643692972228 0.12285953780340293
1 0.4520126285121881 0.7343471241437851 0.15065592306201392 0.09876742116215294
1 0.3074625415062159 0.6966263057551739 0.10494337955902786 0.08052526101791671
0 0.36919163677722244 0.29593728115388923 0.06726154160312507 0.07183993882958344
1 0.35477972539871533 0.07931282560680586 0.10821384992375016 0.08684799620027786
1 0.6925791578631254 0.5361505859591326 0.18979115824437506 0.10280161094166687
1 0.32933362224392404 0.4956820548052433 0.10221842306201392 0.09764002583555556
0 0.3683935094023961 0.3622889797671184 0.06395470364722229 0.06395470364722229
1 0.2165218848773614 0.34548007342260434 0.09469686379145843 0.10995818787965286
0 0.3425252596867366 0.5592360617390975 0.1000376740119445 0.07104115824437507
0 0.36325272093340316 0.4097997594023962 0.06537173328249998 0.057741071238402907
1 0.24894729948690975 0.06123301320211827 0.0947695989738195 0.11308318787965285
1 0.45234189646395906 0.8491363227570142 0.14306162860909732 0.10796058320625015
0 0.32034570763437564 0.7804746288934378 0.09720361474138901 0.08346842306201392
1 0.22950958130638904 0.19898693313000018 0.09665940729444458 0.12718205547083344