1 0.30380270410524446 0.5693927006285927 0.26156353558899426 0.17171355736790747
1 0.6836375123572896 0.05513020595959277 0.17665002471457925 0.11026041191918554
1 0.34985664482743506 0.6829733952896383 0.2637627055509382 0.18735673870145284
1 0.6593259204562354 0.014650656627956327 0.17802684091247087 0.029301313255912655
1 0.281490010911596 0.4438114452975926 0.23825336958138302 0.17456583736472578
1 0.39903558554962565 0.7965177272835933 0.23994320357377186 0.17770901869827113
1 0.817133033649009 0.5454422918921413 0.18535386266130088 0.14115335335772627
1 0.7792470089716106 0.8241400038988228 0.20566104547482594 0.21791584802672617
1 0.26753098718559976 0.3314205332988652 0.18748936562705038 0.15523403469127164
1 0.731601462965312 0.2111223832352318 0.19128552768032883 0.1334135786919079
1 0.701010696159398 0.13175305657227707 0.1916038626613009 0.14122607869190795
1 0.23343587699575688 0.20441313796945595 0.1653596976422728 0.14872949602163538
1 0.7569144807598092 0.2952428445655956 0.20404019566510634 0.13980902936027154
1 0.8417921354358949 0.6326968438892778 0.19504719764227296 0.14907494135899882
1 0.437086025283233 0.9055018286123662 0.23544670456235503 0.18234197469763486
0 0.6335644358536368 0.8742956399188675 0.14756470258518864 0.17194882001909012
1 0.19686702422028776 0.11260744597391029 0.22291752965749528 0.14315220536281684