1 0.3781654862764534 0.2999813072119191 0.10567098997087018 0.100162157843112
1 0.3226980509370721 0.09271566683014522 0.120188131037097 0.11751381573080913
1 0.40924433854630904 0.40904183793088167 0.11996081050398355 0.1097013157308091
1 0.3615522992877194 0.22884601772884855 0.11835284639736088 0.10794696485439834
1 0.44571773297774814 0.5734890397059959 0.09432431301126609 0.08475670170823654
1 0.3487544340857401 0.160356101054751 0.1308983105039836 0.11104427186568464
0 0.3700969220115462 0.36324871071756226 0.09115384890464329 0.08281049995541494
1 0.4716915481005852 0.6707210484923962 0.09441524122451135 0.08788170170823655
1 0.31077236394833807 0.03402149129162344 0.11950616943775678 0.06804298258324688
1 0.46145038156582235 0.6213786800654771 0.09441524122451135 0.08788170170823655
1 0.42070702428140183 0.46991110548139003 0.10383570533113406 0.09059530696670119
1 0.4849895184754141 0.7220234651664937 0.11522784639736088 0.10756326310157682
1 0.43248795876285334 0.5198428730318982 0.08963681301126591 0.08418114907900413
1 0.42594272288211127 0.02758806369582987 0.06418217194503928 0.05517612739165974
0 0.4723016503704409 0.7835226713013693 0.05770485141192587 0.056906631550788234