1 0.9027902427210817 0.7013798735017958 0.11215129326094733 0.2758411322158505
1 0.23720605324525268 0.6537102173694256 0.12177357945077232 0.1475357902698132
1 0.15887215453479953 0.6708528305396265 0.13075300457555095 0.16108745386051418
1 0.47359347296228654 0.5874386278588231 0.11279415432599364 0.13398412667911225
1 0.06415907445962946 0.8382358665284254 0.1283181489192589 0.19215711191447687
1 0.5570314575712464 0.574938429202113 0.1280235794507723 0.14837712114237397
1 0.684282475250062 0.5422307975761178 0.131440310731967 0.15192278657865438
1 0.6240064242935947 0.7896317286998233 0.24140119633915536 0.2886112478214862
1 0.39921774604884686 0.6130247391834446 0.13002367637256426 0.15327495386051418
1 0.8097053263318129 0.7663740740040852 0.2288591742925849 0.26995141879450485
1 0.3332899034948098 0.6413301804578369 0.09600222920121518 0.1193807994977103
0 0.19745140099923836 0.8761862247517433 0.17054483277853755 0.17415827181401902
1 0.30332804866970176 0.8097496859945753 0.18996233943406793 0.21688659899542068
1 0.43147527121538654 0.75896813800951 0.19196243635585977 0.22178443171356096
1 0.8821425702996706 0.2785434802124685 0.07066847587345002 0.09591330872560758
1 0.29552181385294596 0.9818205199684396 0.13400164767046335 0.0363589600631208
0 0.6317187152667665 0.5968583160319121 0.10323126663882594 0.11418246308841126
0 0.7737615611485686 0.5582311788691786 0.1293981917636046 0.13004778657865437
0 0.857241567804099 0.5283331474943284 0.161377519966591 0.14206694094145825
1 0.2063651624381156 0.5095396512615002 0.1872947358567455 0.17178443171356098
1 0.6818583157241196 0.39872122039471586 0.20252416098152412 0.18617742617682262
0 0.3613654047425955 0.5185386739983089 0.16500193843583927 0.11478327181401901
0 0.5050745942184245 0.4959572022718559 0.1375642445922553 0.10183261560563572
0 0.0675207513521886 0.5750297921153926 0.1350415027043772 0.11947077181401902
0 0.07745406634851738 0.7295068600688974 0.1296899230447991 0.13317278657865436
0 0.02124285201784262 0.7442606377525889 0.04248570403568524 0.09498180688002797