1 0.04971376073510521 0.5338246451359137 0.09942752147021042 0.18952429027182732
1 0.13003350838661795 0.5377987000357788 0.12848756299888783 0.1824699507582359
1 0.32382130574166457 0.5485701825179122 0.12005343671876342 0.1441656112446445
1 0.7571721320359064 0.5815139013949153 0.10976838410204515 0.1273341019742574
1 0.7815119793768356 0.5555233821316841 0.053367194681858444 0.06424721610873103
1 0.665356358358383 0.5767816860086417 0.09267188936371688 0.1266846683118814
1 0.5172373767742345 0.5522098725608467 0.14276289462538863 0.13468188442061227
1 0.23186902417163352 0.5461817171316385 0.11204351564384121 0.1663966019742574
1 0.8305641294050705 0.591746140679614 0.05600634727034191 0.10955971610873086
1 0.38714805837250055 0.5559328700930248 0.09458299985882572 0.1594971683118814
0 0.46167064526067314 0.6143240715737179 0.07506018415851479 0.06393740440630076
0 0.6035697189240791 0.6105467106295237 0.06486613680346806 0.04866839513591366