1 0.41021945900436646 0.39699635368538255 0.1539696290666864 0.1356967791963367
1 0.4258866691999108 0.4600372801951395 0.13993246368712914 0.12307661745121515
1 0.34386817154129207 0.19284948221007425 0.14862334390401913 0.13037828104191607
1 0.2909501418008733 0.061673962498555925 0.15975510433779894 0.12334792499711185
1 0.38428620128171087 0.3361038398435368 0.14371624884979656 0.12818478288749552
1 0.44666790219367875 0.513958624909546 0.11808279830757176 0.10940479211539263
1 0.4601982901332242 0.5703889668555834 0.12655408347023916 0.11514395570609359
1 0.36971696635727896 0.2652504133337798 0.13858955874135157 0.12442878473307495
1 0.48143138054565854 0.6265488952109198 0.11986489336179425 0.11117762483353281
1 0.4252364706293242 0.017195494334801144 0.08600508733156698 0.03439098866960229
1 0.48916362590387036 0.6860591516704477 0.1189865131449043 0.10492762483353282
1 0.31903288908974897 0.12414446836822852 0.17247469939202142 0.1473854390958787
1 0.30672697946120875 0.6807251614882004 0.12721286863290668 0.11983145570609359
1 0.43750841652976086 0.03921384445748538 0.07909630216889951 0.0719649723163085
1 0.27677767421144195 0.621139729441705 0.11227198841601664 0.11168846124283185
1 0.3363426413491814 0.835397765430504 0.11227198841601664 0.11168846124283185
1 0.2158993450132481 0.46531019622127534 0.12875003401246402 0.1307689557060936
1 0.23521941648878641 0.5623505427812613 0.13472976971735634 0.151502121142374
1 0.5154516108283022 0.7553350827941534 0.11630070325334926 0.10763195939725242
1 0.509590344273762 0.03369951232920061 0.0846368477653467 0.06739902465840122
1 0.33247864406030575 0.7592709262528359 0.11070948841601665 0.11147812852469166
1 0.18714514525148362 0.39176743053385016 0.11827705874135157 0.12169445939725251
0 0.4266595877013099 0.07823125897097605 0.05924832689778707 0.06162847969862626
0 0.43766042425241647 0.10357684814864425 0.06681589722312183 0.071844810571187