1 0.09254543833239418 0.4359371360218141 0.18509087666478835 0.14218677204362815
0 0.10450109035269765 0.3177880695619536 0.2090021807053953 0.1518895539746133
1 0.6776516485477208 0.6958673270266476 0.1954531352898515 0.16256497402109957
1 0.696021299641463 0.37133722059003027 0.19824968455464625 0.15965849530842302
0 0.1231142198686727 0.5657992346647613 0.21149105771663312 0.15282934110137864
0 0.08041269954880689 0.660325130826034 0.16082539909761379 0.13392652179152656
0 0.09078754524231908 0.77602654048096 0.15655957867300432 0.13192697921687965
0 0.7431662277706181 0.5218013963364997 0.27497169190669873 0.19604374556052448
1 0.7124185661986903 0.8368090373019923 0.213546233819441 0.15762610174504027
1 0.6904850435926401 0.9544514612837508 0.21930355771663307 0.09109707743249836
0 0.8233766183861746 0.19293870500268998 0.3283406709503275 0.2168368468013618