1 0.3446495357209261 0.14232018251791217 0.08876855702175916 0.09639391367668776
1 0.36418291130981534 0.3344451347210625 0.11165925287472209 0.09316018685265534
1 0.3646326791702784 0.38348588935625605 0.13550685598499984 0.10086396002862301
1 0.3301762240810186 0.08199412153793915 0.07869092799249992 0.05183957416309639
1 0.3583709916586577 0.21123999349788516 0.0743547425071295 0.07291023464950504
1 0.3706645230442593 0.08878482837628304 0.06613213939685174 0.06721731025751583
1 0.3947858857201407 0.9492076383333485 0.23642409849212936 0.10158472333330301
1 0.3777000242220378 0.468912492775428 0.15917809330833316 0.15952697856939704
1 0.40301521663463086 0.7123444966881644 0.22577912441111075 0.2144453737053107
1 0.4000187728079182 0.8549572559585513 0.21470492337435143 0.21147527955652592
1 0.38331645424078803 0.5762915491202075 0.1688264953818516 0.16385848783978413