1 0.6100980095004045 0.6823649843293398 0.12483016693047429 0.1043991721120836
1 0.6839483496295591 0.829184126521805 0.13296091567683313 0.11551851006798622
1 0.3957229916202228 0.21985071979604137 0.0976766335443795 0.08346842306201394
1 0.5200854602791919 0.4905788342530899 0.12317673871722903 0.10123780452090295
1 0.6427035725116704 0.7550933163013189 0.1391654515702104 0.11410148043270851
1 0.41749034303214855 0.26937794111069413 0.09294366943775678 0.08179682028847228
1 0.374736890208297 0.1703053146857983 0.1057164540774929 0.09146276101791675
1 0.5792140708623178 0.61506903476618 0.1137562746106063 0.09945709897381949
1 0.7081647511206273 0.9091437302452772 0.1360404515702104 0.11402874525034719
1 0.5553159181176085 0.546046931042708 0.11540970282385157 0.10261846656499998
1 0.4465389970304991 0.32733525826503435 0.09294366943775678 0.08179682028847228
1 0.47044550996262285 0.36977667819291626 0.08329588479802066 0.072203614741389
1 0.49884930628084145 0.43243967914284676 0.10893238229073816 0.09466049620027786
1 0.5948524088799014 0.9375798144014578 0.07213106426490726 0.0641365416031249
1 0.3445121811162392 0.1256656151226386 0.1217506310370969 0.10588893692972232
1 0.5281657670887588 0.15031685695451347 0.08522209765100222 0.08473998233256949
1 0.5588905813536661 0.21214405651767315 0.10125627461060631 0.09916615824437507
1 0.598050021245394 0.2683024843293398 0.0883016335443795 0.08325021751493064
1 0.5796078421077118 0.8972821227220829 0.06569920783841657 0.057741071238402955
1 0.4999749194377568 0.06810442220899264 0.09389841567683313 0.11460932028847229
1 0.6383544239901033 0.33694272834541616 0.08071645407749273 0.09088087955902786
1 0.6679259152146146 0.4128687954997564 0.09500627461060632 0.09902068787965294
1 0.5411651192256004 0.9732276800927775 0.060238818025830906 0.03106946846486096
1 0.5063067344275798 0.9036788995075689 0.06762542069139812 0.07027743882958362
1 0.4621422988255011 0.036569360372985936 0.09303459765100222 0.07313872074597187
1 0.7057047115328332 0.4753135909026035 0.07901756175762494 0.0861570119678472
0 0.5865110599752581 0.8658502847661801 0.06440949247815268 0.0670797036472223
0 0.5716529381093611 0.838833843086805 0.05659699247815268 0.06689786569131968
0 0.6251536743193077 0.9579825801690273 0.06252874373179385 0.05610583605604162