1 0.3561326159156396 0.26571381920082227 0.256051017230314 0.2188613824329643
1 0.17694578446062795 0.42406619418223174 0.29284710574908784 0.29813238836446343
0 0.5916340053897698 0.29241953513188373 0.13366768038553242 0.11121602570316255
0 0.694582175486153 0.3230567228883248 0.1409582110077853 0.12084569368794007
0 0.7567981858978999 0.5192433147893789 0.07811477560027562 0.08717634783255335
0 0.14376173195387681 0.6225872658173308 0.1744524696229423 0.22642453163466153
1 0.8325291659325892 0.9184886507217531 0.2069215342154326 0.16302269855649384
0 0.7324688680800223 0.7134588884016445 0.11681850359317991 0.18363485376405214
0 0.7688714477384441 0.4598510687437116 0.09842727560027562 0.08800401878308044
0 0.8358906381679306 0.4190297505686537 0.2117909763189118 0.12839820851668765
0 0.4760940122083369 0.30248826041730437 0.0643991191410267 0.08972834486680377
1 0.8701118131636931 0.6052192599601939 0.2597763736726136 0.2604068952845456
1 0.8541718226158463 0.8286289839727046 0.2916563547683072 0.342742032054591
0 0.1019881896136774 0.7857610864638467 0.048937316511677986 0.17464717292769336