1 0.3433338645632642 0.516258535573385 0.11320111485312827 0.1379307735786842
1 0.17820320107756346 0.4706546024071351 0.12139625212603189 0.14371624884979645
1 0.856726426990798 0.6749073331414706 0.08746779121570683 0.10651184776534688
1 0.557077371231224 0.5802788678934206 0.1098210233378591 0.13436658347023922
1 0.26315215698691885 0.4895439853351494 0.12203398091420459 0.15152874884979645
1 0.8019273566873565 0.6563938037707947 0.08552265394280303 0.10160475271112439
1 0.9115254972942399 0.6934208625121464 0.09748052000387944 0.11564191809068163
1 0.4177917306243405 0.5390795031218417 0.10749324879205205 0.12477198841601655
1 0.09244117319777634 0.43234376700623206 0.1267214809142046 0.15218753401246404
1 0.4904798025947722 0.5686023280889649 0.11061824879205204 0.12521117852446154
1 0.737817059262732 0.6373439540747841 0.08721269970043757 0.1033868477653467
1 0.6875619677474629 0.6271919123396644 0.07863492515463033 0.09291387249423444
1 0.6185728516863866 0.6051395274809863 0.09929811151914833 0.1189865131449043
1 0.1271991972845416 0.3283361785244616 0.06667705909355409 0.07887670711467702
1 0.9552925042520638 0.7003254394099334 0.08941499149587244 0.13146117852446154
1 0.8510020697237135 0.8223819900179119 0.08957242515463051 0.09445103787379168
1 0.7822042722990892 0.8026733551592338 0.10503792848861018 0.11361489336179424
1 0.7135180451779064 0.7937924227734444 0.08982751666989941 0.09757603787379185
1 0.1693707218303488 0.3435304474613575 0.06304187606301595 0.07218751700623205
1 0.9380715060882316 0.8577874204730375 0.11820760818516832 0.10465374884979681
1 0.6333203621473682 0.7763430750080975 0.09712983363936126 0.09242401314490412
1 0.5512572901769366 0.7455026797156394 0.10609024545807202 0.10758448841601656
1 0.10395327379690118 0.25170188292801426 0.07241687606301594 0.07350508733156698
1 0.20086009576733285 0.28462843123558595 0.07410692182065048 0.07528718238578938
1 0.97152308872492 0.8535475696268232 0.056953822550159926 0.09669765765690172
1 0.47756469866166745 0.7320567121671827 0.0923147878817268 0.09020272798223665
0 0.19322268107368412 0.3708235282204723 0.0707268303053814 0.0717229922773444
0 0.22479154546777047 0.379121679304922 0.07021664727484325 0.06547299227734449
0 0.0883120404668006 0.3344552546417882 0.07085437606301595 0.0732854922773444