1 0.15622676475416103 0.42053615736356276 0.26361402179152654 0.1573651852728744
0 0.17610258615770008 0.3017490534443546 0.25300430372251176 0.1617344365265156
1 0.8042536273949648 0.6756743544479337 0.20376912822814397 0.1712170851145899
1 0.793918152869662 0.34874814159495227 0.2050038462971589 0.16657504922121244
0 0.2334826694654085 0.5513709687254762 0.21873856436617345 0.16229672618081653
0 0.1986866884069435 0.6471070175509773 0.17044317599857095 0.1406203029821363
0 0.22016248668157362 0.7639080726446845 0.16252141535490922 0.13883048244902288
0 0.8545710656266813 0.4996370401830264 0.2844071230323636 0.20942779044572393
1 0.8509697262900134 0.8175746979423006 0.22219134629715853 0.1670751543940618
1 0.8403050139209818 0.933745267221773 0.21861859604505715 0.09368311850068452
0 0.8677391570570361 0.168585616984346 0.26452168588592795 0.2297402904457238