1 0.3637106179332529 0.10913300457339214 0.20374687697836444 0.17573739627037802
1 0.39165083220303265 0.20458813714681562 0.19536116689245614 0.16420790041956293
1 0.44296659147528683 0.3927994547831736 0.1572060696514182 0.1488663203356503
1 0.5470068017883377 0.817174337981297 0.13936347241038013 0.13506392946385698
1 0.58064481739217 0.8338416197248837 0.06873671189493073 0.06434776514684729
1 0.5226862324756038 0.7274839533332811 0.135337713703953 0.117639631123531
1 0.4998329879026707 0.5798626695151021 0.15037621551297525 0.16702432448483506
1 0.41622038500742314 0.30449397137991313 0.17719102103089918 0.14415550954776962
1 0.5604684362299339 0.8895704788530903 0.11305992198083885 0.07860044191141177
1 0.4553570488476616 0.45570219648480387 0.16847776232447184 0.12637601369695445
0 0.4226873117379604 0.5402897614218694 0.07136374491161739 0.08477866431700995
0 0.47127754070706124 0.6757429319626567 0.05524742198083885 0.07421967261537965