1 0.3906470906823173 0.28628868031251165 0.14412621551297516 0.16258139081820958
1 0.5929564569180895 0.7984675409420441 0.3845276447299032 0.40306491811591183
1 0.7297937206013578 0.11036630500067077 0.17283771370395282 0.11559938296032675
0 0.4748959379233554 0.302682121792675 0.09570200361804453 0.10109592721213971
1 0.38852126243601354 0.7810724873846062 0.17600473654387444 0.2949957845319032
0 0.6671885792623566 0.20954435959156595 0.1277642311168073 0.14779114474715102
0 0.8277408926937383 0.8179720968759829 0.2499136273170489 0.36405580624803413
1 0.30325663330994257 0.3437865031003719 0.11206398801421233 0.11588617328319835
0 0.22755610696351808 0.7135660020669146 0.08393898801421243 0.11457623035529281
0 0.28392893769621275 0.7185296379227255 0.10318031094499087 0.12482452564056316
0 0.23307468735752845 0.491710272745079 0.08977955223856364 0.10705482878371626
0 0.21122069877748917 0.5803168544242794 0.09265889077317438 0.10251287799792799