0 0.06115872150569509 0.12011305267345422 0.10802261023285269 0.08710110534690846
1 0.5930352100658081 0.7014577907383603 0.26269515682156525 0.37296697469763485
0 0.43074532029866075 0.7825772373488175 0.30021737936725007 0.43484552530236514
0 0.8867915790346755 0.7293582607813128 0.22641684193064898 0.4511647000318167
1 0.7664838213386505 0.7370333060948139 0.2844267142257671 0.48871924403245315
1 0.2396097905565701 0.7777266526893627 0.2973420886018741 0.4264374200349984
0 0.8016922007069102 0.23642532610594963 0.2681293614806385 0.21382833203372567
0 0.8906854024538102 0.4122707581158128 0.19606647379347067 0.1942601720241807
0 0.42680352100658075 0.07442202872372465 0.1442320420131616 0.14058973201781738
0 0.5525328492095675 0.08368903540736024 0.15194069841913488 0.15628745735199914
0 0.13964070133029827 0.7601749786759996 0.14869447836902144 0.33886360001590854