1 0.374995621260367 0.5619316101144344 0.10125451201463562 0.11422079117755643
1 0.2799462032543218 0.6004050223606504 0.0824681493475448 0.10989423658176474
1 0.20222064524986746 0.628261109653009 0.09818405601527207 0.11870803207825809
1 0.4864876519335031 0.5213845581395361 0.06655224801081765 0.08389294108527139
1 0.12766554057927676 0.6524112060446663 0.09994655068427191 0.13599566162790727
1 0.6638410399427299 0.4647304472499094 0.07912497334499946 0.09094397748246603
1 0.537405261935094 0.5129200185031391 0.055596566677272106 0.08162953423772627
1 0.1833899239338212 0.49961567550756786 0.05534202800763603 0.059754534237726274
1 0.5852796879376392 0.4972239697674434 0.05078179734245403 0.07039164558877822
1 0.4378047039306396 0.5393742921004072 0.08234088001272663 0.09895673658176456
1 0.07646611990773151 0.6850944956810634 0.07316587468172657 0.1155434592838688
1 0.617483660606321 0.4844328755352544 0.05861247867599957 0.07245479333702498
1 0.09858766259550326 0.5309274298265045 0.05219884667409058 0.05799177513842757
1 0.6017404819382757 0.4935878300387612 0.06171929734245403 0.07109255243632351
1 0.556346165937321 0.4977153230989309 0.06807838534372675 0.08086807063492074
1 0.1284115225970941 0.5211111412698417 0.05688634667409057 0.05829216378737563
0 0.3375677992520947 0.6205160656976754 0.05381589067472685 0.06277940468807693
1 0.40173084392904873 0.5487900624584728 0.13248633068109025 0.11466088217054313
0 0.7098166112746845 0.4778405189645644 0.0413704346753633 0.06666586829088246
1 0.7099604199156857 0.6670532132890384 0.1387363306810901 0.11506140036914018
1 0.5076883005649593 0.7823115661591006 0.12271134134309047 0.07968510487264702
1 0.5737951059039135 0.7451107572443721 0.11651588534372674 0.08397208667404979
1 0.6421002105745043 0.7205601426541175 0.1165704293443632 0.0886595866740496
1 0.7791104092536856 0.6370839134736086 0.10410679201145392 0.09098355027685515
1 0.851530849260049 0.5948148727574774 0.10852157200827231 0.06784643892580319
1 0.8340342665897763 0.6202759477113348 0.09767497867599957 0.07495803207825791
1 0.9103245939290486 0.5813822308693268 0.08986247867599957 0.07445738433001133
1 0.9348796985996394 0.5540279888888913 0.08502952800763594 0.06165699568106327