1 0.30529495407318763 0.46709385662000213 0.11355180121764637 0.1480567866804538
1 0.7384898334701834 0.38088035256209574 0.0933032030344176 0.11035679201145401
1 0.8467332839195271 0.5177707305458692 0.13035666394474282 0.14356928134945388
1 0.935205465742117 0.3996650732018242 0.07091802000387944 0.10385225334181776
1 0.8055817386209345 0.4003928738860961 0.08239765394280311 0.09149770401018138
1 0.7390961271017862 0.5073155832272775 0.10459138939893542 0.13390338001272664
1 0.8783017614997519 0.39876619187623297 0.09681084030732094 0.11508065467854492
1 0.5264684524061977 0.4731058572565489 0.10082866061076282 0.12605451734563572
1 0.6652276766524425 0.3700252159055043 0.09406847758022466 0.11973179201145401
1 0.180087659982543 0.46152620397041044 0.11524184697528086 0.14963746801399935
1 0.2352689807450267 0.33053928596436527 0.08603283697334119 0.09778406667727228
1 0.6456656361856419 0.6957246499045497 0.10908769970043757 0.09336928668045381
0 0.6203622314939328 0.5563081612428677 0.13405574879205204 0.11239200668363551
0 0.40473710255597883 0.52057229793923 0.14292056576151388 0.10625109468490841
0 0.49217410330488487 0.7498047172581398 0.16189370636839745 0.1283260893539083
0 0.5750172648337316 0.38512405191759475 0.10389001666989942 0.08706474267981754
0 0.5195485148337317 0.385769489258458 0.0757650166698994 0.08673747867599957
0 0.29429329438050866 0.35326771395609297 0.07187474212409217 0.07732611600890867