1 0.6881206556852636 0.42986552478871587 0.15848820325334928 0.09713218597979179
1 0.21423962976519806 0.8068195765567363 0.3768412658560286 0.17696907560680586
1 0.6710007430168304 0.36205977573864645 0.19489022798223682 0.09019250816812514
0 0.19059949531723736 0.5734790932742364 0.24456929444624387 0.1333983007211806
1 0.6964525579199167 0.5100076196784729 0.20021117852446152 0.1058902433504862
0 0.22157085700794882 0.30848987290951413 0.19059124884979656 0.11501067021222236
0 0.4350292792887269 0.9628318807932988 0.15426522798223682 0.07433623841340235
1 0.20022784152166326 0.6834359747331252 0.3503041004764712 0.16544969414791702
1 0.1960471614772552 0.467792137727153 0.2773564598258013 0.14506315254479193
0 0.5856373952105092 0.9377968196228821 0.19298145982580123 0.12440636075423583
0 0.6725462398949886 0.741457641429966 0.1448395587413515 0.11083101006798621
1 0.24470854982751816 0.22751262984336829 0.18148651314490422 0.09455269984750014
0 0.20222961666126832 0.3903392849536113 0.19796455874135158 0.11206750816812514
0 0.6988722267500844 0.83299183120948 0.20731422412090908 0.12318684612402783
0 0.5990581982008436 0.28278854340607695 0.1268243477653467 0.08237870174736121
0 0.5991384528426318 0.22086977165458385 0.1674493477653467 0.08332425911805572
0 0.25665960470754196 0.0867057918874655 0.15072637249423443 0.0751480832062501
1 0.23536313522842117 0.14342791736243077 0.1748226576569019 0.08038109707395846