1 0.7343333780633152 0.43245689578511753 0.24527723201781731 0.14260283870851378
1 0.25357755812376703 0.9004022985950393 0.16070223734881744 0.1214855099247977
1 0.7118487560470887 0.3139081029810466 0.24393290802036277 0.1612800641014079
1 0.2644156081317212 0.9585230136488512 0.16944089067472687 0.06723465756743252
1 0.730346406747269 0.560055356909988 0.21882382001908987 0.1507406703877141
1 0.6870112933640895 0.19468722208763445 0.22042268268618095 0.15393844499482
1 0.22413112738699753 0.38508766770162706 0.17007723734881747 0.1219221575674326
1 0.3179153006842719 0.1149506420610639 0.17258516669318064 0.20324493217453848
1 0.721499212762541 0.6730283918561761 0.16869655068427197 0.13747438296032682
1 0.24061283943344997 0.7266929708447802 0.1777806493475448 0.11291103060296184
1 0.2548577001113585 0.8088868866843804 0.17632723734881744 0.12221325599585597
1 0.7300486041135856 0.8031696561241997 0.14522268801718105 0.13325776385373905
1 0.23257252542167778 0.6403017065767566 0.19033519334818114 0.11818072745980893
1 0.21761695070813447 0.2954986288264975 0.1779806440165447 0.13009853060296184
1 0.6716033746817265 0.08061418341739274 0.2142817706874535 0.16122836683478547
0 0.47077667134786305 0.08516248056468985 0.12056813335454457 0.16178087014004516
1 0.7475730061266305 0.8984992727495882 0.20908519334818115 0.11905402274507892