1 0.2574888532384135 0.6976733889564649 0.23419537603436202 0.2544703731437835
1 0.4365661838797328 0.8833376573032293 0.3057794746976349 0.22988852966144577
0 0.2823001386060028 0.44520237392935036 0.11875109468490823 0.13505677693097126
0 0.31480465062063845 0.33720806674775805 0.12976132001909005 0.14137040944452864
0 0.5262239559595928 0.2945746182720096 0.09307838534372692 0.07709883118569749
0 0.6522360898711422 0.9453598925707023 0.2308692866804538 0.10289878278470396
1 0.9359807639640472 0.25938044419314976 0.12403857869190774 0.18664654800821018
0 0.738096699952275 0.34724457943718157 0.1965670120146356 0.10894879488495217
0 0.4623978132956836 0.2746348229942739 0.09331474267981754 0.09741133118569749
0 0.41723131130650126 0.19521548858712265 0.1368840240292714 0.21640677088084712
0 0.29566210992204905 0.572459765518094 0.0960215720082724 0.06149201190385671
1 0.6169318666454555 0.15484553952219907 0.275511266709089 0.30969107904439813
1 0.8389699513049104 0.20447984163562585 0.3210419427116342 0.33309534289316245