1 0.408764616917839 0.39198422127627536 0.13971102084968248 0.13126927601845367
1 0.3336486081423503 0.31632169728677484 0.1297904515702104 0.11241018801718106
1 0.274620600620503 0.2514057692950472 0.14279055674305985 0.1297431386855446
1 0.4935822346271008 0.4831535665977304 0.09942098997087019 0.08862724267981754
1 0.22175166488541023 0.18954211596913778 0.15859741316955053 0.13617495202099902
1 0.6181466624446348 0.6308723565802312 0.11076766693047428 0.10281701201463563
1 0.5211472934817317 0.5289109619271397 0.09441524122451135 0.07763519867918127
1 0.39525736104534426 0.1851802379455934 0.07235838479802066 0.07113066000954502
1 0.5559481908161648 0.5675552912555946 0.08329588479802066 0.07125792934436319
1 0.4564603193459792 0.44375525926959386 0.11876202335696498 0.10915791868236294
1 0.16971780344435458 0.15266028130968293 0.13429609514371962 0.10621473201781736
1 0.5801525689502678 0.5946081399188674 0.08821070533113406 0.07912497334499946
1 0.3301157458433649 0.11564953528804753 0.07070495658477523 0.06798747867599957
1 0.5672350318032493 0.5822626812540037 0.0867391335443795 0.08223179201145392
1 0.5434625626820615 0.5403660825907307 0.09946645407749273 0.09018974267981754
1 0.352825820137402 0.14037681528486584 0.07235838479802066 0.07113066000954502
0 0.33651754387744315 0.3787671532861385 0.07700042069139794 0.0696227040101813
1 0.43236960147843284 0.41279616060632096 0.14687030298213624 0.16259200135263546
0 0.6237230610327089 0.6807905405792767 0.07672763605166182 0.06024770401018138
1 0.436566390341311 0.751695028604412 0.14861465940862678 0.16886018268618094
1 0.24332015868371104 0.6024324672979107 0.11034176959604132 0.14186133068109025
1 0.3059278072717853 0.6516870326225475 0.11493834138279588 0.13879087468172652
1 0.3566121173800574 0.7081092079487752 0.1196713054894186 0.14040791868236296
1 0.49430468250289444 0.8072541379296851 0.1161371285298145 0.1263090560152719
1 0.5646111708244119 0.8603240465865947 0.0958246285298145 0.12607269867918128
1 0.5312447413575254 0.8529024452578217 0.09867684389007839 0.116734061346272
1 0.6006108553058634 0.9114501945815039 0.0969324874635877 0.11046588001272681
1 0.6370113565595047 0.921960433243186 0.08089831050398359 0.09622156667727211