1 0.6347510790582274 0.5413961996820003 0.14817923610255282 0.12760045680654777
1 0.6577849147412174 0.47568266847433593 0.13485044191141177 0.11600785956551007
1 0.5691064587318658 0.7636186804601234 0.14325493776222692 0.12422979534115867
1 0.4956493384055043 0.9725344985296619 0.14462726099766207 0.05493100294067617
1 0.5290170228437387 0.9225942107632769 0.155139631123531 0.13730300542706714
1 0.6183816404708079 0.6129060295101838 0.1400115385920639 0.12250352103089916
1 0.6718581475197778 0.4149465643358929 0.11527164772027057 0.10408771370395282
1 0.6940398782237459 0.3585261459730987 0.12187684523075966 0.10910276232447184
1 0.5901750527132256 0.6822392056748942 0.13508724025173785 0.1191328595655099
1 0.709379613076899 0.29396567898978543 0.11707094606059662 0.10729460085908267
1 0.38075712159898334 0.9171586810259503 0.08825886182749905 0.0762150192218769
1 0.40318730603721786 0.853747956240721 0.08501546265733602 0.07448874491161739
1 0.73714849295103 0.23939436566994537 0.11479805103961845 0.09783771370395292
1 0.548463917240017 0.8403515988229178 0.16775803029369402 0.13952060266810484
1 0.3665296008530589 0.9553204223195231 0.07758147095570589 0.058536196291098366
1 0.8636545612120881 0.39931932157198213 0.12559384108157445 0.11707903663473136
1 0.4191665809323271 0.8078965456798428 0.07684776514684692 0.06939180913596851
1 0.8513097717948316 0.4725963692879899 0.11093934523075966 0.10852955223856356
1 0.9261517933659486 0.24852146144064532 0.10925844606059662 0.10688516508343389
1 0.8087940755337424 0.6508984317033188 0.1246233369323897 0.1248096494796016
1 0.8482099278134718 0.5549175463572115 0.130850026144509 0.14536781094499088
1 0.3290394110162397 0.8405242599496227 0.07431476099766207 0.07704053482570927
1 0.3000515732586573 0.9098164925367682 0.07912066016782511 0.07884869629109836
1 0.7561101352727159 0.16101706015202139 0.11370914772027056 0.10400582654882311
1 0.3587017549975994 0.759595164517607 0.08271925684847722 0.08526247060135787
1 0.8874929576829587 0.3134161210970123 0.10769594606059663 0.10680327792830413
1 0.7886843303076272 0.7346626000661132 0.1145379419114116 0.11494332654882307
0 0.44785934337988176 0.786055845204873 0.05894987012586892 0.05911605042954129
0 0.4533038599766213 0.7552152809805219 0.06602866431700996 0.07038109905006032