1 0.7248550108941952 0.7346890087523598 0.15095631808298862 0.15465223201781733
1 0.4645459161445097 0.21524702339272453 0.40505107765382586 0.41971580004772513
1 0.4089090875251135 0.9346135467059072 0.17889660197425758 0.10505222135581711
0 0.6399542091846093 0.7235600574076784 0.09976617758226833 0.096330654678545
1 0.6717469771244827 0.23716002808717782 0.18972244786840733 0.2861567706874536
0 0.4602801506724582 0.8306805720480434 0.13528513905580564 0.14198860001590824
0 0.23125379346210645 0.21487266402768052 0.2680157952074712 0.38535788669636223
1 0.8046906960014859 0.6700912540976773 0.11856235660945096 0.10903064934754489
0 0.8389411978684072 0.29371111477558587 0.0906384414878488 0.11026588534372675
0 0.7825906554292082 0.29227533676794987 0.10883136587983806 0.11827838001272664
0 0.8583213354792985 0.5170395267743132 0.09432051709585956 0.10250792934436319
0 0.8700959125322235 0.42668724677749487 0.09840476246066601 0.09787497334499946