1 0.42569002871730677 0.7519959781335193 0.23583606930440748 0.2711695368522218
1 0.6809760621250807 0.03628208671041714 0.37757712425016143 0.07256417342083428
1 0.6991376804403451 0.7754267503293066 0.351116112635615 0.370953506315092
0 0.3319501515954147 0.5644658753060654 0.11525975430759602 0.1260730673893516
1 0.4378145447670729 0.11629079839759289 0.2631290895341458 0.23258159679518578
0 0.3130479478621648 0.463518529971482 0.1119521242501614 0.12423716531583313
0 0.3843851805679689 0.25681061724754695 0.08329952310146913 0.09079994872768501
0 0.3281351805679689 0.26173185457088016 0.08575488436503065 0.1250382476909258
0 0.9010958164007707 0.7235547261537517 0.1978083671984585 0.38146177935935127
0 0.45161326582642464 0.2580320731852786 0.11178978321633828 0.09638556738935167
0 0.6118608164326768 0.12325865758662151 0.1838880057434613 0.17074030989648117
0 0.8854504913209962 0.0009420345896303973 0.17090098264199227 0.0018840691792607945