1 0.43682017348436003 0.3714120655524689 0.11528004333120752 0.1034790087195228
1 0.5077008815252059 0.15822574096838177 0.1327313439055537 0.12102251748363071
1 0.3998680492341986 0.4841593024063071 0.130073063560946 0.11145566660722003
1 0.4625912861837868 0.3000849251929876 0.12851056356094598 0.11126381573080915
1 0.33708393800254305 0.6484146533050105 0.10251624275686141 0.08651105258464717
1 0.49103082373962714 0.23304773658632785 0.14137582367581522 0.11592362274209547
0 0.3955458165603004 0.4194391708332262 0.09939124275686151 0.08612735083182574
1 0.3040279192405758 0.7481684164734648 0.10288150287173066 0.08963605258464735
1 0.5368810838225905 0.0984116532381328 0.12623783235481909 0.07864316660721993
1 0.3231533310784835 0.6997991489229565 0.10288150287173074 0.08963605258464717
1 0.37468541196553135 0.5436717673275829 0.1126217629865999 0.09391215784311199
1 0.28522718225908167 0.8005398594621784 0.12538556356094607 0.11088011397798744
1 0.35615862007018906 0.5936994603162967 0.09782874275686151 0.08593549995541494
1 0.6253449566687924 0.16870830669919087 0.07100244218251532 0.06724088593284235
1 0.6434557586790038 0.1154596882722718 0.06394075143586538 0.046352833303609974
0 0.2412844004786087 0.8442770129901142 0.06383929189534232 0.058660982427199214