1 0.44391220164888984 0.5193001519335031 0.11603368605101819 0.1309056493475449
1 0.04482289187057931 0.7178045706556369 0.08964578374115861 0.18428518801718105
1 0.10487095108324203 0.6746534599777283 0.15777141819055518 0.1797795013526354
1 0.20037823218601974 0.6267148519653197 0.12630680471268488 0.1591215560152719
1 0.6127394055603712 0.43616838391154944 0.12587757775694436 0.11853291868236293
1 0.27567075810500113 0.5868160106222293 0.13642409849212936 0.14987382535008997
1 0.9018504237036582 0.40548835920596044 0.13117067049962933 0.1076681440165446
1 0.8008743926008804 0.45349060188577794 0.14162015494824054 0.08437609468490823
0 0.7106301014133342 0.44127295989818655 0.05070262902925915 0.04429544000636341
0 0.3900654487741678 0.5995330919398664 0.0837297425071295 0.06497156667727229
0 0.5189026397261585 0.5363780165897764 0.06558533524981466 0.05383407200827221
0 0.6002107197921769 0.49016554057927675 0.038202629029259326 0.04414998933799978
1 0.5377886322332879 0.47216097525464 0.11283077360990709 0.11213746801399935
1 0.6729052174831027 0.41751783390359537 0.06826056738935157 0.10225339067472686
1 0.3314518663990752 0.5736796639481387 0.08702969123481452 0.13837270401018137