1 0.7870918100609037 0.4434335854270374 0.2524159763189118 0.13982700091808392
1 0.2781936216732023 0.8515471692355767 0.16648018038553244 0.11887703000581888
1 0.7712211619716165 0.3217499040634893 0.2513720375634175 0.15832190940281485
1 0.28443424930678834 0.9290822378720284 0.1753366191410267 0.10101985030926067
1 0.7758788408057542 0.56969306754919 0.22706742871154012 0.14859622303829667
1 0.7537880138823292 0.20019376845757558 0.22741427225229102 0.15172122303829683
1 0.27816910921967014 0.33282924908191613 0.17585518038553244 0.11964230455162621
1 0.3882684695003447 0.08755630090353642 0.18331061244505734 0.17511260180707283
1 0.7598933647320376 0.6813638911866116 0.17602689808928745 0.13513975879399176
1 0.2752633442763365 0.675989188780414 0.18418964976327956 0.11103257909743344
1 0.28462811987661224 0.7603641887804139 0.18193175861515698 0.11858998758216437
1 0.7610928325583899 0.8129167801265051 0.15241597631891182 0.13166407242947367
1 0.2718884360204975 0.5887602557498759 0.19703649330403056 0.11517794515850958
1 0.27687781830826796 0.24306524741492613 0.18453478923740985 0.12809253333979892
1 0.7447743419893562 0.08346865406348927 0.2222048028745439 0.16058604000775864
0 0.5431293912707202 0.07201929483955063 0.12932191172642132 0.14403858967910127
1 0.7710645843549798 0.9027605301265051 0.21422569737065125 0.10264599425012406