1 0.5756609177006977 0.07632217840273268 0.27007183540139545 0.10131738922254249
1 0.6633936806132734 0.7412338178370368 0.14046074505632156 0.11711044724210709
1 0.6960365718308675 0.8186076599162941 0.15350704827463008 0.1256509893354818
1 0.5506212569604909 0.5082477416133819 0.12741444183801284 0.10856990514873247
1 0.882115819485079 0.9204795150085566 0.1831616972858942 0.14916408404557516
1 0.5215022034900807 0.4256326626883043 0.14089778763096844 0.12336044724210712
1 0.46370649296263444 0.300109746945641 0.14424130891829176 0.1266674577654509
1 0.7186178680886852 0.3515258467056447 0.2745622294689813 0.23229437343752696
1 0.5907488662470999 0.5813891100009986 0.14569454827463008 0.12519596302712266
1 0.658287383423924 0.1675001862246533 0.25660990496334896 0.2203558155591366
1 0.6318380419935693 0.6460277336502871 0.11382183540139543 0.09221686305535748
0 0.8897048083372141 0.773088575517783 0.16405106436617345 0.1651685156438411
1 0.8031338877865248 0.6700098071725187 0.20576867080279088 0.1831596524473092
1 0.7274240575809096 0.5442215809206291 0.21056543144645268 0.18499516823232476
1 0.16502370248167453 0.11231653142885675 0.09187042574646939 0.06759629465362353
1 0.9793861232844654 0.6692039832973512 0.041227753431069304 0.1312037683452644
0 0.5279218122724865 0.3505339521508432 0.10811813861970414 0.09966534200867017
0 0.46133025595208477 0.2104935100998207 0.1223663089182919 0.12539338410204498
0 0.4151329631253362 0.1284398732963526 0.13236402179152656 0.15709841041040423
1 0.5281717286358019 0.7769298521790781 0.1605654314464527 0.18208299985882553
1 0.32339284939925184 0.30749877076433874 0.1740487772394081 0.19687354195220044
0 0.505690805235121 0.6223410627165392 0.10467606436617345 0.16171031570031094
0 0.4545057276273957 0.48008567328223517 0.09344363342392406 0.1346017841302798
0 0.6235438488181742 0.9234958615987653 0.10936356436617345 0.15300827680246948
0 0.7700310827266308 0.8976118914298553 0.1254913089182919 0.12557539462538897
0 0.7991665616914088 0.9666192891448965 0.09063570767745457 0.066761421710207