0 0.6594981518050647 0.459291052637231 0.04079330957051326 0.046262994804219915
0 0.6793711331459535 0.5056415287520174 0.041662122489011466 0.04012225544788173
0 0.6527321466604901 0.4192834116717384 0.04426685717788494 0.035653276735205
0 0.7076584784832944 0.5998667761541274 0.0347184354075095 0.03343521287323483
0 0.6918660209460915 0.5483753319703262 0.03749488780013799 0.044481973516896464
0 0.6220151924712718 0.3171364036259667 0.03766830957051326 0.046044473516896466
0 0.640845939123287 0.3680651190970915 0.030724622489011467 0.03935743094224957
0 0.7306564598241833 0.6464357735562374 0.03402304425938709 0.04113845222957302
1 0.7534784632947656 0.7123721299928547 0.08454160550389264 0.06327553218308672
0 0.69995143410131 0.4466160900160979 0.0637088401927663 0.057167643815484226
0 0.7522755873351719 0.610738574176656 0.05763226196314157 0.05829310124083733
0 0.654224124408199 0.2860556484301866 0.04929949665201523 0.05305929802252862
0 0.6858957503677928 0.38981978679778917 0.052251074881639784 0.05171531930985207
0 0.6701900037157775 0.3391095926139879 0.055202653111264335 0.05037134059717552
0 0.7701516622168116 0.6600501593259499 0.06666041842239086 0.055823665102807674
0 0.7383066144868424 0.5547235209583473 0.06735410550389265 0.0620736651028075
0 0.7240775089829498 0.4963647177400386 0.057285418422390676 0.05516810124083733
1 0.8711760042061678 0.8089736144055145 0.10294135382990036 0.08936813861970413
0 0.8001996382905283 0.5536251967048168 0.07499147966689641 0.07501070767745474
0 0.8392527659241142 0.6330995292562205 0.08974766674839847 0.08224405347041035
0 0.7446731465378924 0.31176012479707466 0.07846332320764748 0.07835422896477802
1 0.818439597379126 0.466529388290728 0.15537096268177777 0.10078623986054147
1 0.796749095582536 0.37586618346326495 0.14912096268177777 0.10034919728589449
1 0.7424314440226666 0.18679832962453766 0.17515978923740985 0.12542560694082047
1 0.9171040007355856 0.7478447262900134 0.13783491507440573 0.11041261213660043
0 0.735153693900069 0.07233699187735373 0.07968238780013799 0.04743201089576328
0 0.961803658562333 0.8461618939907112 0.07639268287533411 0.07944683540139544
0 0.8862255532423366 0.5464625427498738 0.12221161914102688 0.09536676634364483
0 0.8106518063451261 0.26366111440551443 0.1018991191410266 0.09394637797604241
0 0.927445600972306 0.6524447449794468 0.11318346268177777 0.09783620248167449
1 0.8793329881594559 0.121178319485079 0.13054097631891182 0.12850704827463014
1 0.9739356124450573 0.49946149263365835 0.05212877510988534 0.12218063861970414