0 0.3288772254559008 0.5547961824363875 0.04198892319868044 0.04805706677218975
0 0.31300818454795853 0.5099837876092369 0.04180706677218975 0.04180706677218957
0 0.33155594457708837 0.5968700221698308 0.0447956744523216 0.03721049498543501
0 0.29154001299863075 0.4161572312618885 0.035375210345698974 0.03537521034569906
0 0.30332094748008226 0.4673332863555958 0.03721049498543509 0.04479567445232178
0 0.35433656353999143 0.6992448644105564 0.038909387305303154 0.049528638558944495
0 0.3401891470052286 0.6489182554767833 0.029216138558944317 0.038318353919208195
0 0.27178745414399985 0.37067724670129476 0.03399456677218975 0.04157974623907634
1 0.25418842867546376 0.3048392980340783 0.08463106426490725 0.06490959765100204
0 0.28612142412311725 0.5755549633151998 0.06252874373179385 0.05646060015828454
0 0.24640936942512148 0.41122569035394624 0.05949467194503928 0.05949467194503914
0 0.31811190703435843 0.7369865568095669 0.05002874373179385 0.056096887305303156
0 0.295376752178078 0.633049214568841 0.05150031551854841 0.05301735141192587
0 0.30637643665952957 0.6842480017158596 0.056142351411925785 0.05159124373179384
0 0.2322164887837359 0.36246158142017315 0.06569920783841657 0.05811402837152997
0 0.25568742953339363 0.46793869160758755 0.06744356426490725 0.06440949247815268
0 0.2656785434817317 0.5269727108079174 0.05784124373179385 0.056324207838416386
1 0.14106395453971124 0.22226614192415664 0.10259145407749282 0.09197220282385157
0 0.1913521448936575 0.47917771997911734 0.07561977711788867 0.07713681301126592
0 0.1584691002247916 0.40207566237812775 0.08986413354437942 0.08379598997087019
0 0.22637904810058523 0.7240439391003051 0.07883570533113407 0.08035274122451135
1 0.16442828054960798 0.572851163631769 0.15759720282385162 0.10450094655564542
1 0.17891066620555846 0.6653198084589195 0.14817673871722895 0.10266566191590928
1 0.2171140451975914 0.8546718134734844 0.17390416442319181 0.12839308762187224
1 0.08667431974169058 0.29410168949601645 0.13760295157021035 0.11484741316955054
0 0.21453095130751296 0.970274081420173 0.08100595909205772 0.04763116943775678
0 0.042959732482276254 0.19944005885463092 0.08591946496455251 0.08071645407749281
0 0.10096282561418532 0.5005419061099217 0.12147784639736088 0.09720527210332364
0 0.15358039410223467 0.784706305951637 0.10116534639736088 0.09661423871722885
0 0.06733563486452766 0.3953603126155546 0.11380173871722891 0.10166545157021041
1 0.09292037575983461 0.9379055137900536 0.07840980799670108 0.11936977711788899
1 0.014509814727125658 0.5603010025072825 0.029019629454251315 0.11064799498543501