0 0.3886430139063516 0.5379939825830505 0.04793288896415202 0.05636825657245215
0 0.3614320607178483 0.49932000345061034 0.04604284034363308 0.04989866151822966
0 0.40092832993972516 0.5771916147306044 0.047441566033373614 0.046993256572452145
0 0.3184422992978876 0.4148563322790612 0.03946529172311397 0.04277028130133971
0 0.3421154946844747 0.4611105490470576 0.042999727498762755 0.051021971409784685
0 0.4474525271353347 0.6690285957937085 0.0448078889641522 0.05592906646400699
0 0.4215174689038772 0.6246662716070458 0.034859678878243726 0.04367399613867225
0 0.28810634610938424 0.376621543255066 0.03971095318850324 0.04745778130133971
1 0.255184303481759 0.31907509928529326 0.08970430913596861 0.08395272798223674
0 0.3509316519659925 0.5692651089386127 0.06725609905006032 0.06994089722312183
0 0.27238949287545244 0.4221156363786246 0.06577548620519007 0.07128380216889951
0 0.42075723032383794 0.7152786042968244 0.0561548247398008 0.06527873184356459
0 0.37336989597309866 0.6219889207608317 0.057635437584671045 0.06393582689778707
0 0.3970430913596859 0.668243137528828 0.06232293758467104 0.06459461206045454
0 0.24731757179912472 0.3792060146648507 0.07038109905006032 0.07038008733156698
0 0.2956089868825586 0.4747296506737323 0.07383364767057934 0.07706927744001177
0 0.31886942446722966 0.52812491496884 0.06404921189493056 0.06793920711467685
1 0.1243194058111797 0.26978459620442596 0.11140889077317437 0.11336996368712908
0 0.23487288274411564 0.5021536553155205 0.08394563206674706 0.0924493477653467
0 0.18344982360814704 0.4369763044693064 0.09841756784239589 0.10223820325334923
0 0.32696628674627304 0.7276730575501738 0.08723440637700657 0.09601353787379167
1 0.2304929992070305 0.5987837256408554 0.16395403663473135 0.1393666004764711
1 0.26645151062699124 0.6842355745564057 0.15449714947960164 0.13648653015113615
1 0.3493469770444776 0.8543833570079489 0.18245173111680746 0.16678214607291855
1 0.08770687641253756 0.35205656761421056 0.14396908525525037 0.14276186477157884
0 0.04023433288040121 0.272157931605329 0.05606629353213636 0.09318413678934209
0 0.15065501300184042 0.5470438832977573 0.12900582654882314 0.12359800928357637
0 0.27041307157198213 0.8048774671377394 0.11165455223856365 0.11805746368712917
0 0.09311142865110118 0.4551815676142105 0.12448210085908262 0.12606422412090904
1 0.2444790926028813 0.9407389632764117 0.09085737336031982 0.07635982303645932
1 0.06609962856024414 0.6305447538613278 0.07127521370395287 0.11703549227734449