0 0.5211203642560299 0.5972996424725064 0.05210320683834393 0.040897710772388504
0 0.47553751083685797 0.6178621273471959 0.04585320683834393 0.040861349336070066
0 0.5611882886480192 0.589259883495516 0.042929291716741605 0.04240566861791084
0 0.38245331326890114 0.6496302778147341 0.03879886732475253 0.03457498789975162
0 0.4331027469312774 0.632160976683266 0.04857603708154823 0.03775453005422946
0 0.6623866135335728 0.5551025312325797 0.05013853708154823 0.03776362041330898
0 0.6121162601144008 0.575692287184508 0.04288311268955898 0.02991475897699054
0 0.33636774765373467 0.6740990126894235 0.04661136732475253 0.03462043969514959
1 0.2714316395993691 0.6994580818730685 0.07608141367668768 0.08163179508134402
0 0.537867699856885 0.6370161274453918 0.06565481025751581 0.06127384328594587
0 0.3743786442345627 0.6941751633533535 0.06505155562232226 0.056586343285945875
0 0.6975279584048149 0.5853440222555892 0.059358631230333005 0.04874657220870695
0 0.5938853410800624 0.620296260057145 0.059559716108730856 0.05030907220870695
0 0.6444342323032396 0.6036082089256768 0.0586004707439244 0.05498748184962743
0 0.32587187569378856 0.7131933289462022 0.06605698001431151 0.06439884328594588
0 0.4310769930185411 0.6782320007855669 0.07094556489270935 0.06598861436318479
0 0.48855659180251954 0.6622842930382404 0.06348905562232225 0.05657725292686635
1 0.18359348128033212 0.8178495335702707 0.10505693221746185 0.10053633118569749
0 0.4365159327610253 0.7390922327333902 0.08601348928469861 0.0738829275949012
0 0.3594127259226814 0.7801353892510526 0.09407325319027918 0.08798178903121964
0 0.67883378545774 0.6760099288714475 0.0895406590414943 0.0770261083130606
1 0.5266925839770469 0.7541809015476927 0.12555414832619274 0.1506181444174139
1 0.6173093995922134 0.7294530914392341 0.12318730881260151 0.14435905405833438
1 0.8053188325321325 0.6698094049655383 0.15296716686696704 0.16951359016268802
1 0.24895631224599363 0.8619671722321481 0.13115471466381656 0.13347609621281223
0 0.9044832191201163 0.6575225075230622 0.03056782879829001 0.07980567466803504
0 0.15353654906287026 0.9179495275201465 0.09447542294707478 0.09110678903121965
0 0.4513380568883429 0.8240984918085765 0.1137199507582359 0.11932269262201593
0 0.7331898478826274 0.7389275645082628 0.10818193221746189 0.10055451190385671
0 0.34727018029320333 0.8684211844305925 0.11407594148784898 0.10995678298109546
1 0.8568760754291171 0.803003179166035 0.09441287515022516 0.12701701795398107
1 0.5084333183261016 0.938524085290914 0.13574985660945096 0.10852154800821019