0 0.45650095680161745 0.7092685423723137 0.049474622489011466 0.04359964882606544
0 0.4103196438831194 0.6967085608281082 0.04183554425938692 0.04411048523536465
0 0.4923534499830504 0.7291602776076782 0.038883966029762365 0.04525231979908426
0 0.3214280095535638 0.661747846816907 0.03645435717788503 0.03722948708094407
0 0.37004063539056 0.6809784937973931 0.04600277894826048 0.04005398338978505
0 0.5887974516570428 0.7675164052095804 0.04773870071863602 0.04182681610792542
0 0.5390567322792956 0.7513055918700242 0.0406215918667586 0.03317298523536447
0 0.27255610309431477 0.6519973661954911 0.0440934354075095 0.03671865067164504
1 0.2083184772573186 0.6306633920336032 0.0697820102891493 0.08789047600746738
0 0.4483467254607286 0.7541603769360334 0.06127752727426809 0.0667366451349066
0 0.29165805883492785 0.694214856967594 0.062146340192766214 0.0606969778530468
0 0.5993065094309662 0.8157134823909822 0.056591731340888886 0.0522534796986263
0 0.5005187577569739 0.7770418557118699 0.05537607488163978 0.0551681469804862
0 0.5491313835939701 0.7962725026923559 0.05416041842239068 0.058082814262346
0 0.24339312857199297 0.6789956263461779 0.06006187081501917 0.0696513124167664
0 0.34374338024598533 0.7178775857434305 0.06631187081501907 0.07049264328932718
0 0.3965232407718551 0.7424267308783371 0.05902134019276613 0.06027631241676641
1 0.07594719998305044 0.6731066082233179 0.0982521497632796 0.10865363221585049
0 0.3152783529717172 0.7743079276894679 0.08106805789652097 0.07863563775258893
0 0.23307282916803135 0.7576915436280378 0.0890522756002758 0.09510196862514952
0 0.5366416079936942 0.8802268372560758 0.08471332320764749 0.0837438031888695
1 0.8057495279674798 0.9662098697201827 0.07637203756341755 0.06758026055963455
1 0.37700477127151033 0.8468438172876361 0.11335006818567032 0.16147812852469165
1 0.46077535117512725 0.8850797831444165 0.112482959333793 0.153665628524692
1 0.6381250654082997 0.9339985757592106 0.1386952076598007 0.13200284848157864
1 0.10347374411983978 0.7537255107405423 0.12047058517078915 0.14242762483353283
0 0.7433404990192193 0.994763132177844 0.07881016674839839 0.010473735644312043
0 0.02100500728777045 0.7388519686251497 0.0420100145755409 0.09780630318886914
0 0.28082686648625366 0.8560988541992248 0.1034582110077853 0.12782429765213088
0 0.5448987388526676 0.9581948823443112 0.10120372799290411 0.08361023531137768
0 0.17648450596038393 0.8246087293656921 0.10710518038553248 0.11908029580655147
1 0.26348213334877485 0.9661354390958788 0.12845991507440607 0.06772912180824235