0 0.23663977153717414 0.9394489078501553 0.1329477839774997 0.12110218429968925
1 0.7194728124418965 0.8852414230704737 0.16753739745537005 0.15588452090551322
1 0.9547420374178696 0.8284655912322114 0.09051592516426084 0.12703147881213822
1 0.6839248746474519 0.9569226471150504 0.14775257775694417 0.08615470576989921
1 0.9147360857689797 0.9315913202561111 0.15019407257314796 0.1175654735504665
1 0.34434461376069425 0.11565988125944755 0.09460845391148132 0.08634629465362353
1 0.5243157862865739 0.08494674950588982 0.09556536116879606 0.09728379465362355
1 0.30097461404351816 0.1885289628859484 0.09318265494824055 0.0878177893919517
1 0.8538864176249075 0.07616036761115774 0.07652283524981485 0.057311242036905075
1 0.5053695881245368 0.1615701626883043 0.08802626324231469 0.0999537683452643
1 0.45502712700300896 0.21693322589895367 0.0920302580585183 0.09241428413027988
1 0.28674531017930505 0.25687714448421434 0.10589726842611089 0.10876732622365459
1 0.8738954127239349 0.14494816496620438 0.09644435598499967 0.08956229991529537
1 0.2518713156459253 0.33801375241907444 0.09951056738935167 0.10684080517696729
1 0.46024089024532355 0.31206371537560995 0.11017466531583313 0.10435284200867016
1 0.8586210187089348 0.22800358867196255 0.1185339694628702 0.11105786831702942
1 0.22286661230009183 0.4062786340314578 0.09712786116879615 0.09737479991529537
1 0.41404868689949004 0.37932753910960304 0.11826056738935162 0.10793286831702939
1 0.8455536736571755 0.30963302027022854 0.1331432736099071 0.11812691567207612
1 0.19220166413805465 0.48221950775133343 0.10644407257314792 0.1150173262236546
1 0.7894007099437493 0.3607713150650264 0.13456907257314796 0.11665542093374785
1 0.3983641897742121 0.4576954628153612 0.10318237153638865 0.11327281570031093
1 0.14795266960467485 0.5628100841161624 0.10726427879370348 0.12439232622365459
1 0.3561855431673138 0.5352975470726979 0.11249858294074047 0.13091534200867017
1 0.964226824010509 0.40579393068063274 0.07154635197898215 0.10960178413027992
1 0.8042724371823141 0.477450580850042 0.13640497464666632 0.11987142619541977
1 0.11678943543888765 0.6597081999435302 0.10441268086722202 0.12733531570031092
1 0.32413375226259145 0.6220394129000658 0.12486188190398124 0.13008088410204496
1 0.03332849278995344 0.14107232103256995 0.04669863421305546 0.05401964206513989
1 0.9691285832235644 0.4976097043581561 0.06174283355287109 0.08689232622365459
1 0.762025440057036 0.5542714151073788 0.1497251808672221 0.12997446828879458
1 0.5301659536286574 0.036319533706756835 0.08220690725731483 0.015669773606936156
1 0.3018861883136097 0.7497702997741211 0.12710788708777754 0.13798438936371688
1 0.7637724507074526 0.6453136440606914 0.14605337672018504 0.12354245776545092
1 0.9537277586241661 0.5980801412180938 0.0925444827516678 0.139076452503779
1 0.3633687243638425 0.05769546281536121 0.07298773213953691 0.05244173151356135
1 0.2339262917067114 0.8258707972138722 0.1564631964186108 0.15368498407381007
1 0.7406657243173598 0.7543400335655825 0.15224458812453676 0.14100297355046648
1 0.9622524495761567 0.7216996517414376 0.07549510084768656 0.1387124314570915