0 0.03203382696460061 0.9058426712654741 0.06406765392920122 0.13008869480442442
1 0.5021026670976555 0.8715469066516821 0.16219537712414933 0.14003643912238176
1 0.7863807416371577 0.832665233354318 0.14936706134875521 0.11174779788867957
0 0.004355337953174257 0.9678011546263827 0.008710675906348515 0.06439769074723464
1 0.4383299434568568 0.9519245588457281 0.1441040087195228 0.09615088230854382
1 0.6828878864232779 0.9295072313257231 0.14646160521387977 0.10078302434972919
1 0.010540951775114106 0.1283977353895034 0.021081903550228213 0.09117047077900678
1 0.369711254426639 0.08787746996493262 0.09045884206771788 0.07641822402541769
1 0.55833466669639 0.06924802110002307 0.09336429820259333 0.087382997564368
1 0.30248421498815353 0.15716721225429486 0.0906506929441286 0.0779807240254177
1 0.8955191973930603 0.06495558197434617 0.07560124557336109 0.08239548863591425
1 0.5155320746286722 0.14366164001259077 0.08475670170823654 0.09346935633066597
1 0.4481675702689108 0.1949417219935275 0.08829309644977172 0.08417617694751703
1 0.26698680274069503 0.2230961753226639 0.10271160521387968 0.10001936525911974
1 0.8896548991904668 0.1509749025911972 0.09415939469695012 0.08116027110331836
1 0.20651708348195022 0.3011160353067779 0.09626975433746887 0.09834777110331831
1 0.423279342246058 0.28924114691244956 0.10643985083182575 0.0922886858759707
1 0.8476474036171059 0.23166579504271523 0.11501975433746878 0.09867505357072241
1 0.1561759212344917 0.3667858997551187 0.09492679820259338 0.08741027110331831
1 0.3559425308750104 0.3530485024323367 0.11463605258464735 0.0955500535707225
1 0.8096420834819502 0.3116436213416091 0.129849657843112 0.10517051542127547
1 0.10184643004318464 0.4394324671255589 0.10328715784311204 0.1047068652591197
1 0.7373843817514212 0.3581407459362197 0.1310284560902904 0.10207278896022576
1 0.31529183793088167 0.42906553165332983 0.098599657843112 0.10462504464226866
1 0.04181572160581949 0.5165074358759707 0.08363144321163898 0.11561709172016954
1 0.2491476713013693 0.5022887974816425 0.10676816660721988 0.12035913879807011
1 0.9089864519534544 0.4143749293765584 0.08884095609029038 0.10133640340856669
1 0.7160602414588174 0.4744242650109431 0.134537157843112 0.10525233603812652
1 0.009936283032598537 0.6101659326295599 0.019872566065197075 0.11866027110331849
1 0.19025429853698128 0.586599567774182 0.12063881573080915 0.11904210064862326
1 0.03689083115716805 0.09145684293798537 0.0737816623143361 0.048075035713814974
1 0.8946381756834232 0.5057266322986578 0.09983384206771788 0.07658186525911966
1 0.649134824829305 0.5476338940697806 0.14506326310157683 0.1147909772718286
1 0.5836075964943568 0.01645030356742715 0.08278480701128643 0.01391822402541768
1 0.12803122842411824 0.7107813616056717 0.12159807011286308 0.12685460064862325
1 0.6224783994356846 0.6372049086802771 0.1425415087195228 0.10695120373287814
1 0.8589222195931328 0.6053175292144026 0.15246436836004165 0.12427507142762977
1 0.4063053859774274 0.03214566720498907 0.07255932453950198 0.044922762174864614
1 0.05562063833564833 0.7811972272718286 0.11124127667129666 0.1398455243497292
1 0.5648053644015456 0.7434588628201925 0.14796871923645227 0.1257557508107789
1 0.8335138249184751 0.7293590012112254 0.14465186836004157 0.12413870373287814