0 0.6502875884803491 0.8885126283371608 0.1354853068171334 0.1600854081860291
1 0.8234537220001181 0.44780133989340715 0.1304705243497292 0.14108974672063965
1 0.9010367999205698 0.20645264360230878 0.10684210957707663 0.12892393939369334
0 0.718396660315016 0.9216283435114517 0.14670345048646727 0.08730300542706679
1 0.8783536818220764 0.522197152308736 0.11465460957707663 0.1293333751693421
1 0.9444128786550957 0.315015416103546 0.10064665665497756 0.13172139077317438
1 0.9165882930240062 0.6122965298529274 0.11797052434972954 0.1404346494796016
1 0.9727503384770537 0.3908033101560807 0.04102619480442442 0.11454717887824381
1 0.023151533281478266 0.6914538376300996 0.04630306656295653 0.0702173247398008
1 0.12164753449929426 0.36437900327936035 0.07321140340856665 0.08032930913596861
1 0.17825386485537792 0.20686639642738394 0.08102390340856665 0.08073874491161737
1 0.0350924257329963 0.7548612403890615 0.0701848514659926 0.0715275192218769
1 0.1531645413991531 0.43687812302163553 0.07636367694751697 0.08205558344622813
1 0.22339304099211602 0.25913822535105624 0.08719208279171564 0.07637879353213642
1 0.08589958036267423 0.8025717220716959 0.09207049756436803 0.0875619549975255
1 0.2409293685088259 0.32768682948949923 0.07943412986961632 0.07909435775648763
1 0.19453383523064288 0.48154216983313225 0.09215231818121908 0.0922494549975255
1 0.11109840341515724 0.8793046404344901 0.10914890340856669 0.082212713703953
1 0.23626163920840243 0.550384023067064 0.09045345048646736 0.08435506784239592
1 0.0696777057647684 0.2562666101313368 0.06208298863591426 0.06881859905006031
1 0.3096424123403157 0.37091785108622527 0.08749209172016936 0.09356629353213641
1 0.42507213798729115 0.03067571065173515 0.09360572402541774 0.0613514213034703
1 0.2711763814977647 0.6070943684990798 0.08105117694751698 0.08230124491161739
1 0.3357452163180752 0.44057857587145455 0.0907261858759707 0.09998006784239588
1 0.4774062053577312 0.06083908695273106 0.09875687418757337 0.11288950361804462
1 0.31146441640080075 0.6689868588881414 0.09840231818121907 0.09257700361804452
1 0.48711639610496604 0.13057837686682278 0.09881142126547413 0.11601450361804462
1 0.3840093924548133 0.4926866304848675 0.09673072402541764 0.08624511646291495
1 0.34760073945328374 0.7451465671650274 0.10618754464226861 0.09142393939369349
1 0.41944628612414736 0.5641997823393183 0.11095686525911966 0.09635710085908258
1 0.600921571834667 0.022163308175686604 0.09346935633066593 0.04432661635137321
1 0.5752925060890799 0.17669205902442692 0.10040119480442442 0.11765889077317437
1 0.40329558604471705 0.8187201860027914 0.10933981818121907 0.093150213703953
1 0.46586159010190686 0.6327959741078608 0.11112050649282175 0.10573210085908258
1 0.009648140829960235 0.6312533220262674 0.01929628165992047 0.07499335594746519
1 0.671374393669334 0.041909242142313057 0.07340231818121908 0.08381848428462611
1 0.6107157629889388 0.24898646087887774 0.10993983603812651 0.12752521370395284
1 0.4382824663213706 0.9160145878572422 0.0904534504864674 0.08435506784239592
1 0.12590616071546262 0.16511930970179547 0.06542617694751698 0.08148237336031983
1 0.5456115454596382 0.7144753420411136 0.11583528003177221 0.10754026232447203
1 0.6755225568204286 0.29242220036342814 0.10210006249917605 0.12555327792830404
1 0.7407050462671217 0.09075015773580299 0.11942393019392786 0.13426653663473137
1 0.07949699066780445 0.31975590004542853 0.062082988635914285 0.06881859905006031
1 0.5689751331226178 0.8069151475590377 0.13033415665497755 0.13327724672063965
1 0.5253051793897395 0.9387726571699762 0.1198954886359143 0.07184842378986148
1 0.7413600166423867 0.3662448026928488 0.11934210957707699 0.12957903663473136
1 0.8326783120954344 0.14290912200558276 0.11772506249917605 0.1263721494796016