0 0.8427266683659844 0.8589871712285504 0.11265898091420459 0.1371192866804541
1 0.851066874106162 0.3959508218889597 0.1123082945496865 0.11369996801399936
1 0.8409433486422708 0.14739514322091427 0.08848815727678279 0.10873974801081765
0 0.9302105639738377 0.905670719883869 0.1285710233378591 0.12169428134945406
1 0.9310411586539088 0.4560156178787783 0.09760806576151389 0.10572383601209037
1 0.9260673898579774 0.24180766721041475 0.09174070303441759 0.11033861067790855
1 0.9753340017515789 0.5334133645369605 0.049331996496842126 0.11666133601209036
1 0.9810901165201182 0.30355314186827875 0.037819766959763614 0.10225339067472686
1 0.1506987939699584 0.8115182079885461 0.07608401000193968 0.052398841343090564
1 0.14633131880562966 0.47062048798536427 0.06316942182065048 0.06629770934118148
1 0.14465776425400345 0.3064216279837735 0.0722893303053814 0.06328179734245412
1 0.19428916836598437 0.8665324246499099 0.08064396424430517 0.05089088534372692
1 0.20143314911101107 0.5325386853119101 0.06629442182065048 0.06633407200827239
1 0.1687818219704317 0.01874945265754587 0.0688136439408634 0.03749890531509174
1 0.20663147683131866 0.34714607797581926 0.0794641015172087 0.05556020401018138
1 0.2664988792763096 0.8985358553071375 0.08348192182065048 0.0665340666772721
1 0.24767080713670006 0.40922790730427405 0.07059928454774686 0.061701116008908666
1 0.25742792865778813 0.5670767699713649 0.0823020590935541 0.07120338534372675
1 0.24304836939505617 0.028460259985682478 0.06422173879011232 0.056920519971364957
1 0.3182046426122292 0.966749505967547 0.10277405575957417 0.054270424013363086
1 0.3222395988114487 0.6234080386298653 0.08166433030538141 0.06339088534372675
1 0.057428573347557556 0.3778159173297274 0.054591647274843266 0.056831802673454224
1 0.3287453350164872 0.43487224996022905 0.07643469636645772 0.07581816000954507
1 0.31336074045710227 0.06438702729154738 0.08163237939699589 0.08212270401018136
1 0.376129744419302 0.6704824859564111 0.07241687606301586 0.06484429734245403
1 0.3790958924430513 0.4960637412874112 0.07850737939699588 0.08208634134309048
1 0.3812655886403311 0.10113250194941141 0.08408769970043757 0.09307838534372678
1 0.4365249815424244 0.720609207948775 0.08842451333591957 0.06971361067790856
1 0.41474751046098157 0.1664302379455934 0.08278029121570665 0.09618520401018138
1 0.44413083214154925 0.5359705786123661 0.08791433030538158 0.06346361067790855
1 0.4981956762418921 0.786360929941139 0.09754442182065048 0.06669769867918127
1 0.5038563895681134 0.5970529819382756 0.10248701333591956 0.06987724267981754
1 0.4795120278797871 0.024026203970410453 0.08714905575957417 0.048052407940820906
1 0.5168520154619515 0.19104788259868494 0.08447033697334128 0.09776588534372684
1 0.5779786421531872 0.8440819759309577 0.10066942182065049 0.066734061346272
1 0.5724467639641394 0.6517762972629123 0.09869233363936125 0.08076019867918127
1 0.10345726108920146 0.7596744446610456 0.0750316930324778 0.05863066000954511
1 0.5597575083349497 0.03754780929743347 0.06093724212409235 0.07509561859486694
1 0.5757963228885157 0.2521393765913671 0.09292056576151389 0.105669292011454
1 0.6459949317019039 0.9300916539226854 0.08166433030538141 0.06339088534372692
1 0.07979816773776456 0.2782426313255913 0.05404951333591956 0.06931362133990877
1 0.6783298442695208 0.7131036012492311 0.10494233363936126 0.08083292401336309
1 0.6539371694047544 0.280163831914413 0.08510806576151389 0.10557838534372684
1 0.6447860836393613 0.0722604252466858 0.1011157030344176 0.11044769867918125
1 0.08961906213766989 0.43687274399268217 0.054591647274843266 0.05683180267345413
1 0.7336548151817857 0.7969149799093224 0.11466802000387943 0.10436133068109044
1 0.7462818451876048 0.9516024799093223 0.10819487939699587 0.08243178668045381
1 0.7437488395584151 0.3362041992361863 0.10216802000387926 0.10421588001272664
1 0.7527419759132348 0.10150193523236828 0.10191292848861018 0.10109088001272667