1 0.34235226006403685 0.1979929048449604 0.14935813292801434 0.09318640036914028
0 0.5513304927290363 0.8436081886212614 0.0971115131449043 0.09603199568106327
1 0.5340838219272303 0.676020170422664 0.1527956499342462 0.1506985117201923
1 0.6175847350063808 0.9055784600590611 0.15934124884979645 0.1201494185677376
1 0.6310982048552445 0.754938109966776 0.20679903015113615 0.16035291640826904
1 0.7545314965903641 0.7974784585179016 0.23048145982580123 0.15257998920265833
1 0.9197488684685222 0.8945375239110351 0.16050226306295556 0.06990719154669663
1 0.8270439853351494 0.17481530922849556 0.3102281306276075 0.32337215299003386
1 0.258534834291674 0.6897367211609445 0.06061656646400717 0.045692034237726276
1 0.26254242277344436 0.645335879088224 0.08131758733156698 0.0717934592838688
1 0.2629984884569911 0.5924914813399773 0.08756758733156697 0.07219397748246621
1 0.27706519672187147 0.5411397324197116 0.10516894281956937 0.08725777297895938
1 0.27830251240541826 0.4882452698966403 0.08507603787379185 0.08751858883351815
1 0.40894452403037596 0.8905704310631222 0.08375846754845692 0.07814358883351816
1 0.28092073496540626 0.4171317334994457 0.10739022798223682 0.09204540252860856
1 0.45861092318416186 0.9354731184477657 0.08981420711467702 0.06614423658176491
1 0.3007264575253944 0.3449167720561086 0.10873313292801426 0.09058303207825791
1 0.462284868304138 0.7933461752030261 0.1475000340124641 0.12403588217054295
0 0.5108913366330554 0.9597128524086369 0.07179899613867224 0.037118070634920744
1 0.31884721524805 0.2775395049372455 0.10006758733156688 0.07299501387966068