1 0.4101378247246834 0.7693926534938 0.23628767061270253 0.1972754209648196
1 0.32437669941057345 0.46909971069020584 0.23619181788754579 0.2530878240430276
1 0.5066140830596331 0.8210404091093405 0.23472517061270254 0.19712955532422222
1 0.4570455492607923 0.5272273760394849 0.27742259576733286 0.28329696505796065
1 0.6699748235167353 0.8967444859606435 0.26919576546195145 0.20651102807871302
1 0.7897928580644823 0.9393862497916992 0.27627494182452994 0.12122750041660169
1 0.6451513271405794 0.5711478872705661 0.33778601092002347 0.31994399376006155
1 0.8340394509929745 0.6518810923452312 0.3319210980140511 0.3215485158066322
1 0.9345174897081963 0.7974667356479398 0.13096502058360748 0.248024548668692
1 0.16555851942415117 0.8124604009982287 0.05535692182065048 0.07029270049911425
1 0.20112909972953258 0.8778047809898764 0.06316942182065048 0.07102202870210092
1 0.261348993670396 0.9221913768716785 0.10908769970043757 0.10166876663882576
1 0.3293016392782493 0.9616791509982285 0.11090529121570665 0.07664169800354301
1 0.3883098485215846 0.9884505497086817 0.1116388727290361 0.023098900582636618
1 0.28226817411586025 0.6845776335272089 0.2102353536432407 0.20104570507466518