0 0.48693835725410695 0.29609375 0.11576855518880329 0.084375
0 0.6296120319440792 0.2484375 0.09571616431700995 0.0671875
0 0.16335637944992387 0.43203125 0.10279495850815121 0.078125
0 0.037632191799554376 0.478125 0.07526438359910875 0.0765625
0 0.4782019746806835 0.32890625 0.14289974025173785 0.1125
0 0.63627550642427 0.29453125 0.11060745850815117 0.078125
1 0.10374365849421803 0.48671875 0.13724173610255286 0.1203125
0 0.034560102379975824 0.52734375 0.06912020475995165 0.0953125
0 0.46282450579957 0.3875 0.18672151784613936 0.1546875
0 0.630604924265765 0.328125 0.14770563942190088 0.1140625
1 0.015738786093264068 0.57890625 0.031477572186528135 0.1328125
0 0.4314435286200869 0.43046875 0.18312292116548737 0.1484375
0 0.6426662937669338 0.36484375 0.16226504689043358 0.1
0 0.07426780081590381 0.56640625 0.11839664772027052 0.0984375
1 0.39300706803734325 0.5046875 0.2693223755244536 0.234375
0 0.055279787855506544 0.6609375 0.11055957571101309 0.0953125
1 0.6436116418974785 0.45546875 0.2469737788438014 0.228125
1 0.023715845531498574 0.7140625 0.04743169106299715 0.14375
1 0.29403492654085006 0.61484375 0.23823739627037793 0.1953125
0 0.6310380190723173 0.60078125 0.245576299589726 0.1890625
0 0.3053113555804998 0.8578125 0.29441746390673595 0.25625
0 0.6114448016410964 0.75625 0.31484836307689895 0.2578125
0 0.25243388669938643 0.91640625 0.32829371120744355 0.1671875
1 0.14914202072270247 0.98046875 0.1529599792540756 0.0390625
0 0.6066244792308536 0.90234375 0.3241748962703781 0.1953125
1 0.20739256721215069 0.31484375 0.11467965186945539 0.090625
1 0.5101758703263615 0.2265625 0.13399833693238997 0.11875
1 0.6247478558042145 0.19921875 0.15139932448483506 0.1421875
1 0.17283904584152635 0.36875 0.11683414772027052 0.0984375
0 0.07566712530073899 0.42421875 0.08477866431701002 0.0671875