0 0.13478949562874593 0.271875 0.0646342690095679 0.06875
1 0.7877885837168808 0.33359375 0.07588184941909368 0.071875
1 0.7240894883240462 0.36875 0.1433310380191358 0.1375
0 0.0784256816692517 0.31796875 0.06649475146672282 0.0875
0 0.22426267545736547 0.346875 0.08758245249053738 0.0953125
1 0.9548524049810748 0.42421875 0.0902951900378504 0.0859375
1 0.14378182750499455 0.3625 0.07882761330958896 0.1015625
0 0.6868511769240884 0.434375 0.10944535453816648 0.1109375
0 0.09019663927886176 0.45234375 0.10225301535721806 0.1171875
1 0.9134186093122443 0.52890625 0.15833587720008424 0.13125
1 0.6277197185955741 0.5234375 0.18421772661917793 0.203125
0 0.8832648721099259 0.6265625 0.11429999269530029 0.096875
1 0.5044421911884929 0.61953125 0.2076310307144361 0.234375
1 0.3861743421433084 0.703125 0.1784328472334667 0.2078125
1 0.8580069993100103 0.7578125 0.21296288743822975 0.209375
1 0.2548578034052683 0.7890625 0.18824877194301362 0.24375
1 0.7491674744624653 0.8734375 0.21813970395726018 0.1828125
0 0.597944183164889 0.93984375 0.19318809576674384 0.1203125
1 0.4402241849476923 0.1140625 0.07120644737146478 0.05625
0 0.38700351791675447 0.13671875 0.06276168860004212 0.065625
1 0.3367588596572391 0.15 0.06214152778099056 0.059375
1 0.45634343385487874 0.18203125 0.07697922880480501 0.0671875
0 0.2943860745715489 0.1875 0.0736870906476712 0.08125
1 0.3996041173358481 0.20859375 0.0752495906476712 0.08125
1 0.814381328597808 0.29453125 0.08729656798575354 0.0609375
0 0.3517565332739725 0.25390625 0.08587701023814542 0.078125
1 0.1839549214311063 0.23984375 0.06806934941909377 0.071875
1 0.2723791136834983 0.25703125 0.09038527412864061 0.1078125
1 0.5140129916024867 0.16484375 0.06135422880480501 0.0671875
1 0.5753441410905795 0.1609375 0.06104414839527923 0.0640625
1 0.5974758973024656 0.13203125 0.061521366961938814 0.053125
1 0.633729526688177 0.12734375 0.05417398757622749 0.0578125
1 0.6592067452548367 0.11640625 0.05230140716670171 0.0546875
1 0.6890553344357849 0.11015625 0.033718545323835517 0.040625
1 0.7175679349476922 0.1140625 0.03481592470954684 0.0359375
1 0.48132640351435185 0.103125 0.051991326757175924 0.0515625
1 0.5246112829000632 0.0984375 0.04840120614288725 0.046875
1 0.5571972715691043 0.08828125 0.03746370614288726 0.046875
1 0.5891570504429083 0.0796875 0.03950342470954684 0.0359375