0 0.7726058080632081 0.34167240189373216 0.0719946719450391 0.05863066000954502
1 0.7488667796916781 0.4059894405633684 0.11719952335696497 0.10913973734881743
1 0.6478378256141853 0.49619736457673136 0.12671091567683312 0.11393632535009016
1 0.5892607959890143 0.5499859832511401 0.14274509263643723 0.1281806386855447
1 0.4892320522572204 0.6058189072645032 0.1649383413827959 0.13937267735518083
1 0.6554854703748288 0.046631907960706355 0.15897784639736087 0.09326381592141271
1 0.3978054187128409 0.6881052432765935 0.1532279515702104 0.11268290802036277
0 0.5571843626946968 0.04551939596595611 0.11688127461060631 0.09103879193191222
1 0.2955549454350182 0.766612598623502 0.24227373119538154 0.16682606269890776
1 0.1492900477048738 0.8815574406429103 0.19582462852981447 0.1272363040260899
1 0.875032126089039 0.31080311521327825 0.05797763605166182 0.060029528007635946
1 0.8355460772635379 0.35265480788514164 0.07745506175762466 0.08524770401018138
0 0.8412936235817565 0.289328104551278 0.06721624373179366 0.05545111600890866