1 0.8275569608745684 0.5784945794371816 0.15947176472911123 0.1507999515990063
1 0.9139675001295746 0.8321144831261738 0.12223147060347941 0.09906473477649351
1 0.6665580392364957 0.13061159134103825 0.10744274511086367 0.08336701190385667
1 0.75971367655189 0.5210275130822071 0.1882437745320651 0.14472266842151918
1 0.8207698775803131 0.831092859491411 0.1783405882636046 0.18369426483072288
1 0.6532106128203505 0.4825513412428424 0.22647000002468082 0.1605567466803503
0 0.7420881128697123 0.8010559015476927 0.14201578433501894 0.13820904800821018
1 0.5653343382944557 0.3790677929400446 0.24236348041877348 0.1731385599120669
1 0.6552505393352192 0.7687206453993727 0.21675607846065076 0.19016243344863373
1 0.4196103431835921 0.29703251864135194 0.3007129412069588 0.19845672247985352
1 0.4873126226603256 0.7165274072050335 0.32651838238923664 0.2360748971478886
0 0.33025279421818543 0.6478506509585176 0.29069093140400504 0.20464308996629618
0 0.19467627458759712 0.5016392471713296 0.2758317647414518 0.2310965056573408
1 0.9922732353264205 0.4350980616795924 0.015453529347158934 0.04718407220870695
1 0.9807041421860202 0.3961219200908488 0.03859171562795964 0.05033634328594587
1 0.9654576715948812 0.3603116851179634 0.06908465681023764 0.05349770472226432
1 0.9939094363147373 0.5444912423977517 0.012181127370525503 0.06134656615858276
1 0.9456050490703005 0.32212133870875964 0.088424264716771 0.07076701795398091
1 0.9820366421952755 0.5149264622453265 0.035926715609448934 0.04883747579950324
1 0.9710771446429287 0.4782940706565828 0.05784571071414248 0.06134656615858276
1 0.9057371078880226 0.2848213266085112 0.07569539216750912 0.06913179508134393
1 0.9537387990888112 0.4417071308632373 0.08084063726603255 0.07228406615858277
1 0.870193553959437 0.23967699825148414 0.07077901961824792 0.0675420240041051
1 0.9228827451602253 0.3965355314289714 0.080611764716771 0.07072156615858276
1 0.8136223039409263 0.12037300722847458 0.06479750001234033 0.079996572208707
1 0.8778497549570089 0.35066449522642207 0.09044450981529409 0.07390110831306052
1 0.9690920588763394 0.7245332664018568 0.06181588224732124 0.09586701190385671
1 0.9785858824108324 0.7768179290678392 0.04282823517833521 0.06931360226293623
1 0.7980016912007886 0.1525224318965096 0.061364411773416803 0.056559072208707
1 0.8384747794582228 0.2953775524080144 0.09692338236455562 0.07549996974937896
1 0.9538851961300313 0.7051565525062102 0.09222960773993734 0.08807269262201593
1 0.7449075245258949 0.09966105230981852 0.07923852942120142 0.061346566158582805
1 0.79018254905796 0.24327015174408445 0.11388200981529409 0.07403746369925476
1 0.9285802452034169 0.6756463145082628 0.13297970589904864 0.10849427693097127
1 0.9644430392796872 0.8638321157379268 0.07111392144062556 0.08481133723582168
1 0.732799215714343 0.17714115769601277 0.13537848040643308 0.09289654800821019
1 0.8858161765704008 0.6399269831261736 0.15901401963058817 0.1476749515990063