0 0.320925739258458 0.5229236327989358 0.07085794000636332 0.053026546654166395
1 0.3202866558720968 0.9132068802070377 0.05977498933799978 0.03956963939685174
1 0.3346849632002334 0.9501894703578249 0.09260567067154515 0.04400286116879641
1 0.34613372990932234 0.6370059651740284 0.10410679201145401 0.09339726842611089
0 0.3571354119191855 0.5634611584350934 0.07252952800763604 0.06253824769092589
0 0.39699624856782273 0.6926510809609729 0.08065111067790856 0.0897842528747221
0 0.4205739399665925 0.20904776903824157 0.06159202800763595 0.061581340433610965
1 0.41248434122377775 0.7701219700750008 0.1179692973424542 0.07744007775694417
0 0.4608444039624563 0.2359622920825009 0.08368520401018138 0.08224515494824056
0 0.4774548132161417 0.8206305265311121 0.10238066000954511 0.07919806738935158
1 0.478744045870506 0.911050474975973 0.14634883601209037 0.10177569641861055
0 0.5179227493236823 0.02570900579592692 0.059756808004454244 0.03800713939685174
0 0.5126972579567293 0.2735703073510658 0.08068747334499946 0.0929092528747221
0 0.5323210566518188 0.06269159594671399 0.05359771467218159 0.045272835249814715
0 0.5660853399506841 0.3133853715828715 0.10417951734563573 0.0996472684261109
0 0.5556514438654153 0.94178377365639 0.09082499466899989 0.025116160132036925
0 0.5931131059834553 0.06986025551310299 0.08515679734245421 0.07456935598499984
0 0.6286120646085481 0.3726927295941216 0.13724655601527208 0.1243929901980553
0 0.6545500453135009 0.08867931456111237 0.08837270401018138 0.08265525805851834
0 0.7229064099300032 0.45185396635180697 0.1890817760184536 0.15234162441111074
0 0.7454835806413194 0.12130730391069589 0.11368178668045381 0.11140497464666646
0 0.7989865572485948 0.5536810150322238 0.21913290268936264 0.1861889441095368
0 0.8565568933004559 0.16700192978240908 0.12498291335136287 0.14361188190398125
0 0.8607587565643229 0.6778321230434738 0.18472154002227156 0.180056521300833
0 0.8999201592139146 0.8000591460877333 0.14667610001590853 0.1299006964186109
0 0.9012093918682786 0.8904790945325942 0.10694089067472703 0.06867067049962969
0 0.9396046559516386 0.27368257379740923 0.11420904535327167 0.1567174746466664
1 0.1830172065961396 0.50299042455213 0.059902258672817864 0.05050713939685174
1 0.2010217719207764 0.565412512111019 0.04903748400699968 0.05580023213953691
0 0.20618198659295794 0.5243774090007411 0.04084317600254535 0.022304226955740702
0 0.20933371125082195 0.588879406408843 0.04097044533736349 0.0332417269557407
1 0.21520190324636762 0.621145102261806 0.05512385200509069 0.042284536286573984
1 0.23189270062859263 0.2598952439677319 0.06488066000954502 0.0759172425071295
1 0.2201706665738679 0.6636353986331486 0.04881930800445433 0.037050232139537086
1 0.24523703795354762 0.32038368463689865 0.0676965773392725 0.049628144580648036
1 0.23678545456718636 0.7113504372287969 0.05692270934118149 0.06273373732333312
1 0.25244955394654794 0.3712626794531023 0.0710579346753633 0.07021404665416657
0 0.263847393897232 0.7331769190855099 0.036282945337363516 0.03283162384546294
1 0.2773490092695938 0.4447883623465746 0.08208634134309048 0.0789834539114814
1 0.2696428605585959 0.7716926149384727 0.05521475867281787 0.050097036286573984
0 0.28503478727722986 0.38792320768115796 0.03633748933799978 0.037519123845462944
1 0.28305083255095986 0.8267123056076395 0.08026930267345422 0.05697175287472191
0 0.31133311059836677 0.47537468953787093 0.05833975867281786 0.050370438360092605
1 0.30436221121105106 0.87323599109301 0.07229317067154524 0.04222574769092589