1 0.47213401923042236 0.11366656102777688 0.14066784946188077 0.1134554901980553
1 0.23241043299859881 0.8303005290765274 0.15869441149637403 0.1663850005656478
0 0.32234622828386905 0.856842488171805 0.09030397642635143 0.10126855702175916
0 0.4238188370513747 0.880503455042777 0.12479029238978616 0.14007677879370348
1 0.5503790672017799 0.5741248988694897 0.2613870719592907 0.23294636691824025
0 0.5498547981762452 0.8969766385018971 0.16694355913900924 0.17644350574944417
1 0.7068430829175455 0.525568404618934 0.32948640860089 0.2918128104621289
1 0.8423587820507039 0.4411721551845817 0.31528243589859206 0.2801330166826846
0 0.7146428901945279 0.8934981983983784 0.19801377667402048 0.20872832544786987
1 0.8980244311410811 0.3431050935446742 0.20395113771783774 0.24814213996249954
0 0.8668538995001528 0.8204495520743039 0.23267987510244376 0.21798574825657369
1 0.16869661186787757 0.31431465263916636 0.10429370181924558 0.10093636635259244
1 0.21178948635114891 0.2706227327051848 0.10244010339082213 0.09454966531583313
1 0.25357457195929073 0.232262861734444 0.11061647642635145 0.10304567049962943
1 0.39826417969333905 0.1647807102265733 0.12951202564056316 0.10781108294074052