1 0.4133150969402074 0.8295115657367231 0.1268888157308091 0.13166561124464451
1 0.6700594168301451 0.23516942276818104 0.10622030696670137 0.11362759270387049
0 0.7460562106060996 0.06084340958505766 0.08886864907900413 0.09755424391989209
1 0.5797805791890663 0.4005687847352828 0.12688881573080907 0.13166561124464454
1 0.7407229254827904 0.01861731748208782 0.10040939469695012 0.03723463496417564
1 0.6524179825832469 0.16593161570094433 0.13999206134875522 0.12566287515022517
1 0.5510780265152488 0.32122090669522885 0.15399917537132773 0.1520704692990101
1 0.32836354428868253 0.8012301962445989 0.1760106402703112 0.18104598783978423
1 0.6242909825386619 0.08189623766089037 0.1263132631015768 0.1269781112446446
0 0.25251306181689837 0.780235525042889 0.11266215784311202 0.11599443221746189
1 0.49011083348195017 0.22910939597992738 0.2193215525400623 0.20814919467812806
1 0.5730963377525414 0.03103430872315453 0.15109371923645226 0.06206861744630906
1 0.45898145184199174 0.11316639989266372 0.23538564027031122 0.18868721321890214
1 0.18293927231153526 0.7269079765235821 0.28324558759649376 0.27788825030045033
0 0.09814930058310684 0.6576143424034202 0.19629860116621367 0.2293122132189021
1 0.3433534517751141 0.026324884120161884 0.23829309644977173 0.05264976824032377
1 0.06123027642607883 0.590201204370522 0.12246055285215766 0.344597591258956
0 0.7643968159091493 0.1369113817738965 0.08146754382053949 0.08737490440630075
1 0.6865082063355084 0.29533385715301447 0.112662157843112 0.11599443221746189