0 0.7826034534846702 0.37294087243 0.0693177117632839 0.057865885932842344
1 0.7222921878540042 0.562183376856639 0.1627251069814278 0.1541633332590248
0 0.7406504964971985 0.4433641443848548 0.10007031764492566 0.08631920170823655
0 0.709886095576681 0.48817032422740664 0.1116647191153362 0.09391215784311199
1 0.621238650717074 0.7086361356876245 0.19134278308423572 0.1623041490344191
0 0.630423702558109 0.6125967716427594 0.1360030996293755 0.12003557011286307
0 0.5087292146859734 0.7534304690804046 0.17596648014341482 0.1480774911467222
0 0.4531665569632966 0.8190980085857676 0.17456820551101745 0.14944814027031122
0 0.39813881118921585 0.8825177235293362 0.16766130404060692 0.142430736764668
0 0.35047312515811535 0.9344689253936203 0.16355095183499113 0.1310621492127595
0 0.5480620954034563 0.10045378042915978 0.13362419080691268 0.08272742098927387
0 0.38547526470410476 0.1090238375296162 0.16782552940820955 0.14399323676466808
1 0.7985897040345631 0.42965665312667023 0.11643197279136235 0.1099208595959336
0 0.8132857417213863 0.32735344258744814 0.0573948595576681 0.0471479297979668
0 0.8016866222354256 0.34906428469975104 0.057723310292873364 0.050272929797966805