1 0.7091302250174657 0.5745130706445549 0.13252417211208342 0.13703329476707288
1 0.664943160712917 0.5171469940651031 0.13739351006798622 0.14539368493937666
1 0.7942189655181603 0.849360888545003 0.07024107123840277 0.07209822252712286
1 0.6008436399113546 0.4745942267390012 0.1864492591180557 0.17761771671984977
1 0.7231252155181604 0.841051220931728 0.1022547906531944 0.10856332367581523
1 0.5296212969214587 0.3938109391831609 0.23841180262104195 0.20083200861519207
1 0.4258410270698266 0.3201299204211937 0.2749675516711113 0.2315949999361881
1 0.604738238219584 0.8092939015954148 0.161012848023889 0.15594563580089593
1 0.31121417619614605 0.24907674125718424 0.241354964665139 0.1933847687300613
1 0.22531173736656265 0.1735897181557151 0.2665731702122224 0.2056818496490151
1 0.38478876092100756 0.7656656285258515 0.2883767414506252 0.27211854039566497
1 0.13644860590767371 0.13827111991065946 0.27027874525034734 0.1640422398213189
1 0.8031906559632643 0.6657569940331971 0.1133013934267364 0.11452923407785746
1 0.7491200985925699 0.6189225720804202 0.11017639342673605 0.11416397396298841
1 0.8403854507005214 0.857873475239324 0.06715243882958362 0.07329546241225379