0 0.8080702860689046 0.294941179995612 0.1262769742194024 0.1768473079967011
0 0.08258776571537388 0.6352866306413856 0.0833657779283041 0.10227320533113407
0 0.19943775101605282 0.6702262688046184 0.17044305404758592 0.15629076708875883
0 0.4298179698083883 0.6916907771843956 0.2661517017181653 0.22616064937949698
0 0.6833524055840371 0.6921380919115213 0.27642746042459265 0.2436209340192331
1 0.8930284622336149 0.6611679220780532 0.21394307553277025 0.2430299006331383
1 0.18446568973237762 0.3248228405913731 0.1021024898232347 0.1621028463973609
1 0.2539593181810801 0.30715195579335247 0.11385886137453219 0.17804609514371963
1 0.0788674649471483 0.3552808818950267 0.0689690852552504 0.12525606426490726
1 0.0459697557657512 0.36953961018741444 0.05934842378986114 0.12029577962517113
1 0.12800432779201856 0.3522862625364123 0.08565861827193717 0.14602320533113405
0 0.3425647947753318 0.32569971582248236 0.10597111827193721 0.14661423871722884
1 0.6998992599496227 0.246447507192643 0.1777442989592032 0.23606919530200415
0 0.4285841819304615 0.32476168995823484 0.12101626413349424 0.16577341567683304
0 0.5162103346894235 0.3096929679340534 0.13820376413349428 0.16627352084968255
0 0.6178580438708206 0.29343381895026777 0.14675324852966193 0.1805633413827959