0 0.4243773633552096 0.8281887483030564 0.1082688569862416 0.06710817049962933
0 0.313058016790223 0.11280633901949136 0.12413195916315996 0.11990097983046274
1 0.44886644266663706 0.8852398306781492 0.12956350362819702 0.09701028397749951
1 0.4924601860432151 0.9304942506121308 0.10788691106992569 0.05617067049962969
1 0.34876239301375833 0.03956220306300954 0.12046132213985139 0.07912440612601908
0 0.5450768207890889 0.42741847728504734 0.20496529691210785 0.15968523270518484
0 0.6167657931142747 0.5379759770022234 0.2477529976377472 0.18056366069768473
0 0.6805703435697618 0.6289728324215755 0.22371529691210804 0.16132564514629594
1 0.7429388795972784 0.7387880383593071 0.24457343393541642 0.1787277586241661
1 0.816227557457427 0.8258396875581034 0.26546628729346117 0.15251657313879577
0 0.7918675191524758 0.22980401762412192 0.24650301088459123 0.278591057587407
0 0.9029141465571374 0.21697324401421475 0.16741571161023075 0.2888068047126849
1 0.21429555754224508 0.5544948444861115 0.11744544954451308 0.10685417568342573
0 0.1965500407520221 0.4158520095191208 0.09310021397248333 0.12341695909527761
0 0.2123362426587878 0.4767799475963893 0.10149306733052794 0.09611216531583314
0 0.19335560808255 0.3288988136661578 0.10785219473518963 0.0997839694628702
1 0.24966757315134167 0.6121515196038894 0.12482143992586625 0.09503768086722193
0 0.2380803202409348 0.25255163567365785 0.10779763103285875 0.0982214694628702
0 0.31354653467675425 0.6564100760600007 0.09173612141421188 0.08435445909527761
0 0.3121750076349123 0.6510780270967599 0.09513393992586625 0.09244036116879606
1 0.24180801016680104 0.16810828515527826 0.12429565027015244 0.1245884798304627
0 0.34175089103002376 0.7185881558431951 0.11857143992586625 0.09449087672018504
1 0.3555926470204735 0.790590294957223 0.14044643992586625 0.09640469123481452