1 0.22954868295765443 0.51328125 0.11635222872636941 0.125
1 0.29500394867214014 0.08125 0.09289654800821019 0.121875
1 0.27838161357761776 0.58125 0.136746541958086 0.1390625
1 0.32804825282867034 0.12109375 0.11317268657189175 0.115625
0 0.2785235559050461 0.87421875 0.056786331185697404 0.0921875
1 0.3929783612399268 0.1359375 0.12907039734428025 0.1625
1 0.35303670081343946 0.65625 0.16033857806243948 0.165625
0 0.3404013871889394 0.9015625 0.06460792154477701 0.09375
0 0.41091842026823083 0.93671875 0.07715337334017516 0.1015625
1 0.4985971021647405 0.16171875 0.19191583098930565 0.221875
0 0.46600939948557957 0.7375 0.18366699375348397 0.146875
0 0.49933602565442514 0.96015625 0.0973386083130606 0.0796875
0 0.5799925479100143 0.18671875 0.1399715359079618 0.15625
0 0.556389480671277 0.8296875 0.21325449980360817 0.1296875
0 0.6435900197024967 0.9125 0.23819995764913066 0.1203125
1 0.7098209484757484 0.2109375 0.2564055778660476 0.2953125
0 0.8808515868430382 0.334375 0.21379083098930565 0.221875
0 0.14495551433974357 0.47578125 0.08788179508134393 0.065625
1 0.141467420857406 0.54765625 0.10034543364502549 0.059375
1 0.15473451443793945 0.4109375 0.0956670240041051 0.0609375
0 0.1605901255796703 0.61171875 0.09877384328594588 0.0578125
1 0.158587264045156 0.6703125 0.10503293364502549 0.059375
1 0.23009656615858276 0.0703125 0.07242951190385669 0.0953125
1 0.18109404400118945 0.77890625 0.10979315651766237 0.071875
0 0.18473667358788054 0.73359375 0.09402271077238855 0.046875
1 0.24522666246959074 0.11953125 0.05831246974937905 0.0859375