1 0.7236786022701809 0.3802202320973591 0.10764095048646745 0.08092383068109026
1 0.668001346588138 0.41237820408972314 0.13940914772652385 0.11097495735199914
0 0.43144623782184005 0.41899873205758825 0.12720915665497756 0.12801700668363553
0 0.6272457073830309 0.4939185580839961 0.1271818831160271 0.1264545066836355
0 0.38013888230195303 0.4777646573838159 0.12339440990138843 0.17796246268299926
1 0.9681944411509764 0.5291866327975394 0.06361111769804709 0.08989884134309048
1 0.29229400892515844 0.5017374120384982 0.16590919236879245 0.1972033586887262
0 0.5914269841683921 0.5450537967456782 0.13628414772652384 0.11093859468490823
1 0.9541572376199692 0.6047951601288577 0.09168552476006156 0.14647610534690864
1 0.5435446375769588 0.6210435847389967 0.22201491639421017 0.2790897053628168
1 0.4210304837613551 0.7172544187221338 0.21417514285525985 0.2774362986950896
1 0.9540197800301244 0.7844008441279031 0.09196043993975103 0.17919769867918128
1 0.5100762037328782 0.13559643340226954 0.0412795649348082 0.03797271467218159
1 0.48362279788867957 0.14153735073199697 0.03661933847375849 0.03948067067154524
1 0.39062677434972926 0.13889306138604302 0.04308752678536125 0.052053396005727004
1 0.4588955332781829 0.15687144939526987 0.04311480032431163 0.05361589600572705
1 0.5802211083592608 0.17156175274504185 0.05070911201270896 0.041206802673454224
1 0.5194336128234877 0.1794464307367695 0.049337526785361165 0.05212612133990877
1 0.3749159995929629 0.17854590738381587 0.04475912094116259 0.058321577339272415
1 0.482892140826665 0.18917541939845153 0.053970479707460585 0.04905566534054513
1 0.3320154334403388 0.18195217071131614 0.05736821509696392 0.06471702800763604
1 0.4262154468330193 0.20882430072404282 0.06361821509696389 0.06478975334181776
1 0.2940205555993173 0.19791297803945274 0.04936480032431163 0.053688621339908815
1 0.709641601459402 0.24727137209576835 0.06353639448011279 0.060102253341817756
1 0.24371659253094827 0.22466583469922577 0.04955571509696392 0.06462612133990878
1 0.3432080779204517 0.24144534937936152 0.054161394480112965 0.05999316534054513
1 0.647700709007884 0.2785753687539505 0.10147277110331832 0.08553860534690845
1 0.2919183133099551 0.25647036537236184 0.06679776217486459 0.06795111600890866
1 0.6051683356310894 0.3030753820814508 0.08590231818121907 0.08848179201145409
1 0.5646524297868908 0.3088526674092692 0.08590231818121907 0.08848179201145401
1 0.764198462254295 0.3299207874363134 0.09034435633066593 0.07447383601209037
1 0.5057683534879969 0.3362867767345423 0.11007620373287814 0.13094201201463562