0 0.3918652222911095 0.8422237661960125 0.08537015494824055 0.08781897748246585
0 0.43910995212157217 0.9601832217792534 0.05300742280870363 0.037579145588778215
0 0.31601916442087863 0.5320465322351413 0.09394407257314796 0.11478199568106326
0 0.24891241098050862 0.30380041872462105 0.07355366013203693 0.09483044108527147
0 0.43431585391226674 0.8874268422296041 0.07761644354388868 0.0702309592838688
0 0.4870983927907389 0.9429666409652999 0.07265554147037037 0.06680557063492074
0 0.38227844293175817 0.5710101002491685 0.11962757775694426 0.12419656847545255
0 0.3039806197929623 0.31362719926171945 0.08150286116879606 0.09689358883351815
0 0.5491295010848128 0.9515615885289762 0.08921832488222207 0.04300712523071297
0 0.36370693430759193 0.3317974059246946 0.13158077360990728 0.11874760487264702
0 0.4700026183323599 0.6038843545681052 0.11833847983046261 0.1272214389258032
0 0.43856952474120287 0.3882791409652998 0.15062329952888867 0.15881140036914027
0 0.573878765504906 0.6687200077150226 0.16175628916129609 0.14398743676633483
0 0.5552683006601843 0.420082248615724 0.17271291300675884 0.1804255845145814
0 0.6757918714899059 0.7470371699612388 0.19683391819055523 0.18974002775932136
0 0.7023086874651379 0.46643920959763585 0.22325971715379592 0.18987973010335968
0 0.832454100189073 0.5531603547249887 0.2800756451462959 0.23547163479143657
1 0.14586992563694295 0.7872811520671832 0.06681564458064804 0.07109255243632351
1 0.17489233576897978 0.8765544031469175 0.06320262902925915 0.04755492288667433
1 0.1957024132431001 0.9168592281007749 0.04982363421305545 0.05446625693983016
1 0.17619170414782248 0.8285476997231449 0.0734757476909258 0.07618057063492074
1 0.25207955235712787 0.8967481847637501 0.05947203628657398 0.05819203423772592
0 0.2335066266737022 0.7832363972868214 0.05703054147037019 0.06580427513842757
0 0.24084138157467452 0.714416546114802 0.0665422425071295 0.0679675524363235
0 0.27513705207430394 0.8190644733204129 0.06251912384546295 0.03974242288667433
0 0.17057138044337883 0.41409517350498304 0.062323634213055444 0.05526729333702494
0 0.31425763214032243 0.8621240584533032 0.037929226955740705 0.04282785009228505
0 0.2877061111223133 0.7561942334994457 0.08658134043361106 0.06614423658176474
0 0.3499114596144427 0.901477652685492 0.0596087373233332 0.05975453423772592
1 0.16819965320481423 0.29718827575673645 0.16156079952888858 0.15951230721668547
0 0.3225786885964336 0.7955978925064592 0.0797257476909258 0.07658108883351815
0 0.2245261485866658 0.43813464836655547 0.1034366497644443 0.08120803207825791
0 0.39701063501504447 0.9369552752953112 0.057030541470370275 0.06580427513842793
0 0.26809978279972124 0.48719390962532244 0.09767466531583313 0.10414488433001132
0 0.9092641506129162 0.6981143044481335 0.18147169877416758 0.3150194324473983
0 0.8157517816219426 0.8292012230158712 0.30466554203601814 0.23238620758582584