1 0.34340668389021783 0.6244183581466216 0.16197583325902495 0.15680998407381014
1 0.14969337707956434 0.2194640895895958 0.13894972800056019 0.14616091041040422
1 0.4230111049240768 0.6575501055863728 0.18615304377595443 0.1768340577372161
1 0.2005290130346992 0.23617417647776842 0.15457472800056013 0.1470709630271227
0 0.5907958504082677 0.9090076478209219 0.0921578069667012 0.10620376834526439
1 0.26248115339418054 0.2152554607492226 0.18845525429288382 0.19558405773721602
1 0.5268481224522926 0.6829757688393745 0.21967756130417015 0.2098131577089813
0 0.65731187234083 0.8996256715690324 0.09879150871952298 0.1096927893919517
0 0.7352450214644192 0.8935129084854398 0.11400511397798745 0.11988683674699843
1 0.3639071884951971 0.18259560821720874 0.2724722454841909 0.27338981029746473
0 0.6674315829692221 0.6936718031814159 0.23258895604570534 0.20125720506402783
0 0.8243490609474897 0.8694391006776367 0.1271083595959336 0.11289338410204479
0 0.4455824297310892 0.16210182671776482 0.1958840525400623 0.19291408404557525
0 0.7949800303176972 0.7263716401401756 0.2536965525400621 0.19628127872743378
0 0.8888626489452489 0.7524952534072948 0.2222747021095021 0.1958108418674957
1 0.5672250393939005 0.14809034755269074 0.35945007878780083 0.2961806951053815
0 0.7786144735962137 0.13605032003479428 0.293552148989834 0.27210064006958856
0 0.2520825128340664 0.6368189185852607 0.11074364907900414 0.09332433674699843
1 0.29051307420511413 0.6998880659826596 0.11817244732618253 0.09065436305535748
1 0.2233147277776349 0.5755474896178306 0.11504744732618252 0.090472352532014
0 0.3433354513738486 0.7455954081325041 0.11641809644977172 0.08900085779368574
1 0.37476245573361 0.7964830739457546 0.12305179820259333 0.09248987884037323
1 0.08978336391110997 0.24419805005646972 0.10698771047234441 0.11327281570031093
1 0.45562675393620333 0.8783253371705214 0.13239910521387976 0.10544490514873246
0 0.4323821048349067 0.8364031476797475 0.10726264031489627 0.0776083314853266
1 0.13091468406855808 0.27799692640718127 0.09139040346105808 0.0999537683452643