1 0.2347720649440607 0.34246302766240777 0.07430746368712908 0.11144463939685174
1 0.1718793358116205 0.37327282172467613 0.07696793895824153 0.11939384043361097
1 0.7241259555947306 0.31863065471189944 0.13404564993424622 0.15216667568342573
1 0.6703252948569614 0.37474324514551044 0.14139362520535884 0.1605259798304628
0 0.9633446503244766 0.3399028960877332 0.0733106993510468 0.08767494872768503
0 0.14505503056185368 0.441260695570139 0.06122468238578942 0.07326113421305536
1 0.5735432168089709 0.4401522146083806 0.16423992737425816 0.22425628916129595
1 0.9094468593698174 0.4745895458521775 0.18110628126036515 0.17372860885972194
0 0.5225719571556514 0.5276515060787508 0.11834464607291846 0.18320206220555538
0 0.4327113315805497 0.5916640708762044 0.125498360910251 0.17919806738935157
0 0.8891175900836658 0.5809953707343997 0.108310860910251 0.17769435598499986
0 0.3366725016018953 0.6736159913758338 0.1368243817778108 0.20488157257314796
1 0.22686677053879123 0.7251381180960188 0.17946798997693755 0.29966639227157366
1 0.8092654150507889 0.6599494303480569 0.2134544691093776 0.2779472171537961
1 0.6860897628161357 0.7513932195093529 0.21572642351293042 0.26116982026407387
1 0.42458219134059727 0.8770834524973617 0.18484802628980854 0.1951935057494442
0 0.5833955363948198 0.8647707972662971 0.15428214607291862 0.1863461860510184
1 0.5895228589795872 0.1374380262482881 0.06637670711467684 0.06599543836009247
1 0.5371537743591446 0.15309171201648247 0.05497468238578947 0.07271433006601842
1 0.49891898533514933 0.18490764000898235 0.08485644281956936 0.08767494872768503
1 0.4067526116907114 0.23251395480643589 0.0792652279822367 0.09181564458064803
0 0.3603252608444973 0.2848180400562506 0.06500846754845693 0.07822203628657398
0 0.29641901934761333 0.31967078515527825 0.07948482303645932 0.09337814458064804