1 0.19968466247488648 0.9349680827100435 0.1915053287982899 0.08179653469127146
1 0.46141186557938774 0.1415100787316788 0.24946980736768704 0.22912606802990773
1 0.2772674919956336 0.8975322647199068 0.21034768685265534 0.10697834802672616
0 0.3916465244419882 0.8660015487348606 0.24119551709585973 0.10421697469763487
0 0.5030472783547246 0.821135038749178 0.3037416961230424 0.11742604670590709
1 0.6649194705650308 0.7549480594366317 0.3856709400429345 0.19638738804899775
0 0.7644912840128256 0.607446898114222 0.3449372132189019 0.21931581070972522
1 0.8427600781973894 0.4370076761218581 0.2348502317596762 0.2367567546944532
1 0.02649163345848296 0.7550153113462722 0.05298326691696592 0.110484061346272
1 0.054784846437713045 0.6625647293523172 0.10253518685265539 0.10572383601209037
0 0.12781871304000836 0.5875198233609078 0.10460858343348342 0.08546588001272681
0 0.1956541830614756 0.49207151070177113 0.15655688442061216 0.13755563868554468
1 0.09748763394126811 0.9204777740292714 0.09458414977110716 0.06818747334499946
1 0.28685642090125973 0.33664876137808886 0.22446980736768704 0.22883516669318063