1 0.4279221827610253 0.7910524896001027 0.18216013905580564 0.15594089226271884
1 0.4970474695421231 0.9850683637684139 0.11670641367668785 0.02986327246317231
1 0.5158898275964885 0.9649851677409526 0.12561669612304235 0.07002966451809485
1 0.47795871376246557 0.6787094665135424 0.2843557039485151 0.2303178306985579
1 0.5796886949212411 0.9407824788890163 0.1646166483261929 0.11843504222196728
1 0.5256813050214216 0.5044808167630996 0.35112466542205245 0.28131909068185357
1 0.6136913354219613 0.899996157861555 0.19761386443492376 0.20000768427689017
1 0.4860313216952745 0.09992685960845493 0.234187356609451 0.12837955532422232
0 0.7297237622817724 0.7804857113135938 0.3573746654220525 0.2819025532442428
1 0.7959654584048148 0.6712367774533055 0.29867890934194447 0.3536094650579608
0 0.18992765494986413 0.7972976435105045 0.08188306489270936 0.07248068510807429
1 0.18622921057218642 0.7400265840263233 0.10400532879828991 0.08843943843583926
1 0.14553055110868532 0.5156397458400411 0.10657325319027913 0.0963978040764367
1 0.17932831326890114 0.6769221104406486 0.11050259270387049 0.10293953535763123
1 0.18346545840481482 0.6140574463391554 0.12461127173105324 0.11660646048240988
0 0.161386446244599 0.4538690740430277 0.08349174391989207 0.0849806851080741
0 0.1740711623533299 0.4044525366054169 0.0754319800143115 0.07033472254568487
0 0.2189762354935188 0.5470059122293098 0.10637216831188126 0.09483530407643652
0 0.23044625794702922 0.48245389351050444 0.1132254229470748 0.10010626663882576
1 0.22498422869095364 0.426599468385726 0.1629156112446446 0.12635723585674552
1 0.24514035919882957 0.3375579794090112 0.15077160197425757 0.11596117637256427
0 0.43288968420593965 0.8753236460060758 0.15454603563663377 0.13329454201316154