0 0.6580186336490597 0.40747568434650516 0.0801654742462448 0.10953990143727203
1 0.14323904334173854 0.23731124163003817 0.1327163893989355 0.14633939808928725
0 0.7237550750145475 0.4635445942763365 0.08287588606495574 0.12377582320764749
0 0.17570059910131275 0.29355783349679676 0.09215529121570665 0.1046772756002758
0 0.8017364248647663 0.5178758783691716 0.10522911818710803 0.15103030622252867
1 0.2146832218303488 0.34433482333024507 0.13568189273291542 0.1637003198596627
0 0.8660219365336959 0.5846221556434399 0.08207866061076281 0.13297740143727205
1 0.27278250637809565 0.4111686635230113 0.17248026212797157 0.19720309880792328
0 0.3356489103208987 0.5079501363713407 0.16734622303829677 0.2291484899560458
1 0.4482282718400471 0.62573268410131 0.29623623970819624 0.32861288804533295
1 0.5827622527542518 0.7753705039609727 0.25439942607271426 0.3471945784748197
0 0.7123216912448017 0.8995323642416473 0.19486518728260194 0.20093527151670543
0 0.47959138939893553 0.18483903111264322 0.03832891848667064 0.052252778948260525
0 0.5002705512176464 0.20106930324233668 0.04783146424430527 0.05485580957051335
0 0.5245370986422708 0.21382687979796886 0.0375636439408634 0.04287777894826048
0 0.5508125562186161 0.2322266281239765 0.046268964244305086 0.0546823878001379
0 0.5916128994008751 0.24836763326855116 0.046268964244305266 0.0546823878001379
0 0.6284272442501242 0.2725821231019994 0.06367960485118865 0.07829160550389265
0 0.4159113977338852 0.22035064498649773 0.056122196366457724 0.08054949665201525
0 0.6781720237969011 0.31294102621326375 0.06772937606301603 0.07099937081501917
0 0.49923395182646946 0.273726405275647 0.06093724212409235 0.08263226196314175
0 0.45068488152302777 0.257499541279195 0.05210437606301603 0.06926515311126433
0 0.7273268719801301 0.3555569684393403 0.06485946757828494 0.07377752727426819
0 0.7872279015269071 0.39704311305804524 0.07799719636645772 0.08297740143727195
0 0.5438926186461501 0.3181658321905972 0.06910042848861017 0.10676344904464355
0 0.8330186336490597 0.4268989226285586 0.06897288273097572 0.10520094904464354
0 0.6011310337988409 0.3554855941537389 0.06469997091226495 0.09079160550389265
1 0.887514686074654 0.4685593410509494 0.10484648091420468 0.14634280622252865