0 0.7527641100413618 0.39225861253989713 0.08546588001272681 0.10361202310146914
0 0.6920902393777707 0.40779229029994724 0.07014996268299925 0.12834822252712302
1 0.6219050087125888 0.4105114377153896 0.09869313335454458 0.16757306356094612
1 0.38667658072086114 0.443871799042763 0.09533177601845369 0.14689530344607676
0 0.29884986405949726 0.47261570079770737 0.0715306493475448 0.11290585258455757
0 0.21725496606458794 0.5005276227823902 0.07174882535009015 0.13165585258455756
0 0.8515481500636334 0.5676441761008432 0.10358062802354447 0.18530845373324994
0 0.7753401860677697 0.5891640532865472 0.10201812802354446 0.18512582367581523
1 0.7059543867361331 0.5935370157307067 0.14008174936345305 0.23794644505424606
0 0.6005225467456782 0.651430671825153 0.12747266136218052 0.2271104045947691
1 0.5079901487507689 0.6780641834077936 0.15785105203690736 0.2899553756860268
1 0.3771037754216778 0.6939732585832861 0.14035446936663476 0.26138394505424606
0 0.27167193543122276 0.7518669146777324 0.1450237880330894 0.2603693352265498
1 0.14468272143535893 0.7674513149968114 0.16415559603754373 0.2953733959157653
1 0.5989749440244989 0.25023343194002234 0.06478975334181776 0.06998783235481917
1 0.43132436736154417 0.2579444507658014 0.06344542934436319 0.08855520229738456
1 0.5116840293602716 0.25797489872368395 0.058539753341817755 0.06925731212508071
1 0.3722584500318167 0.2775670085832861 0.05548747867599957 0.07514205201021147
1 0.3052982167011348 0.2892451661135977 0.05550566000954502 0.07670455201021147
0 0.24783116203849823 0.31217535398851703 0.04742044000636332 0.052353901723038374