1 0.7317508582088574 0.805846796540209 0.1275459899708702 0.09040940729444458
1 0.5420307241357525 0.09861160552642408 0.13833037727617317 0.1390651128415279
0 0.46364129968343093 0.1327489097629865 0.07745506175762493 0.08612064437666675
0 0.3795330726446845 0.175352677430417 0.10800637978345566 0.11649912860909728
1 0.44300557310690286 0.4926687704203129 0.23505226458147632 0.18972103590354178
0 0.27992186605990915 0.24026720298163218 0.14637019780928667 0.1470594507974307
1 0.3554337137774183 0.627441854292153 0.2941832236735342 0.2363791367772226
1 0.2890776249019048 0.7853803344405211 0.31564904671392996 0.22282578305375011
0 0.1651342888628782 0.34313567021222235 0.1737510517284949 0.17580269984750013
1 0.2650143361055336 0.9087405267854862 0.29447272868809904 0.18251894642902755
0 0.09765075524567414 0.49309799620027783 0.19530151049134828 0.17969141926229176
1 0.8480256937191586 0.46378854274048675 0.0914266335443795 0.0833229526972918
1 0.8392440756141853 0.5237811385801743 0.08968227711788863 0.07703658510611114
1 0.8290363498290801 0.5790498668286812 0.09772209765100222 0.0850309230620141
1 0.7584474020197935 0.7212542442035076 0.11647209765100204 0.08546733415618064