0 0.9532843942049706 0.4024360845401421 0.09343121159005889 0.18263178134945374
0 0.10923155311404568 0.3843562713240004 0.12399577573218337 0.11068405601527206
0 0.2280495117511963 0.47292732797581927 0.1868992621278646 0.15979426535645355
0 0.4454222418946111 0.5986796639481387 0.2894376783023798 0.22965332670272573
0 0.6954033698324101 0.7146661012492311 0.2992208827136114 0.24849423337045273
1 0.897108137214477 0.7948968518857781 0.20578372557104602 0.23559424403245294
1 0.34911304723844755 0.14377453528804754 0.1128846143334803 0.16829656134627213
1 0.4241928009144737 0.15854501261141163 0.12719109337710907 0.1856295120146357
1 0.23275139209201087 0.12322677263686502 0.07613070551101737 0.1304147533418178
1 0.18937207867300435 0.11982050930936475 0.07859880404060693 0.12420111600890867
1 0.2825425718708449 0.14298474196372896 0.09545313528985151 0.15092724801081764
1 0.12391130404060693 0.12214662531827343 0.08846648014341482 0.12899770401018135
0 0.5038708648833733 0.21706548993477576 0.11420313528985133 0.151145424013363
1 0.8888064996233318 0.307233219883869 0.19732993197840604 0.24418744668999892
0 0.5893086117572401 0.2559638105904126 0.13179883970108291 0.17007723734881744
0 0.6820263056902859 0.28226213391154953 0.15054883970108293 0.17029541335136283
0 0.7885179257261397 0.3130934158975502 0.1615660933771091 0.1860295013526354