1 0.7060822111085239 0.5649277082727886 0.1259283514929388 0.13800663277816075
1 0.6097385447452085 0.959814420402877 0.10070983020561534 0.08037115919424594
1 0.6631787991078093 0.4916695942763365 0.1440991972858944 0.15397677225229103
1 0.5796575608367519 0.9395044765028082 0.11902278763096845 0.12099104699438357
0 0.6850091485070612 0.20199926604671195 0.06258711733238069 0.0968681837335172
1 0.5166330369515383 0.9167657757841722 0.13781634629715872 0.1664684484316556
1 0.5948765493599109 0.410081271068689 0.16928486758448216 0.18157809880792325
0 0.6259837097711415 0.16789206700206835 0.06894637797604233 0.09912437081501908
0 0.5581842045753614 0.12415058733517186 0.08366444183801285 0.11006016674839839
1 0.412967087571957 0.8814008428876512 0.20603075075630456 0.23719831422469762
0 0.48805810283032114 0.3163449036016547 0.19141123986054143 0.16542942536355537
0 0.47070598390845664 0.09160929642376965 0.10233803218308672 0.08887714976327961
0 0.3334652578705447 0.8495187317086816 0.14987930372251182 0.1701220375634173
0 0.4054419808063635 0.21427236269025246 0.21989687278026224 0.1515369390006894
0 0.32529529492043546 0.12192166531960122 0.2441320482746301 0.1433741873266971
1 0.20625254784730163 0.8109926856527047 0.27522850100840623 0.32201774857120286
0 0.07920762671553463 0.6703005715336551 0.15841525343106927 0.2406011430673102
0 0.787944216304304 0.6102299838730644 0.09197968639013113 0.07377411914102669
1 0.796767195269082 0.540351038299003 0.10415190445914604 0.07047399330403045
1 0.7732536495923419 0.6739464923656238 0.09946440445914603 0.0699537279929043
0 0.7824968816592133 0.47420747705449734 0.09924588317182241 0.06682872799290411
1 0.7896645254746973 0.4167418205952482 0.10883940445914604 0.07099425861515699
1 0.6737628399177454 0.9769105233344824 0.07686813861970414 0.04617895333103519
1 0.775328509887357 0.3065014158099916 0.11440098960843983 0.08401452392628342
0 0.7682537012211668 0.3513803613840529 0.0970278193098519 0.057280306222528665
1 0.6615795501930901 0.9536450687986584 0.06371257475773362 0.09079160550389247