0 0.2951178028744502 0.43950998260368995 0.12083066660721994 0.13242377173105316
1 0.2894453555482676 0.5232817279684964 0.16647148238261417 0.16597806344779506
1 0.4702601140894502 0.061072975439896246 0.12625787712414932 0.12214595087979249
0 0.348013412604139 0.5910970357581904 0.15208066660721994 0.1364454692990101
1 0.5389972676173859 0.0854663604327405 0.14961229815800828 0.170932720865481
1 0.367724667030778 0.6685264230686313 0.19906443851748962 0.18093726101575172
1 0.6162183992127593 0.09754432717448173 0.15882314027031122 0.17883405417740791
0 0.359191303119668 0.9133674847710616 0.11082672804514529 0.06347268685265525
1 0.4197974872773962 0.8017656459799273 0.29212811393340243 0.2375105142060307
1 0.7061046887181224 0.14825777227461664 0.19155256130417014 0.219953581988569
0 0.5437710004681431 0.8503989737553098 0.2112361227420955 0.1548231097997302
1 0.8459632852347717 0.18023758614441848 0.2592325349672614 0.2701844771244827
1 0.8782853116162656 0.30525395491408536 0.16438681568622399 0.22414655417740786
1 0.2355479519311618 0.3172313492059853 0.10739910521387967 0.11070367758226833
1 0.2421015747847199 0.4078876231044101 0.12746436836004146 0.1363531112446445
1 0.38593950004458505 0.05056409508224553 0.09700946485439843 0.10112819016449107