1 0.5751860045603943 0.30161062820052403 0.1209948244949171 0.1407452444009226
0 0.5045441887627075 0.29070993961310465 0.10909807011286307 0.13210395020978147
1 0.6296965002006327 0.3493368105641661 0.13985359640518666 0.18087333693238977
1 0.6978719475936929 0.3929315999814224 0.13793508764107898 0.16524833693238977
1 0.7720916976159854 0.4314244923031082 0.1612895086749379 0.20416912697434614
1 0.8280143818628838 0.4991671767413427 0.15196989465236505 0.17869553029369403
0 0.08515582689772302 0.6834376168018765 0.17031165379544605 0.2580296780139644
0 0.2764588820189315 0.8497800541398961 0.3297368858436722 0.26492014067130076
1 0.25789857903301866 0.1499594981259002 0.09511864907900414 0.0938935551888033
1 0.4024723685383817 0.20169682903500535 0.1116198244949171 0.14003484937994448
1 0.3201938816845436 0.1847120838088902 0.11926816660721987 0.1266827444009226
1 0.45762664925734436 0.23157266056881048 0.13563287712414934 0.14649833693238978
0 0.26423165799915976 0.18663070393475906 0.062141991191307075 0.07746307178554286
0 0.3423438115270954 0.21863679791611879 0.07656049995541495 0.09403526514684701