1 0.32591500041660176 0.5421467989135712 0.17827328868539638 0.13730612943017598
0 0.37328194218020627 0.4240088873097475 0.19218992304479912 0.13730442536355536
1 0.3741595590685893 0.2986603397023759 0.2090856917636045 0.13608706483768565
0 0.433543454867879 0.8634310113501538 0.1520643415140473 0.10501730287454407
1 0.4156621759569723 0.16880282606524183 0.25981501996659107 0.1494490614897009
1 0.4617636102338625 0.7930343565648971 0.15454405740420185 0.1315798028745439
1 0.464831427204758 0.06082788247166684 0.27973194509136967 0.12165576494333367
1 0.5782353163485174 0.6386197697201157 0.24525310149734275 0.1756664220155706
1 0.6377487052834709 0.48975382749403895 0.3255660861063028 0.20777501053434447
0 0.7176376272882803 0.3131122849086444 0.30667022046570536 0.20413144928983887
1 0.7573181351915965 0.14479924746782452 0.3498367579033161 0.20273725886035215
1 0.7805194602746138 0.031288341498965824 0.3202110794507723 0.06257668299793165
1 0.06441262583269863 0.6848247430588353 0.06502173793672501 0.05051344904464372
1 0.06410109505061827 0.6384700083699618 0.07429289434269823 0.06700555789652114
1 0.07257746713894997 0.7712850644698929 0.07087616306150357 0.06353371435577024
1 0.07419310045836292 0.7208506580106439 0.06033423793672501 0.0499931837335172
1 0.06893567221361516 0.5784004692551495 0.08083462562389285 0.07082424497802293
1 0.09115937895266782 0.8372603161438853 0.07018885690508751 0.07273529258539427
1 0.07373933860288391 0.5020981019107127 0.09425184151404734 0.09860069737065125
1 0.10037840599038124 0.32440836040327214 0.10387655074867141 0.08575214976327956
1 0.13173467262920713 0.22041795561801547 0.11071001331106074 0.09269583684478153
1 0.16192401414325444 0.1289275508327588 0.11041828202986607 0.08957083684478152
1 0.19868599771222453 0.049851287195624726 0.14054337895165805 0.09755335048191557
1 0.2537137237944803 0.7109766935322762 0.14468943843583926 0.10883769402266666
1 0.29910036813717855 0.6471794383877014 0.15450203535763124 0.11456572464491935