0 0.34722215244730925 0.20743840418179418 0.0742859104104042 0.12461268083635879
1 0.4193812046405047 0.6702222470714314 0.14327810509226263 0.1850991946765234
1 0.39572827090551305 0.1704450815581119 0.09421897881213823 0.14568918479069154
1 0.5239846756307224 0.7399537683259698 0.18306864718563745 0.19919086958138302
1 0.484388952503779 0.1537934338392894 0.12665204721387227 0.16727502471457933
1 0.6380996545134479 0.8124110415576744 0.19925508930724706 0.18270370653952134
0 0.6037150761530674 0.19528720855386877 0.14327810509226263 0.18509919467652325
1 0.7707749175970402 0.8957567352456145 0.23473756299888784 0.17635554745199258
0 0.7170495340596927 0.18743489927605933 0.18452473137238706 0.22419086958138307
0 0.9302337390884269 0.9216474607595904 0.1395325218231463 0.1567050784808192
1 0.19764417058081207 0.5029697855889943 0.057766268345264306 0.08185217787060921
1 0.2226819679358587 0.5180191240300074 0.06465330517696728 0.09304434585538672
1 0.19192000241907442 0.2307273710642578 0.0706302893919517 0.08861151384016444
1 0.25378775476756166 0.530198130455798 0.07631884727034208 0.10599001482874755
1 0.24372542612483264 0.21023579893486716 0.07163134727034208 0.10579901384016441
1 0.29419992314106086 0.5817261383644634 0.09450740514873238 0.12387785178688589
1 0.3492360336361696 0.6167033162350727 0.10947995776545091 0.14007585475263545
1 0.3060511208772782 0.19640806228073998 0.09000191567207612 0.12681185079830276
1 0.8983538355021675 0.20891460433270598 0.2032923289956649 0.2515810405319101