1 0.6107547938047977 0.8768624773872211 0.0974931444174139 0.11132700361804453
0 0.6239350080932277 0.5901470494134886 0.10052724082661779 0.09586577792830404
1 0.5862178812370111 0.8234442282917322 0.14131586729005097 0.1261198439616777
0 0.5399332336963392 0.79304739936806 0.07225679508134383 0.06939180913596843
0 0.5697333214231401 0.542190906265465 0.1287522347764936 0.11452724672063966
1 0.530125399878363 0.4504880851437088 0.2152260659621911 0.21121854025277603
1 0.48332870969223407 0.7350578369527311 0.20886698165323564 0.19214099163225704
0 0.43720612597245373 0.3295381772963641 0.143041993753484 0.15432673111680736
0 0.3602497579950318 0.6688297286304166 0.13991699375348404 0.15416295680654796
0 0.2784225201934761 0.5738691106971637 0.19162493949875795 0.18186523292582973
0 0.3279351442210223 0.21882308457788185 0.1571317648307229 0.15975121551297525
1 0.2850613221105111 0.10306528776638517 0.26663402985783763 0.18735831637205785
0 0.16356006859446973 0.44234687302163556 0.18398515632127072 0.21114329715018093
0 0.18930339451560987 0.03829453810506943 0.14110678903121973 0.07658907621013886
1 0.10186352361132163 0.31507172207169587 0.17924311416679295 0.20152263568479167
0 0.09395959913967833 0.16544021426977976 0.10688632513557325 0.11494332654882311
1 0.7608179054375078 0.7455228669172002 0.10994769262201594 0.10416960085908258
1 0.7128389476901814 0.6925516751486576 0.12733518052176757 0.1394453595655099
0 0.6657957760472085 0.6661020398025501 0.10206246974937905 0.09126016508343397
1 0.7573272075509346 0.1455228669172001 0.17400110226293625 0.1059644742194025
0 0.6948857740041051 0.036394565525347145 0.20206246974937905 0.07278913105069429
1 0.77415109318775 0.08212210821077282 0.09569429508134401 0.07062011646291486