0 0.61987318022718 0.2913511690087837 0.05644998789975162 0.037651189420186526
0 0.6084544120768073 0.34359620847132255 0.05962953005422929 0.047208199943530274
0 0.6040941650036735 0.40011922425633806 0.06595225292686635 0.060072220990217674
0 0.6141226290957118 0.24323218742463518 0.05332498789975162 0.03746917889684287
0 0.5903680082896194 0.4587507716113848 0.06281816256778647 0.058327710466873836
0 0.5829282130118838 0.523268297919744 0.0784704336450254 0.06392526308359248
0 0.5661315984523073 0.5914568557981343 0.08475679508134384 0.07053928413027996
0 0.5500980531745716 0.6564749110456887 0.09106133723582169 0.08027830517696728
0 0.5325338241536146 0.727052721554915 0.08321247579950324 0.07357327886860787
1 0.5357476442210223 0.20481370050822761 0.1194408672900508 0.12566639988706055
0 0.493828309813871 0.2533645925733675 0.11430793969514959 0.04883088410204497
0 0.47150840309981684 0.31249666886760935 0.14729315651766245 0.0804294945971538
0 0.4563242855151783 0.3891879714843279 0.15824883723582167 0.08419153142885678
0 0.4396640263417962 0.4808140293627182 0.175545421544777 0.10394258930724706
0 0.430816267168414 0.5719850609327493 0.16471700585373253 0.12205555247554419
0 0.3954196435336512 0.6670469319512018 0.1881181444174141 0.11717063140062187
1 0.3804582397464633 0.7820194845679203 0.2415158551898025 0.16713981029746475
0 0.2321721505657341 0.0192134606080483 0.12059430113146818 0.0384269212160966
0 0.1416244186179108 0.03558888950489117 0.15199883723582164 0.07117777900978234
0 0.10925280103327228 0.1069563843138065 0.15990224082661783 0.09990753669052861
0 0.08332208098930571 0.2170972237622279 0.1288340480082102 0.12933743145709167
1 0.726786776439992 0.39922531121509797 0.07529998184962743 0.05593075256024873
0 0.6980986950579029 0.4384089085560271 0.03452953610435348 0.028564615756780754
0 0.6951873184962738 0.4753096690793709 0.045521578258831144 0.03857665258848364
0 0.6907179871141846 0.5130826848643865 0.04865566861791084 0.0403211631118273
0 0.6777049027070333 0.5599499795885972 0.048628397540672094 0.03563366311182729
0 0.6672446465587133 0.6426182664203001 0.056531801131468204 0.051713689420186525
0 0.6701287520431035 0.6010300058969564 0.05179884933607006 0.04362817363517095
0 0.6558031525106417 0.690957055882839 0.056522710772388504 0.05015118942018652