1 0.45893083380889016 0.3093308076643811 0.10097234937994451 0.10241645020978148
1 0.6856233883729935 0.300697478405661 0.08558414772027056 0.10435745850815117
1 0.10517794916087424 0.36487687095106147 0.11889355518880329 0.09289974025173775
1 0.5237853165874508 0.3657807945921265 0.10419243776222675 0.12440984937994451
1 0.7394219719813911 0.35953875952454767 0.07308414772027057 0.1034102651468471
1 0.0909602385781306 0.4397468163869581 0.09884116431701004 0.07429145020978148
0 0.5496723877482936 0.4034341599441106 0.08236405933798814 0.08236405933798818
1 0.8189551840140272 0.37603825267607044 0.07090634108157481 0.11567346680652087
1 0.10952006181356592 0.48183922800467577 0.1232258576783142 0.08856743776222675
1 0.6035777151329139 0.45061589064807867 0.1620767153566284 0.1707413203356504
1 0.8835961792401423 0.4558073404336528 0.06896533278320476 0.131061668466195
0 0.676114643347371 0.4979393313100905 0.06861013527271584 0.12637416846619481
1 0.10613310745459963 0.5675399296643497 0.15970873195336796 0.1394913203356502
1 0.9365310024755779 0.49529497030778397 0.051636122825161127 0.14839087842423862
1 0.7493027669977248 0.5366690219721023 0.13175059793005203 0.20106743776222674
0 0.16659516554318793 0.6717053661771766 0.1848038203356503 0.16314230788809567
1 0.8234012725968022 0.6351405655385436 0.11070439212119317 0.2103473493799445
1 0.9065797028858519 0.6855414620094142 0.08643809793005204 0.19763386182749904
0 0.17923503027047208 0.7919227777948944 0.17879061867597637 0.16579371120744354
1 0.26711261595346203 0.8520655271701945 0.1940137995897259 0.2026784045687478
1 0.4351642149324212 0.18218888982288606 0.09474566016782511 0.08174875269929238
1 0.4806892798694868 0.20670271513291386 0.05954186597668389 0.0682064709557058
1 0.5230776894126119 0.22135628836834917 0.06591026514684692 0.07024256763635792
1 0.37737410310492203 0.2580302620233474 0.10831125269929238 0.09675844606059662
1 0.5671586535198406 0.24442601284854 0.08091995850815117 0.08380816016782511
0 0.40806707343592796 0.29376592986484235 0.04656826929603195 0.06100927759440165
1 0.6196082246806836 0.2800665923077526 0.08487375269929238 0.09498245850815117