1 0.6055194006432775 0.7860031065648971 0.11129454274124875 0.11925833684478153
1 0.7297522352773603 0.23176960979028421 0.0947223493799445 0.10502411914102672
0 0.7669534695058132 0.06771307402345668 0.07959425684847724 0.08940082320764745
1 0.6776005072726845 0.38566819149049103 0.10961364357108572 0.117522415074406
1 0.7471369543589663 0.0225683593210808 0.08993976099766207 0.0451367186421616
1 0.6988206213752687 0.1666623190014796 0.12488344606059662 0.11456913277816083
1 0.6333992987645333 0.31179202486469026 0.1375969336130419 0.13922058517078914
1 0.517639969729528 0.7595170930503606 0.15656042116548718 0.16456572464491934
1 0.6542642153566284 0.0880986523756788 0.11418274440092269 0.11648018038553247
0 0.440567984251675 0.7404975880283835 0.09952824855010753 0.10710688445215304
1 0.5551423989696704 0.22515146541677447 0.1957180095477696 0.19060284713393089
1 0.5871816139020914 0.03375534156026462 0.13676813942190086 0.06751068312052924
1 0.5020864087179326 0.11759398587247558 0.21449132033565022 0.17254483014881208
1 0.3619684649556431 0.6909226221212188 0.2516612788438016 0.2541382655563217
0 0.24601065561765495 0.6265863569326898 0.21565200124939982 0.20830890837843655
1 0.36575597717948316 0.028748164829210852 0.2190119543589663 0.057496329658421705
1 0.1490396446199928 0.5632940304996553 0.23390693901162668 0.3265369390006894
0 0.7999803796736386 0.13967819304188583 0.07263386182749905 0.07933213612614551
1 0.7576297041584736 0.28776203323465205 0.0978473493799445 0.10537096268177777