1 0.70859375 0.8492169828599787 0.096875 0.11117499269530029
1 0.58359375 0.289938766478946 0.08125 0.0986870906476712
0 0.546875 0.12535782166701764 0.0671875 0.08322922880480502
1 0.60234375 0.45117424893610086 0.0953125 0.1094574524905374
1 0.50078125 0.0770341356265119 0.0796875 0.06259455044290829
1 0.52734375 0.2390448191074813 0.1125 0.10491289474292935
1 0.53046875 0.3948236495170071 0.121875 0.1292806359715068
1 0.45625 0.05152173979076903 0.075 0.019941929828619576
1 0.6171875 0.8518658808813484 0.1359375 0.154113497814373
1 0.45234375 0.17847788927886174 0.1 0.10836007310482607
0 0.53828125 0.8573176005408216 0.0859375 0.09915221126195987
1 0.421875 0.3379546052859851 0.1734375 0.17502196272868273
1 0.35546875 0.12042789658356148 0.121875 0.11834313597150681
1 0.290625 0.08039997808590081 0.159375 0.08300160088581657
1 0.3265625 0.2534971527954477 0.1984375 0.15406510600488926
1 0.4453125 0.8355927083574286 0.221875 0.23607820907633298
0 0.31171875 0.8106180208502 0.1921875 0.1925074451858378
1 0.13125 0.14896087720008425 0.2046875 0.1765602668239409
1 0.17265625 0.7936944426263013 0.24375 0.3132487719430134
0 0.6078125 0.18218563965277107 0.0625 0.07495160819051634
1 0.63359375 0.333962553031359 0.084375 0.09899717105719699