1 0.08112814326737604 0.8792069207824532 0.08699270229738454 0.06947175287472192
0 0.13505469671345285 0.7892161992933329 0.06576705201021146 0.05988213939685174
1 0.43600849716017526 0.2536080558439806 0.16596998551372283 0.16298659849212935
1 0.12655225453093752 0.8484544982565737 0.10876624275686142 0.08374886635259245
0 0.3260044076260294 0.5060113029692586 0.1161931936183807 0.1075964694628702
0 0.15251612737713954 0.909918970028518 0.06852679189534223 0.057030541470370365
0 0.3240056142948219 0.5973881586714345 0.14025975430759594 0.12826028397749986
1 0.4656249639438369 0.3445939322813416 0.18920456643267675 0.1897637119699997
0 0.15553966062538382 0.958327075730694 0.0538352312061269 0.03718693317629622
0 0.3319297111359181 0.6848977205941659 0.12455358379068446 0.11296747464666641
1 0.2967531576898413 0.7765288545243975 0.22709011557115755 0.1698804389257404
1 0.4896001951818697 0.45008180612680454 0.23027599706445745 0.21036873788898108
0 0.36554372852583183 0.8969869089542584 0.15312501442246518 0.132478892271574
0 0.5741983960752949 0.5703443709242582 0.2363433670070229 0.20935304203601818
0 0.36184039039564536 0.9648511863338423 0.13301543350351147 0.07029762733231557
0 0.6066456215379603 0.6978829020270357 0.2341518063178075 0.19060304203601816
1 0.5818789669431913 0.8219943452881004 0.34817372827058435 0.2531604135724067
0 0.6055701013720338 0.9487073594253698 0.17948459534141908 0.10258528114926051
1 0.10413956656030043 0.3784748974553701 0.051623381493299945 0.04472603110277769
1 0.09416593940650245 0.4367952453818516 0.07035309246968838 0.07265554147037037
1 0.16116067204849466 0.3700465342603237 0.07587257223994995 0.06695234561740726
1 0.0866476663050333 0.5213752969369905 0.07274757223994992 0.06667894354388881
1 0.13227470386087362 0.45512487181921263 0.06576705201021146 0.05988213939685174
0 0.15839078044032545 0.41400158581546254 0.052536531780472996 0.05253853110277777
0 0.0864548845245603 0.5702912505656478 0.05446429189534223 0.05580023213953709
0 0.0788148628589565 0.6153986990105089 0.054281661837907634 0.05423773213953709
0 0.14940132236757364 0.4976636863338422 0.06842533235481918 0.06939384043361088
0 0.07829740622207002 0.6603400521207867 0.04519075143586533 0.0426167269557407
0 0.13975237007018912 0.5599586347787033 0.06318994218251532 0.06429623732333312
1 0.0633521894703143 0.7071760959002311 0.08717533235481915 0.07103425287472191
0 0.13818986285895649 0.6205933384073606 0.06126218206764609 0.06103453628657398
0 0.32826701595404834 0.27732993689949004 0.07660309246968833 0.07320234561740727
0 0.08016427763240666 0.7591582609332403 0.04904627166560378 0.04914012902925915
0 0.31722804920229264 0.3245077332708327 0.06907468206764608 0.06171804147037019
0 0.13763182096361426 0.6726342920360182 0.0645698121250807 0.06287043836009261
0 0.08153399585193365 0.808210915598657 0.0368303612635615 0.037245721771944316
0 0.33159492782386196 0.3636481457119437 0.0960836126994268 0.0810927580585183
1 0.30374386569878126 0.4196151817156938 0.16276381499681136 0.14878739745537004
0 0.13643457386725086 0.7301439956646755 0.06209416183790761 0.054921237323333115