0 0.7218409186675859 0.2329567955015131 0.0940832110077853 0.1213065534704102
1 0.7252422399560459 0.10045029809940317 0.09894754091140215 0.0952903566887189
0 0.6660677302798844 0.6029575750867098 0.11022677225229102 0.14103989926336596
1 0.7229095663890803 0.020095070647234366 0.08610410550389265 0.04019014129446873
0 0.5955562475101984 0.818888213706414 0.12046888110416845 0.14950796312533612
0 0.6569206821821224 0.15167929835150473 0.09825385382990034 0.08904035668871887
0 0.6604053062225287 0.04829757223671823 0.07742279258539461 0.06897922896477808
1 0.5639059223833633 0.5408178440282448 0.29024237106021433 0.3102155062041863
0 0.6168363962926973 0.009274862048987056 0.0871463401927663 0.01854972409797411
0 0.5110987967915624 0.7885776368549933 0.1496327076598007 0.1748028940675857
0 0.5877465001225975 0.07463583313248152 0.12290530622252867 0.10161676634364492
0 0.5040754116038236 0.021094477956371892 0.1144008232076473 0.042188955912743784
0 0.3544212065987962 0.7459962889683507 0.21629483014881207 0.2166733198140552
0 0.3912658610162601 0.41825941903808 0.2315678744081991 0.25650064431968733
0 0.22548447991209164 0.2865609408296066 0.2831269662749576 0.2880127242732011
1 0.19722249906159317 0.705813321403539 0.2765181942678617 0.382123357192922
0 0.1473782246449194 0.13613460593241428 0.18209325191918752 0.21583208565349699
1 0.9068041501310724 0.38142215662970747 0.06648529258539462 0.06821440445914587
1 0.8918634648461605 0.46670944660646435 0.09078649330403081 0.10557229282674854
1 0.8826797793160532 0.32012402370998655 0.08141319737065125 0.09096348960843983
0 0.8544552879312104 0.4275976701233608 0.06579160550389247 0.06196440445914586
0 0.7939164089914245 0.726286178421234 0.06631016674839856 0.08060514381548423
1 0.8298990667568731 0.3482215265599781 0.12168624163003808 0.13253898441265974
0 0.763191786502413 0.6906436093634836 0.08905057153365518 0.10390053218308673
1 0.8127269033564595 0.22187754784730163 0.09738504091140214 0.09518109604505716
0 0.7721800939085437 0.29635837780081536 0.07846161914102687 0.09230746832111639
1 0.6976364567213938 0.8377314128338937 0.18452626890430643 0.19584736758448215
0 0.7170164378170873 0.6505702664205195 0.11699703756341755 0.14616444183801286
0 0.7606501022785055 0.17119448683532282 0.0703056837335172 0.06072968639013117