1 0.5409823337892122 0.3464075445974123 0.1138464694628702 0.1059056493475448
1 0.7707279138552308 0.3890928419000955 0.0966589694628702 0.10570565467854491
1 0.18162716616430494 0.3239994793125464 0.12865126324231463 0.09671246268299924
1 0.6067139319985178 0.41837290392268545 0.11888528397749969 0.12781701201463566
1 0.8262349115461565 0.460395129893414 0.0842956704996296 0.10712270401018138
1 0.16689001437361034 0.3969011773154099 0.10982335080120356 0.07776246801399936
0 0.6340474115461565 0.46263143391950373 0.08849515494824053 0.08375792934436319
1 0.9075040353916194 0.4954235632161417 0.083690077756944 0.11804202267663584
1 0.18668439599476766 0.44437561397995545 0.13136616013203684 0.09206132535009015
1 0.6894471024981471 0.5237683812460494 0.18079881508027745 0.1753647213558171
1 0.9668377780634023 0.5916167632081877 0.06632444387319544 0.1320681600095451
0 0.7623076955236563 0.5878303339035954 0.081521985014259 0.12894316000954512
1 0.18404670301652676 0.5304312926480008 0.17337729434509233 0.14406017735518084
1 0.9976920178372216 0.6441963232018242 0.004615964325556732 0.14900112133990878
1 0.8383226828469894 0.6432530832272776 0.15228283581546265 0.20625109468490824
0 0.2453539328469895 0.6501528993077739 0.20355280989648117 0.1678249413589988
1 0.9142686111223135 0.760458217218369 0.13265384099925867 0.21382723734881742
1 0.9728033970078929 0.8329684692075512 0.054393205984214175 0.19951019867918127
0 0.25941501578773 0.775116536640683 0.1974395109332404 0.169314716024817
1 0.3486914207359706 0.8569745166295473 0.21648203685222178 0.20855902936027143
1 0.5158764441095366 0.21140583593254858 0.1024209539114814 0.08235906134627216
1 0.5627705679549996 0.24683425859327607 0.0686515466541664 0.07103975334181775
1 0.6055827845431476 0.2713615439210945 0.07347574769092588 0.07265679734245412
1 0.4574186866166661 0.2762137706079118 0.11798716531583313 0.09971019334818117
1 0.6514906068334716 0.3044553072485948 0.08863185598499985 0.0853204293443632
0 0.4893029651275457 0.3188552566040938 0.05220634043361087 0.06148294000636341
1 0.7050837900097678 0.3538825952419133 0.09257706220555537 0.0947317920114541