1 0.48748050978364577 0.03763547543989625 0.12322190729444457 0.0752709508797925
1 0.2371602806821175 0.6198685421387486 0.10567073138263901 0.12264660197425759
0 0.16284734565225625 0.8007923616666514 0.08811955547083343 0.10480966831188132
1 0.32600784118694404 0.4503156662660663 0.12322190729444457 0.1404835356366338
1 0.17381990682267284 0.8648086826394689 0.09229790919430565 0.0835379229470746
1 0.2572350849186799 0.6943971038411789 0.13717530452090293 0.1376057995422144
1 0.35903658710288144 0.5371975065021148 0.15181968597979179 0.16441556344779507
1 0.5785224306614583 0.07003090055434266 0.17434930262104179 0.14006180110868532
1 0.28933711046989513 0.7876294865164264 0.12627417211208342 0.13776070539342947
0 0.6588996084731249 0.0694275115593152 0.1103945989738195 0.12481235660945107
1 0.4267488043334716 0.6398674369742119 0.2171550516711113 0.2273475434621064
1 0.3454578642696172 0.8863388035765073 0.14996624525034735 0.1517144785693972
1 0.3866270717165617 0.9246595118597656 0.16667966014423624 0.06662749711017106
1 0.4619933604698952 0.7654096074534649 0.23390614057694456 0.21080947712448275
1 0.733771015483229 0.14170963968881606 0.2796563580918752 0.2834192793776321
0 0.8487219086256246 0.21324298663798286 0.237903962765278 0.24871164688127845
1 0.5869180124460062 0.886420647424842 0.2391365416031249 0.10087740151647182
1 0.9013546397239234 0.2944862658940584 0.18608950246854192 0.36511117613735394
0 0.14064699696277716 0.717190427281818 0.08165134992375007 0.09463032879829
1 0.21766670469406205 0.5538331879971194 0.10883209897381951 0.1246112717310531