0 0.24797289533126038 0.6365873933073793 0.12006884727034209 0.10777269072219049
0 0.33728383724110855 0.4342701596190016 0.11289338410204497 0.1183918557412186
1 0.32349508205002386 0.5096694076418353 0.1780325366905286 0.16625103558899426
1 0.24594839277101163 0.7116828938016708 0.12944384727034206 0.10815469269935693
0 0.26593539810327066 0.7853259822426839 0.13587585779368574 0.11153436068413462
0 0.366047332120611 0.5857981675276671 0.1485424577654509 0.1416675296574951
1 0.28523986397299084 0.8706878206836969 0.16418286831702938 0.11580536661563343
1 0.3895842716819719 0.6791635069572634 0.18731653142885668 0.16507053756616052
1 0.6285737790803696 0.16578805094921453 0.15366957352223168 0.17616986364988402
1 0.411801634949091 0.7951850963868595 0.24089655773721605 0.17504771543676992
0 0.352155077211875 0.9587727525086389 0.1089647472985769 0.07770318874502422
0 0.48750031398710825 0.8938082801889677 0.22923101564384113 0.16210204646340926
1 0.7343925976232779 0.2985289081733079 0.2464786998023559 0.21736254942915875
0 0.5127740587960236 0.9568879644481868 0.2357848525320138 0.08622407110362644
0 0.8542052977079825 0.3926847678688592 0.2147736734939965 0.20827670950527094
1 0.8821343346808597 0.5316491087813302 0.18859060509226272 0.18694553756616053
0 0.21754048463850748 0.4599320514063251 0.07973227360693613 0.08430601581733085
0 0.21734379258748496 0.5170906353987139 0.09323333148532649 0.10200285178688588
1 0.29809180560049026 0.3676755672236559 0.13309946828879457 0.1441558596955513
0 0.22371561895231395 0.5690351373758802 0.1046412683452643 0.08376218775644109
0 0.32131647397398944 0.31850323817418297 0.08038472099021768 0.06874468281352523