1 0.5569361980541305 0.2925511414418913 0.07394778896022594 0.12209763192686944
0 0.48258108035937897 0.3038204352794196 0.06292846834337489 0.11690070967712848
1 0.6306503875835494 0.3180005976043631 0.07465690097293454 0.16272263192686945
1 0.7161924212687694 0.33665424421354095 0.08060689204448082 0.1458262303552929
1 0.8057497991097909 0.3488759543049541 0.08753873051823931 0.18517982878371625
1 0.8900742061718055 0.39256598821768496 0.09014553327818291 0.155637877997928
0 0.19456151421005008 0.7941908399513681 0.18312396590774283 0.20524407981717374
0 0.5014097577172283 0.8798178550479612 0.2596046452908919 0.2041225355653605
1 0.17903906899529323 0.2523864836650618 0.0684148092527653 0.07344180810555194
1 0.34370554099211603 0.25486501261539385 0.06152960957707689 0.12620293507002261
1 0.25532883360578984 0.26444552791687476 0.07989778003177213 0.1052012303552929
1 0.41144246591103817 0.264980567206289 0.08957278896022589 0.12282537799792799
0 0.20113621144681124 0.2833625018620268 0.034012535713814976 0.07027826674922295
0 0.29237882021310924 0.2884801873463342 0.043605724025417736 0.08321491439185813