0 0.7473574571556544 0.8291990442654855 0.09362635690508761 0.06766158510611113
0 0.7251289043270035 0.8000934257243741 0.07966770049911424 0.0517456443766668
0 0.6527791314482393 0.5897391136040272 0.1882317512477858 0.12910953780340292
1 0.6937132391855204 0.7524923803215271 0.20316944509136975 0.13881184612402783
0 0.6530585399341919 0.6786015918525341 0.18412771381017484 0.13525043502986128
0 0.626565338187292 0.8538379811952076 0.11568924459225531 0.0868843637914587
0 0.6232203282039964 0.914720929808437 0.09660549126449017 0.0661718202884721
0 0.2684150351498352 0.07248737015663172 0.1981481917636045 0.11842661094166682
0 0.23613165287041205 0.17613970022874978 0.19852396713794018 0.1558538757593057
0 0.17275282445962944 0.3623687941685762 0.289171189683625 0.22500522568305578
0 0.1791450555330281 0.5360602140964581 0.278233689683625 0.22475065254479193
0 0.13332687188053569 0.7266858673068401 0.26665374376107137 0.21850065254479195
1 0.15142937229713746 0.8914016775273262 0.2770667645588464 0.21225065254479175
0 0.1599069559078687 0.9676005016155205 0.18777193178030896 0.05738000816812487
1 0.7744969469635532 0.12930880024940908 0.11471020715464456 0.09309799620027787
1 0.7902975118554789 0.202218970177291 0.1252521322794232 0.10581620174736121
1 0.7970556185527705 0.3135376766743049 0.14614809484181243 0.11253898043270842
0 0.8100229147258912 0.3833955817845479 0.10856405074867145 0.07736389342673622
0 0.8143544388524411 0.47060464105510347 0.08098049126449007 0.06580814437666671
1 0.6715919569468486 0.07089884783645777 0.12837713227942338 0.10588893692972232
1 0.8149243670971889 0.6148085827344785 0.1651898261230073 0.11610039152687505
0 0.7881863022052629 0.5421529859448604 0.11641857279524181 0.09469686379145834
1 0.6628820405575799 0.14749771542763832 0.14716915432599365 0.12347648043270842
0 0.6707032287856232 0.23072778951583275 0.12023087895165804 0.08543096656500007
1 0.7128648716727397 0.4721872844818396 0.19804434816957758 0.1340152433504862
0 0.6632121593181465 0.302620973311423 0.12906443843583942 0.09655030452090285
0 0.6795331537026058 0.3950078418525341 0.14712713227942337 0.106325348023889