1 0.2666949686170551 0.47539070190886934 0.14135806576151388 0.1209948244949171
0 0.2980567967964046 0.5365072063132158 0.1326527454580721 0.10909807011286307
1 0.27085605225641646 0.3959909782234855 0.18156847758022468 0.13985359640518674
1 0.2654986146839504 0.31002578523477176 0.16594347758022465 0.1379350876410788
1 0.2525199957479362 0.22267609662811205 0.20497402667183912 0.16128950867493777
1 0.27058408272127743 0.12455406593144192 0.17946384364130097 0.15196989465236516
0 0.8337234877028505 0.5403433776368776 0.2453117263722767 0.2575058770795643
0 0.8398129595331995 0.2193999390302178 0.2869887854658308 0.3322309472370124
1 0.330934101178853 0.8348774738860165 0.09438747091226496 0.09511864907900422
1 0.2889374040634893 0.6861235045603943 0.14059279121570664 0.1116198244949171
1 0.3223400933029452 0.760137557211919 0.12729556576151388 0.11926816660722003
1 0.2803593716417743 0.6206626624480913 0.14719347758022466 0.13563287712414934
0 0.35470631208917824 0.799474987054471 0.07777405575957416 0.062141991191307075
0 0.3345051245167122 0.7153323773916597 0.09441942182065048 0.07656049995541495