1 0.6778255228220758 0.5001475131044683 0.12111114126984165 0.1415843275747511
0 0.5792636027131788 0.20050965607235288 0.05238212523071262 0.0889413864894796
1 0.7973088170819513 0.9077177860834276 0.09144462523071262 0.09144462523071262
0 0.6946589767072737 0.6778417165282409 0.07980621838316751 0.07980621838316751
0 0.537326426587302 0.2017124082318212 0.05394462523071262 0.08904151603912895
0 0.7533375740217816 0.9500263995939479 0.08056768198597268 0.06740634793281686
0 0.5054651573089706 0.21445343768918548 0.05757027297895938 0.09705427513842757
0 0.6535519177925451 0.7405629595884106 0.11794656847545255 0.1164841980251019
0 0.5877908081395361 0.5278336196751583 0.09611114126984148 0.13998225478036197
0 0.5836585248246606 0.8154442412052433 0.12918445712440044 0.12187260487264702
0 0.5101652583241062 0.5913268183185689 0.13625408235511322 0.20791023442229636
0 0.32451554595791854 0.20752590992986422 0.11722467766703622 0.1537839389258032
1 0.5402868614987103 0.9216507630306392 0.18511308451458142 0.1566984739387216
0 0.412096800581397 0.6636245180417137 0.1752164528054637 0.20885097316352946
0 0.24577927667958707 0.21726305289774883 0.13495239820967192 0.18759773442229638
0 0.41806021051126124 0.9614555390180882 0.15142040252860856 0.07708892196382351
1 0.29824265653377824 0.756695792718716 0.1997553778516063 0.22754041640826922
1 0.11921677667958708 0.20915255937615385 0.18755576650055428 0.2314268800110746
0 0.208627048883354 0.8637690106404581 0.17916347316352937 0.1733139913621266
0 0.035291162089332556 0.2714639898209672 0.046350973163529395 0.1648029796419344
1 0.8204264281284616 0.37001632942045243 0.061256477482465856 0.08172966378737553
0 0.8746468653562218 0.6940441147379127 0.03385336829088246 0.04262759099298634
0 0.8625869563492081 0.724392948791069 0.046954145588778216 0.052803627390180984
0 0.7469283713732013 0.388647611037285 0.0353157387412331 0.041165220542635786
0 0.8514584916666685 0.7571355976190497 0.04372901603912886 0.05104086829088228
0 0.7813102706626074 0.5487933690568495 0.038340609191583754 0.0398029796419344
0 0.7381436566906616 0.42154045418973973 0.046253238741233105 0.04186612739018099
1 0.6684762970376527 0.20856079040236422 0.08493380937615384 0.11125647748246606
1 0.8671812260889649 0.8810737453672963 0.0778432001845701 0.07345608883351815
0 0.8312053508582522 0.7931837191491345 0.05662953423772628 0.05809190468807692
0 0.7586633150793665 0.5839100462624603 0.07129281153562221 0.06836807063492074
0 0.7097578408361029 0.4399504927464027 0.046954145588778216 0.052803627390180984
0 0.617945370911776 0.2092128300387613 0.04845608883351815 0.07624112739018099
0 0.8087283759966798 0.8430940815799207 0.06287953423772627 0.05849242288667433
0 0.7352048311184954 0.6306453439184219 0.07345608883351815 0.0778432001845701