1 0.6508265829872233 0.528707743206942 0.13519378916129607 0.13868553248413756
1 0.6629972264365757 0.7634994054579941 0.1029677580585183 0.09082838584218215
1 0.6217691103203243 0.11303066870483795 0.09249914976444433 0.07800100362819709
1 0.6034040703105565 0.47428562723502565 0.16263528397749988 0.131855179126093
1 0.5774014790284737 0.7625941590861911 0.14872860885972194 0.16875497840045348
1 0.5164016477846769 0.43604407197021533 0.19497889227157367 0.14544645317271013
0 0.5138659508004182 0.7321006164352525 0.11861188190398124 0.127202395460829
1 0.46258216361888954 0.3390078700634495 0.20843579952888866 0.15682046279135697
1 0.4426546236091218 0.7003173922959681 0.1818145109332404 0.17302581614940155
1 0.3495148185671302 0.2603967751429255 0.26034961404351814 0.18044150126594435
1 0.3015504614508346 0.6483878484639032 0.2821070368522219 0.21547126569391467
0 0.17567075810500116 0.5826859813108605 0.25138471715379596 0.18480161905195924
0 0.10318555991972256 0.4448263719623661 0.20637111983944512 0.2124355457309816
1 0.8915588897261586 0.5101759648991557 0.05539012902925933 0.04555060217691818
1 0.8806316601785197 0.5549527515596445 0.0582417269557407 0.04253472958157989
1 0.8722025884538436 0.43763876598761475 0.05308533524981485 0.054816474772256464
1 0.8606396633360657 0.40065712115975793 0.05212842799249984 0.04387897477225659
1 0.8687864795941216 0.6013193200712987 0.06361273213953708 0.05051092068857255
1 0.8512837871815286 0.3651561307784047 0.05695262902925933 0.04560516587924912
1 0.8363908105086117 0.3306273633552096 0.06177683006601846 0.0473313569862416
1 0.8432286964650937 0.5017384715225777 0.06728453628657398 0.05687004809323426
1 0.8271032848724543 0.29434512297385645 0.07564384043361087 0.06339286660488845
1 0.8277205651267602 0.47424095409938244 0.06619092799249984 0.04437004809323426
1 0.8190775884538436 0.4394939318668639 0.06884703628657399 0.05692461179556503
1 0.7997786587179172 0.2594716151693081 0.06314384043361088 0.06295635698624169
1 0.8034033617809268 0.40499244629483416 0.0681047425071295 0.06624504809323421
1 0.7793191872287968 0.2173486025554364 0.05988213939685174 0.061284729581579975
1 0.7876997408101859 0.36192449257396986 0.06796804147037036 0.06468254809323426
1 0.7594741618754632 0.10588531289972265 0.05316324769092588 0.07351191106992565
1 0.7570840193210655 0.32015614402524867 0.0774797425071295 0.0665724303072194
1 0.7640996881237514 0.6672841151693081 0.09175685598499986 0.08732143992586625
1 0.7668932059842144 0.7154760785088193 0.09439384043361106 0.06404763103285874
1 0.7358514426954169 0.13552817288118918 0.051249433176296225 0.0516369110699257
1 0.7359506045708801 0.26793144511370776 0.08244064458064812 0.06986112141421189
1 0.7424393016016216 0.647790070704271 0.09433505183796279 0.08118056733052796
1 0.7005188269084724 0.08535704729062603 0.06884703628657399 0.05692461179556507
1 0.705237138265556 0.21837787841615203 0.09921804147037036 0.06577382213985139
1 0.7175561702632882 0.6206199354950609 0.11302626324231468 0.09896826805616747
1 0.7084956541462516 0.7954016806857375 0.07232335080120364 0.07885417549789615
1 0.6700801797359264 0.15729653467675428 0.1180459539114814 0.08512402286549077
1 0.6878194435903715 0.586609523244009 0.13492038708777745 0.13556053248413757