0 0.607496543142234 0.47649824782192196 0.17161673610255299 0.12504076708875883
0 0.4839117974919115 0.7641680808914477 0.0943671518694554 0.09317098997087019
0 0.575052741277423 0.37768266310304355 0.20814623195336796 0.1338989415410806
1 0.6332716734405723 0.15701246192854462 0.26882362282516115 0.15281407759274238
0 0.39572655848957367 0.6880027344940869 0.13771533278320494 0.13029055674305995
1 0.5056776244755464 0.2496054757185982 0.3198659045687478 0.1885984648980455
0 0.26644272280658365 0.6169053213245362 0.15812292116548726 0.15271112602253217
1 0.11028261410258419 0.5705889478092867 0.22056522820516838 0.27980247492717536
1 0.8139311842145199 0.7487155432822107 0.0701241684661948 0.06128449247815269
0 0.8333099914779156 0.6686332381885035 0.04166728174358667 0.035511602665567035
0 0.838921374051339 0.6359116664017488 0.05307837842423879 0.04207985141192587
1 0.8200305867086751 0.5648944727490972 0.13137024440092243 0.10827916442319178
0 0.8061331074545997 0.6036387240027385 0.061127676764564765 0.0454321719450391
0 0.7581081593194107 0.7001129072305489 0.05859467261537983 0.053153743731793844
1 0.7007422547506629 0.8785274122451139 0.07334425684847723 0.0832049565847754
0 0.7824373435571526 0.48237147776366224 0.09498245850815117 0.08071645407749273
0 0.7263379410629971 0.6647376968848497 0.08177206348717299 0.07097774122451135
1 0.648209250601478 0.8691691326199426 0.07249215186945542 0.09253449247815268
0 0.6967814182424803 0.6208142006457735 0.08970296265733602 0.07276756175762475
1 0.6079869923031083 0.8523393337944416 0.08991645020978148 0.09615959765100186
0 0.7436484533100591 0.4052945007249158 0.12417305103961844 0.0955973079967011
0 0.6644434375385122 0.5619332941401405 0.12417305103961844 0.09559730799670092
1 0.7195024035198405 0.3106352185924622 0.18075493776222676 0.12218855172849494
0 0.5585799107693031 0.7913958221159592 0.08151195435896633 0.08811977711788863