1 0.69456462889932 0.3924829071070133 0.1179147287263694 0.1277275693385418
1 0.6102548240554186 0.8085638084175344 0.09759313836728971 0.12569229065319468
1 0.6512004482793566 0.3255142658644786 0.13831813231716553 0.143825348023889
1 0.5803355198988884 0.7694110426499648 0.11474427693097126 0.11984233415618065
0 0.6651891836450254 0.044170787092551816 0.05988406010845857 0.08834157418510363
1 0.5177355259490127 0.753678246297187 0.13218630698520073 0.1639923776591667
1 0.5827908158639952 0.25131500608083285 0.16190107806243947 0.16937086189159736
0 0.60648634933607 0.030417738222777536 0.06289088544042354 0.06083547644555507
0 0.536055674668035 0.014493685411110901 0.07211134933607007 0.028987370822221803
1 0.41599121876742035 0.7247921397239232 0.19660333098930566 0.22642094889756964
0 0.4768266412941561 0.16861356848552045 0.18212267447164332 0.15421864057694462
0 0.3384792971244474 0.6976860854873609 0.1430965359079618 0.1595594507974308
0 0.39346871974937897 0.07679105081808994 0.21015677088084708 0.13924825721819462
0 0.31190510236113217 0.029758275551215196 0.2331852047222643 0.05951655110243039
1 0.21330658030193467 0.6709079927818054 0.2626646682251274 0.30294838772715293
0 0.08210605639602545 0.5481634366453819 0.15908515027114647 0.2224231267092362
0 0.7752697282353901 0.4312349761612146 0.08945338544042354 0.0692604526972918
1 0.7826777072563471 0.36152188820531184 0.09880111436318462 0.06479115824437506
1 0.762347547419035 0.49326285068624937 0.0941136143631848 0.06468205547083343
0 0.7666890928931623 0.29938556411711736 0.09722043364502539 0.061629790653194585
1 0.7718260447867563 0.24222702754798547 0.10348861436318461 0.0649002610179168
1 0.6728366372871353 0.8211716047703119 0.07399201190385671 0.09702177678548622
1 0.7555874455488821 0.13712195345979103 0.10981133723582168 0.07754573138263895
0 0.7495874304235717 0.18023617382451323 0.09247839149054773 0.05214568787965286
1 0.6608360861556671 0.7730068617041661 0.06142837939029935 0.08579333605604163