0 0.8062652632005054 0.8855150466533281 0.16991773392387763 0.12770393725029905
0 0.43961612208101153 0.15013416384762207 0.10836007310482607 0.11325096124283189
0 0.421007947745374 0.2655639258438884 0.1555088596572391 0.16892994463261699
0 0.41529835528598513 0.47214451963550524 0.22638103071443613 0.2617182533582245
0 0.4312905756932768 0.7032292724038743 0.24278123173825067 0.2716340805396264
1 0.4753363249743726 0.896168528273547 0.2415288121477765 0.20766294345290612
1 0.7392092580525184 0.31071038398541684 0.15696471126195988 0.10591910822331796
1 0.7604096564477976 0.37677104480774865 0.1721124926953003 0.11874960268657961
1 0.7044417251524552 0.20890756049517384 0.11964394737146478 0.07160428842423379
1 0.6875945504429083 0.1711822323909822 0.11354898757622749 0.07232545755167305
1 0.7105003910905795 0.25443039321331395 0.13838184941909368 0.08954294832377592
1 0.6570070540952582 0.1192742425416691 0.12026410819051633 0.07785428842423378
0 0.7480817269930873 0.4545054694719262 0.14008729167148584 0.10673044832377591
1 0.8443090205052052 0.7950551945566039 0.22925644006676507 0.18194058238520583
0 0.7543487573336141 0.533201386753786 0.15851511330958895 0.12154410822331804
0 0.7742071180836667 0.6168101321398375 0.16022055556198112 0.13873160822331804
0 0.7959320102670597 0.711461543884959 0.17490321638103268 0.14687460268657962