1 0.627580132488229 0.7229204975034188 0.15633646713794036 0.1648362732943564
1 0.5465020628129562 0.9554278356902058 0.11885626663882576 0.08914432861958836
1 0.7643914072381669 0.2872870515798554 0.1031892445922555 0.09327280407643661
1 0.6050400488774977 0.6435865503320697 0.18231550457555096 0.16106598918451062
1 0.4656278381872919 0.9109788124997475 0.17189964559048398 0.1780423750005049
1 0.5363332824464678 0.5607308167630995 0.21985752662212138 0.18160839891824915
0 0.4171186168893929 0.858520609608455 0.13627367637256427 0.14902338560718853
1 0.5244921008739549 0.43432408215413976 0.2352328173874973 0.19698368968362506
1 0.3627969925132857 0.7904047824454581 0.20842060815287322 0.20842060815287322
1 0.4482447662232339 0.2971764234603911 0.29098339891824915 0.23006812146393402
1 0.24922643427689017 0.6647459640179709 0.31777580865198746 0.26819360607289366
0 0.15591645424348122 0.5330979660979505 0.28190013019944377 0.23231792762035006
0 0.13084149656833682 0.3490344968800308 0.26168299313667365 0.25615100249557143
1 0.8636721863568695 0.827706787436601 0.0609177004991146 0.05525116306150366
1 0.8348067468810406 0.8667791871870438 0.06531346921791972 0.052563759983295454
1 0.873111430949125 0.7434776530771983 0.06023039434269819 0.0644802974209064
1 0.8771227360655512 0.7005089030771983 0.05920933485851663 0.053542797420906396
1 0.8057954417646143 0.9074140869374867 0.07243866306150366 0.06252222254568487
1 0.8824777427210817 0.6600297687177956 0.06418856613971151 0.05710539434269819
1 0.8818015478375081 0.6166234217960036 0.06902193178030913 0.05910549126449016
1 0.8203498835282186 0.7937162510389799 0.07614712562389281 0.06906395382687958
1 0.8871565544930384 0.576144287436601 0.0846889538268794 0.07760578202986608
1 0.8166006104416585 0.757903605656292 0.07185520049911424 0.05627222254568487
1 0.8218097514565915 0.7189869712968893 0.07614712562389273 0.0690639538268794
1 0.8751262737109581 0.527737698210329 0.07375145382687975 0.07658472254568487
1 0.8203523065730177 0.6755076915547986 0.0787306851080742 0.08014731946747666
1 0.8722732054912669 0.4738833700073425 0.06877222254568452 0.0730221256238929
1 0.8227491898924308 0.6245076430939027 0.07858481946747667 0.07858481946747667
1 0.897932023918754 0.3509774107727184 0.062126647670463345 0.08479279742090622
1 0.8108857857742329 0.5658718710473322 0.08825155074867146 0.0825850133110606
1 0.6808782743353557 0.9201823841505969 0.10591866971703397 0.10591866971703397
1 0.6642730253753455 0.9654864034938001 0.10358481946747684 0.06902719301239983
1 0.8640045205909889 0.36829966514047324 0.05852202870210092 0.06277193178030896
1 0.8113245942184246 0.5020800913052416 0.09323078202986608 0.08614761023285275
1 0.666243423045809 0.8912341121040264 0.10816847587345002 0.09683540099822849
1 0.8498913103163751 0.2999971618127081 0.07614712562389273 0.0690639538268794
1 0.801607152662616 0.43734018489926835 0.11012655074867146 0.0846271322794232
1 0.6543379968810406 0.8499317056980532 0.12754396048240987 0.12187742304479912
1 0.576990612313842 0.9871314937600616 0.08443924459225531 0.025737012479876854
1 0.7925671175127807 0.35690234567299645 0.1323353040764365 0.10683588560718835
1 0.640036898919259 0.8005250680108853 0.15448223585674548 0.1615654076537588