1 0.32201710970007247 0.5329193986314562 0.16641641614550357 0.16889654535327187
1 0.10241484811743193 0.6285698953294092 0.06051137281429608 0.07716248400699968
1 0.12446233366306077 0.6431772879933184 0.09697647396298832 0.10879429201145392
1 0.1511973192086896 0.6577301366565914 0.13033686413529216 0.11386360001590834
1 0.44258326576261275 0.5604620486155477 0.2445617195915805 0.26342834269572607
1 0.19614456630505298 0.714315943984728 0.17203735545628826 0.15023745202099903
1 0.6226258813656762 0.5747956265913671 0.29855929183153035 0.3249112827020893
1 0.2582590171665722 0.737062553310001 0.22394482654754597 0.18048857336090798
1 0.9639712066049807 0.45855881520532404 0.07205758679003864 0.22163973734881742
0 0.4103491255264971 0.8268233926241383 0.30085231206126883 0.33117946403563475
1 0.5323763220485144 0.86686604260823 0.3690138294192765 0.26019534937936156
0 0.254180231142315 0.3005796133036377 0.0775162427568615 0.07579997867599957
1 0.30809662565412077 0.2866529259627745 0.09395293350351146 0.09627611067790856
1 0.5135349276962382 0.20368424260027576 0.10056819361838051 0.09947383601209037
1 0.36684256496490547 0.2671938539545021 0.10700082367581523 0.10110906134627218
1 0.428612044735167 0.2602166006126843 0.12252436413529218 0.11377269334818116
0 0.5765828178685422 0.207644489258458 0.08845374275686133 0.07592724801081766
0 0.6269480779834112 0.21018768658500378 0.07366072252712304 0.06951361600890867
0 0.5022626155392516 0.28126434993636656 0.10038556356094616 0.09791133601209037
0 0.5671063655392515 0.2805098245942306 0.10424108379068446 0.10419769867918127
1 0.6192776299936227 0.26503881858691275 0.13471998551372302 0.15136360001590835
1 0.7095779551372093 0.26789964190804966 0.1240665751116806 0.1403170120146357
0 0.2423600504467224 0.554186418642592 0.14143670516911522 0.1420795066836355