0 0.5435867393354709 0.739241658222085 0.07713311929679456 0.12779468418002082
1 0.5856378902640369 0.2784544696154253 0.14834693171356098 0.18878557011286307
1 0.4864053368182466 0.7816061625818465 0.09840711191447689 0.14884689469695012
1 0.49833302893941556 0.21925547395289416 0.18731926074054234 0.20432749114672202
1 0.39289575963684464 0.8084544388518775 0.13061860453215904 0.17124206134875522
1 0.40108225033293426 0.1597410089870332 0.2037556008410002 0.18944220166365144
0 0.28373099302662974 0.7803679782680705 0.14834693171356098 0.18878557011286326
1 0.2884317998306447 0.09064776978612032 0.23843110453215913 0.18129553957224065
0 0.16893232851313908 0.7998418422460581 0.18912208423078533 0.22913564027031122
0 0.1174281214753083 0.08203867325832469 0.17914627550517775 0.16407734651664937
1 0.7667230403458264 0.4229491802438174 0.06051663590700951 0.08426422804514519
1 0.7446076175272284 0.4102978688281846 0.06667646493399068 0.0957772806743776
1 0.7051251473894335 0.6978937942663901 0.07208513406142991 0.09029468418002082
1 0.7164976129132797 0.4022242854799896 0.07908629396097204 0.10805773680925305
1 0.6478084884126811 0.7241398249407676 0.07460912667911224 0.10904468418002082
1 0.6891687589709761 0.35410125476102694 0.09858745386051418 0.12735559644977174
1 0.6423387451291303 0.32527608368258293 0.11141794832377591 0.14276105258464736
1 0.5819581603084896 0.7452869608736099 0.09275811929679456 0.1297131929441285
1 0.04861863657287804 0.7990427456625311 0.09723727314575609 0.2573971051692947