1 0.6559208199965664 0.759100028499916 0.1617821290666864 0.12734873986054146
0 0.6621663991537858 0.09349109001609784 0.07396961206045453 0.06396394703379286
1 0.5674578493262677 0.3057893582013282 0.25173992737425815 0.22801501139996638
0 0.5595777194791207 0.09560025721259245 0.16915543895824142 0.12477004307885002
1 0.47747055064895305 0.40857051475416106 0.3473902790009328 0.2811178680886853
1 0.3333489478720749 0.461925471675311 0.390380155356495 0.32280262353656686
0 0.4203547527111244 0.10675128863937458 0.24070950542224873 0.1715464901126429
0 0.25145695325334916 0.11041224815841459 0.28416390650669837 0.20552800620418626
0 0.18288012984714694 0.22242629307885 0.22385985704892328 0.2167825804577168
1 0.7962924312765604 0.7341050183604573 0.09335306260267924 0.08079081411407181
1 0.7609250452676788 0.7741783613034213 0.12140205874135149 0.11524222376899793
0 0.7356759073281334 0.831204257464694 0.09047299227734448 0.07130655347041034
1 0.7691386909298797 0.6509811619238399 0.14725510433779904 0.13406863342392406
0 0.6962586376107769 0.6938463690970915 0.1299240131449043 0.09881954827463027