1 0.3898621304072397 0.37279757142206116 0.11737781073196692 0.13959326805616729
1 0.1366951083606692 0.36439482749732893 0.08810568510807411 0.07627481252120454
1 0.15585179450873304 0.3848883767716895 0.1025019384358393 0.09702382213985139
1 0.18140434629739421 0.40672617123672666 0.11768934151404728 0.09288195916315996
1 0.48172819987471655 0.4416988496450295 0.17042118968362505 0.22398811542376224
1 0.20073902038218305 0.47110612976691446 0.14360655740420175 0.12026291469812271
1 0.6303028772872705 0.5219443664352525 0.2063388901827393 0.2750793894703793
1 0.2491357098580121 0.510957314250485 0.17773184816957768 0.13547125244707062
1 0.9811355471087074 0.5798609823223508 0.037728905782585184 0.19675100362819703
0 0.3404405393087844 0.6410143472827767 0.20550571838572598 0.28283732576804843
1 0.4140683500407514 0.7748238628918734 0.28894370299468564 0.30911213828925277
0 0.4305453173874973 0.1621031188823232 0.05695952870210093 0.059613102176918266
1 0.4839101268716786 0.17121273485423955 0.06666828202986608 0.0801984206885725
1 0.6936188801994437 0.18426826244423572 0.07291828202986608 0.08041667549789593
1 0.5418165707152625 0.1785961597191633 0.07902241638926881 0.0790724303072194
1 0.5984003240430277 0.19699893013758335 0.08941847587345002 0.0903373125212045
0 0.7470986445504942 0.2114011921184829 0.06789702870210093 0.05999504809323426
0 0.7882761963391554 0.23269334956021154 0.0566677974209064 0.05648810217691817
0 0.6511408604406487 0.2414012053653268 0.07291828202986608 0.08041667549789597
0 0.7075268263308032 0.2660812576349123 0.07491837895165805 0.08515873920022674
1 0.759183270174387 0.2736829373091595 0.09321098252898033 0.13096231252120455
1 0.83626741118932 0.31018094329960927 0.08281492304479912 0.1196974303072194
0 0.3134034740012665 0.35979162913394225 0.0997106917636044 0.11717263103285873