1 0.8079958237239675 0.4814228504528527 0.12777295918704362 0.15912576310157683
0 0.8447686046086311 0.5682365258687656 0.09825440257019631 0.12773929820259333
0 0.139255033460904 0.19593943851748966 0.0480198595576681 0.04599682453950207
1 0.8937879704185658 0.6138219556667324 0.12669841727430153 0.1929252104723444
0 0.16861880074124896 0.23278080692211617 0.07317936690972049 0.07993273680925314
0 0.19494203971317042 0.28349282445033197 0.09669662058574668 0.09824364907900414
0 0.21818251453088006 0.3409483156639316 0.0907750713209519 0.100601245573361
0 0.2568462461507491 0.42482884195625525 0.1174970786730043 0.1347290087195228
0 0.318945118762843 0.4965515305183299 0.13755616359827502 0.17883501748363068
1 0.3965868786911356 0.5709739778445124 0.2556256720501134 0.3336846753267427
0 0.04990749807537453 0.45068332451720955 0.09981499615074906 0.1159790087195228
0 0.4895369829230985 0.7256179383168568 0.19585190366998245 0.24922859640518666
0 0.05920628291101101 0.5629914736407987 0.11841256582202202 0.19632314027031122
0 0.5598284781472863 0.862444460204834 0.2023458827136114 0.2669916490344189
0 0.6518236709805463 0.9066128551024171 0.22948081249244545 0.18677428979516578
0 0.08659934578012457 0.6962687543151763 0.17319869156024914 0.2458840525400623
0 0.1413694110522536 0.830847451641359 0.22150408712484268 0.28785200867493754
0 0.28657171656931474 0.9052941687871006 0.20300750219957192 0.18941166242579896
0 0.4157736174898322 0.9617275963828942 0.17613070551101745 0.07654480723421173
1 0.5044999108488101 0.17668796465376557 0.11445655036458077 0.120474657843112
0 0.44269904816500877 0.16989110503553945 0.06059961323369425 0.06296478067437761
1 0.587692533460904 0.2510006400473859 0.11066993087862009 0.14314475433746887
1 0.6488810895278581 0.28621027598022825 0.11634278308423589 0.1530953069667012
0 0.6947004196773168 0.37730005665460586 0.09998112793779904 0.12949364907900413
0 0.7373079191274237 0.4387161838233403 0.09743327573218341 0.11992679820259337
1 0.13151285110582972 0.11902092975338174 0.08912809962937551 0.1142800438205394
0 0.024510975555936742 0.3641574254159129 0.049021951111873484 0.09807949119130707