1 0.3168701013733569 0.403125 0.10465476246066618 0.096875
1 0.444368757224572 0.4140625 0.11599443221746189 0.1
0 0.5241188050214216 0.45 0.11034768685265525 0.1046875
1 0.6188280503862281 0.4546875 0.11023896002862302 0.128125
0 0.0007245567667863689 0.58984375 0.0014491135335727378 0.0609375
1 0.7099408574534648 0.48125 0.08338301709585956 0.1015625
1 0.0350336485979745 0.59375 0.070067297195949 0.103125
1 0.1144912840128256 0.59765625 0.2098040527324935 0.221875
1 0.8027479808583253 0.525 0.1160867902718273 0.125
1 0.24428751083685799 0.62109375 0.16995358198856908 0.1671875
1 0.38599685179536375 0.69765625 0.20567362834050423 0.2140625
1 0.5370499188554447 0.75625 0.21286650493564388 0.2578125
1 0.7136518771387029 0.7984375 0.2093229664091812 0.303125
1 0.8391627737195311 0.81875 0.14190457127326753 0.240625
0 0.14904807283973853 0.38984375 0.05920372537911796 0.059375
1 0.2010901955221418 0.3921875 0.08561131952790288 0.0703125
1 0.2612464455221418 0.3921875 0.07547815904149431 0.0765625
0 0.3676595357581903 0.42734375 0.07507598928469861 0.0734375