0 0.27116457714481357 0.6500013146606187 0.07550713939685175 0.06142088479802066
1 0.2890656851560637 0.5874020262599589 0.12519407257314796 0.11273934389007838
1 0.3806291770975453 0.5027889970304991 0.1349791756834257 0.1176996285298145
1 0.43471179288448986 0.45293140102884966 0.151834485014259 0.1322167695960413
1 0.5292827076346752 0.40269337179938997 0.17466639227157382 0.14379076708875882
1 0.4177920267209704 0.9521769227697157 0.16458876324231464 0.09564615446056876
1 0.6121547047599531 0.3256200579301941 0.16140497464666642 0.11691001834240007
0 0.5152138308680074 0.9562369427947217 0.12267466531583313 0.0875261144105565
1 0.7070872044771292 0.25279397486066835 0.2521270109332402 0.17409804420664754
1 0.8419126808672219 0.14606190472326636 0.204959485014259 0.13376254922121245
1 0.17213104632485982 0.6759523977301444 0.06144463939685174 0.061011707838416564
1 0.20678971885073955 0.6356600183424 0.08238185598499985 0.08655727711788863
0 0.20763861083948942 0.698804876022532 0.0705462373233332 0.058159492478152684