1 0.8397180420950041 0.34384902452456934 0.18105953756341756 0.14870905773721602
1 0.05652887738839095 0.37753419482303274 0.1130577547767819 0.16280237884037313
1 0.7812246355131576 0.4582524297438889 0.20518902057829855 0.17029563140062187
0 0.01461088241036804 0.5242418658273678 0.02922176482073608 0.1483912683452644
1 0.658923749387012 0.5321288164767697 0.20084666005242902 0.18711911035393455
1 0.5525165162495332 0.6726088742845729 0.26662804115659744 0.3322187787274336
0 0.4160732355046828 0.8039715373258132 0.22288485742308026 0.2737846524473092
0 0.28110148370809285 0.901095708259561 0.19963441172642132 0.1622101156156063
1 0.589678848562728 0.04154145683826234 0.11422569737065125 0.08308291367652468
0 0.5388168519107127 0.08970463999900136 0.09999147966689641 0.07568181043863911
1 0.40809137738839096 0.12759031882525704 0.11109899330403046 0.10582433674699834
0 0.48040163588095036 0.13346932152668015 0.09113504091140215 0.09379477360693614
1 0.31712294198088137 0.1639366134788806 0.14460347631891182 0.1279569419804353
1 0.9131367973621763 0.18588533510438282 0.1334925545485362 0.12575740514873238
1 0.8680053874323452 0.2498337140153431 0.1800207110077853 0.12536256299888784
0 0.24855914425091216 0.27116455552990304 0.10901281985966271 0.12898882096198286
1 0.14917123264708845 0.3134346264918859 0.1185595375634175 0.14506884727034208
1 0.0964706112190814 0.9491068159826597 0.16961029258539456 0.07352704721387227