1 0.10448666959226419 0.4738608300262145 0.08857640507947591 0.12967727560027562
1 0.051971794001701 0.5077215289482605 0.07327878729346105 0.13731805789652096
1 0.6053646341129018 0.44307060097230594 0.15282244355406327 0.18661414641529478
1 0.5568477777596321 0.5022781434351029 0.16090776206571747 0.19529375526717221
0 0.8605060018989164 0.4620500604286965 0.09400794954451328 0.10693346268177777
0 0.03804819245775494 0.576994350359318 0.03855655771188108 0.07898870071863602
1 0.46512655842967127 0.5722548763273865 0.18976193756361343 0.2638669253635554
1 0.8172520536203478 0.6051114855470567 0.20843752649368774 0.21924640837843654
0 0.42168907167651515 0.6654897232161222 0.1396875264936878 0.21161585048191559
0 0.33616328864422346 0.7345976431899077 0.14744546279135698 0.210920459333793
0 0.804801672039335 0.7165718069581141 0.13009427168436433 0.2043253198596627
0 0.24579623818873647 0.8210673369673792 0.16087304573098155 0.23887033349679676
1 0.15398324962148185 0.8545982330148811 0.17750003974053175 0.2908035339702376
1 0.7315129941791862 0.8018241402097157 0.24496035825218598 0.32913826555632175
1 0.6142659851935116 0.8703710937859462 0.24915678493120835 0.25925781242810764
1 0.35095250805900235 0.9568441956966588 0.19606152286549072 0.08631160860668245
0 0.5137426847380246 0.9526667366080611 0.16735616950744614 0.09466652678387781
1 0.4477728450053421 0.25359243924588465 0.0760565577118811 0.08315082320764748
1 0.39468505054030495 0.27104688816793066 0.06372024881887359 0.08645094904464364
1 0.36002979754508 0.3037769374492947 0.0924454495445131 0.10676004091140223
1 0.26921631378714883 0.3551770921119538 0.09110120435383653 0.11283661914102679
0 0.22759429817805224 0.4112587825414404 0.07493056733052797 0.09547740143727204
0 0.16586811369448165 0.44876645084123357 0.0927182680561673 0.11457254091140215