1 0.6388394339977829 0.8122571088805062 0.12774307063492074 0.0794356761762696
1 0.6526360417958654 0.048044175787903196 0.12832286397194573 0.09608835157580639
0 0.5624721167497229 0.053644095363920175 0.07063147748246604 0.08463668860004211
0 0.46238247918050907 0.08919287826398334 0.0975339389258032 0.11680483187624864
1 0.43380358960871046 0.43825053908303496 0.2284625663159842 0.17326812866680713
0 0.3416101017903281 0.1446484137235829 0.13497338217054294 0.1438082565857955
1 0.3042686790605374 0.5698749250545417 0.2886781755075679 0.2165046162430347
1 0.1883561775193779 0.7311989089784194 0.3167636027131787 0.19445038013352978
0 0.19109086520856336 0.24031715276653332 0.1599128254152828 0.16957135965723913
1 0.13670674776670252 0.8726403362475027 0.27341349553340505 0.1755574378811378
0 0.08560517967423362 0.39187248720231826 0.17121035934846723 0.16719736477631192
1 0.8601670280730882 0.45959946267085394 0.08731832973421945 0.0785296308524341
1 0.8336057256367647 0.5227850456399161 0.08691781153562203 0.07227963085243409
1 0.8065134970745647 0.5821418987113598 0.09356832973421944 0.07914979167148566
1 0.6918526149040216 0.7239346326352374 0.11514294108527157 0.07663285453816648