0 0.38251166625800803 0.35309360492400804 0.1711625681856704 0.15925430372251173
0 0.03278831530688904 0.36821476843733186 0.06557663061377808 0.1161491599070276
0 0.43746696721336437 0.4097153094993695 0.1923421770375477 0.1684871920901143
0 0.18452220525022273 0.48166599119792364 0.2105719117264213 0.16511081981405518
0 0.48418047390933394 0.5056726656838852 0.19928416005242897 0.18912747402109958
0 0.21769603335724966 0.5948490522099025 0.2261917995265592 0.20806314431968734
0 0.5544198955571117 0.6131631015698134 0.19824192536355553 0.19370571337743775
0 0.2586806573976559 0.6935325706472344 0.27410903421543276 0.20676272427320103
0 0.3535749395713035 0.8163530755909129 0.31732684043796144 0.3028071977900975
0 0.4579205117179466 0.14162087336133994 0.07516830957051326 0.048666728964778104
0 0.4945559589660002 0.16774097694796572 0.07742449665201523 0.05502598960843983
0 0.5224250864769887 0.20300113375290013 0.07915871435577007 0.07065098960843982
1 0.5864017276251113 0.20627931704093813 0.11353030622252866 0.10096120248167448
0 0.18510276841391599 0.2599220311746806 0.11595991507440599 0.1088829631253363
0 0.6280749265471574 0.2568531174092552 0.08575385382990035 0.08816627153942509
0 0.6679229367137092 0.2889500693867266 0.09773188445215304 0.09830609604505716