0 0.3821589767072737 0.6319648786203202 0.062278756939830336 0.04600339067472703
0 0.40415509021779406 0.5847989772835932 0.06922966378737563 0.05701361600890866
0 0.4195507503045418 0.5322370512810479 0.07940570018457009 0.06962270401018138
0 0.3782317427464027 0.6804841946212749 0.060716256939830335 0.045985209341181485
0 0.44432141039128953 0.4795660372772298 0.07618057063492074 0.06802384134309047
0 0.4646851727297907 0.4191279766072755 0.09230621838316751 0.07601815467854496
0 0.49442393506829185 0.3585808279360484 0.10061936613141391 0.08392156134627218
0 0.5235316417312669 0.30038651993159404 0.10747014342931002 0.0933692866804539
0 0.5546326449704695 0.23669618992682154 0.10081962523071261 0.08704656134627216
1 0.44629942473237555 0.7422387599459116 0.1496366594684389 0.14226132001908987
0 0.4964403246400904 0.7072546852721391 0.1200307001845701 0.07009541868236298
0 0.5307361790513122 0.6568183332670485 0.1613961798265045 0.10648745202099903
0 0.5606554140919174 0.5868870939290487 0.1727341980251019 0.11286472135581711
0 0.5951922979605033 0.5036109699236399 0.1944485117201923 0.13497607869190809
0 0.6225477375046153 0.4180729119191855 0.1906621776670363 0.14898403469127164
0 0.6759848156976753 0.33692236191123137 0.2094121776670363 0.14920221069381698
1 0.7145385710963461 0.23092635323841346 0.2756169710040609 0.20774196403563475
0 0.8385729696105599 0.9464235365611412 0.1760198843300113 0.09104426535645374
0 0.888203927353269 0.8668809398870506 0.1594121776670363 0.14862040802036275
1 0.3007413911129581 0.49609156063018356 0.08711807063492075 0.06815111067790873
0 0.33560774444444563 0.4667580492918656 0.041165220542635696 0.03326703333863605
0 0.34585482957733593 0.431456348623502 0.054466256939830336 0.045912484006999675
0 0.3584456647102262 0.3961273759548202 0.05779151603912904 0.04907384667409058
0 0.3808422964193439 0.3552114746180931 0.055828497840531635 0.042805665340545127
0 0.4079671984865271 0.2782762572804115 0.06942992288667416 0.060138616008908664
0 0.3956266872277602 0.3175114799490933 0.061016645588778215 0.05067270934118149
0 0.4278698858711708 0.23504387794400258 0.06776729333702494 0.0585579346753633