1 0.8534611621359959 0.3991716779463889 0.10819420170823654 0.10522812852469166
0 0.7690831620691183 0.5191989676263468 0.16063287712414934 0.15685061006889747
1 0.8421014209669814 0.2816235933826693 0.15676816660722004 0.13789027735075718
1 0.6203745784979979 0.9375219964373016 0.15764434202313282 0.1249560071253967
0 0.7377253901811411 0.4327657259314542 0.15109371923645226 0.1417364464781965
1 0.5823831048571992 0.8759303099053184 0.20111941218058096 0.22376759714984126
1 0.787799622764388 0.189796777274744 0.13500393856207465 0.0857869501693553
1 0.7092869209223963 0.35133548331377196 0.23842756130417014 0.22725308238520583
1 0.4889090347220436 0.7842087594848183 0.24437493847290453 0.27569058238520583
0 0.649297828876971 0.22570458448770644 0.18072583325902478 0.1703121026865797
0 0.6202976534833506 0.13344200822909427 0.15622030696670136 0.12091311006889738
0 0.4054260566768984 0.723797289936879 0.20229821042775936 0.22085292986798155
1 0.31283700834054984 0.889587835153575 0.18892203501184648 0.1744887662772804
1 0.26731196463147305 0.587649755203804 0.38228433316985483 0.37262536527270135
1 0.18516594258744817 0.8009462985749206 0.19996830692211623 0.21439259714984127
1 0.19605705681065355 0.43284219278703756 0.3261174121359959 0.32818438557407514
1 0.11153859175562242 0.7019079898493131 0.07420090341647302 0.1913159796986262
0 0.1645638200459855 0.2764720310419161 0.19199164903441907 0.19948876627728057
1 0.9024088285648755 0.8729096816375478 0.10545290346105815 0.10793246308841127
1 0.8809986092392531 0.9238111927110244 0.11033225433746878 0.11012596124283185
1 0.8840435303399896 0.8297156035333562 0.09805179820259333 0.09771613221585077
1 0.9306901400919709 0.6339221585678049 0.12105021047234424 0.12232545755167301
1 0.8715999163397097 0.7596585217380056 0.14698177186568478 0.14579294832377593
1 0.8480813374181535 0.7057823618384637 0.11734965784311199 0.11721729211539263
1 0.9001690041814211 0.5230147486682628 0.1245866052138794 0.1135814557060936
1 0.8115564383391494 0.6148118719891504 0.1658959297533819 0.16216910822331804