1 0.7469372256233706 0.5097605822224277 0.07385183030538159 0.06730746832111638
1 0.7950076769907982 0.6133279786358019 0.07021664727484342 0.06083894703379293
1 0.7652725085041275 0.5630876780153834 0.06409419303247788 0.06196440445914604
0 0.8277561462360732 0.6909666595780515 0.05395391848667046 0.05193384059717552
1 0.8738176874517798 0.788956045347764 0.0891897878817268 0.08391581411407198
0 0.8482438604803783 0.7421138963364996 0.05239141848667046 0.05182457995351371
0 0.7141248545613246 0.46940337999285475 0.05758910151720879 0.05840236188449897
1 0.56643768515657 0.1732171588217468 0.06033146424430509 0.05393338317182246
0 0.6875146860746539 0.41938160065975955 0.06721919303247788 0.06218292574646935
0 0.8039201624469307 0.655897890888618 0.06058655575957417 0.057058383171822415
1 0.6369409880412062 0.332728552637231 0.07216178454774677 0.06563570767745457
0 0.659198496376156 0.3770084303611718 0.0722893303053814 0.06719820767745466
0 0.9181572320014663 0.903914409830153 0.05564396424430527 0.05360560124083733
0 0.8939386109394203 0.8641581411407195 0.04862868969849785 0.04379355866619008
0 0.8758264686655469 0.8325967847041023 0.045121052425594145 0.03888753737886681
1 0.5973844094028149 0.27636393815484195 0.0807395590935542 0.07555701089576328
1 0.5604426477338853 0.2139678449597764 0.06878169303247787 0.06229218639013112
1 0.6436681886597277 0.6625581642696284 0.1820467097023773 0.15565941015912904
0 0.7578414853354463 0.9097934332111635 0.0829397878817268 0.08347877153942491
0 0.7825543139738377 0.965120071578766 0.07085437606301603 0.06865144703379293
1 0.47381910576927255 0.34229530473091796 0.16683629788366647 0.14061356436617345
1 0.43325813652399753 0.26411032057035977 0.1423784318225902 0.1264746547112475
0 0.721393931242862 0.8629677096942668 0.10401756242753404 0.09427415990702741
0 0.5807220363839146 0.576593531097806 0.1426335233378591 0.12959965471124751
0 0.6845956907857597 0.7928137468210323 0.1292407030344176 0.11778806956195353
0 0.502454030923903 0.42663745374218226 0.12742311151914834 0.1145538089182919
0 0.6533139977532819 0.7331438158787827 0.13211061151914832 0.11488159084927715
0 0.530068590017457 0.4984796027534465 0.12598815727678297 0.11600704827463026
0 0.048420750918083906 0.2410838219077421 0.0682712521260319 0.1321676438154842
0 0.07008819895153154 0.32571554802252856 0.09783120636839737 0.13268109604505715
0 0.13746624396026005 0.5611338779760423 0.18341776212797156 0.19148764951546723
0 0.09236142486476628 0.43680051349365334 0.1265619842481845 0.16110102698730663
0 0.34389029776298025 0.9552827157232262 0.1942279742462448 0.08943456855354767
0 0.2807688023049081 0.8702189368943343 0.19473789940087513 0.19693997402109958
0 0.19228077396607907 0.7187714153549092 0.19288835697722054 0.21234645273377611