1 0.8000490800265705 0.26280135859792886 0.07955056699689216 0.1407009892846985
0 0.15571903722249963 0.32475566337623746 0.08786818114108116 0.08585858343348338
1 0.3117121720448532 0.34350859065805545 0.13529114474715093 0.13700254490702085
1 0.07957176013419444 0.3757134451001349 0.10625861621110373 0.1472444322174619
1 0.21181702584996015 0.4208196031187216 0.1424529813887502 0.19073079954221436
1 0.13446681369163233 0.5309512999642212 0.12962764970954974 0.21548353563663375
1 0.004922824649887094 0.7085244814592259 0.009845649299774188 0.23920103708154822
1 0.6740022328410015 0.7348677954505842 0.29572783870851377 0.28034744786840715
1 0.38320414412797843 0.07571111527893747 0.03982878742738745 0.05482603708154821
1 0.4221745988427082 0.0893334508797925 0.06555653349844608 0.07366839513591365
1 0.46977519086099073 0.1010685696494594 0.06428513192686935 0.07971731025751581
1 0.5113612233259796 0.12522623549351877 0.07744010339082212 0.09538848928469856
1 0.5581441780407091 0.13784314670238462 0.08125430810555194 0.07724174391989207
1 0.1563826248975561 0.1771225028898288 0.07195208271265771 0.07759773464950506
1 0.6217507597199097 0.15606062424887418 0.08376287799792799 0.09775532879828992
1 0.10102088275543894 0.21530993119455433 0.05981595574818702 0.08380155562232235
1 0.6807233453280516 0.1904058139913584 0.08234592721213971 0.10067924391989207
1 0.2275619580244986 0.2495016787267324 0.11192641935425689 0.13554877173105326
0 0.05001915488134545 0.25992535486408636 0.05916098428423431 0.06973905562232226
1 0.7359352301504052 0.22212871592983716 0.06486732878371626 0.09221731025751581