0 0.2606127818761908 0.3323511458977174 0.09973621384811918 0.11183006242753404
0 0.49039159690490813 0.31282066952544074 0.11353491327377299 0.09748052000387926
1 0.4115462211869755 0.3386016616495329 0.15521511557115755 0.16278652667183913
1 0.18361399575621587 0.36881454650654055 0.09614449419272679 0.12082242515463042
0 0.11508720386087361 0.42547887681192204 0.10036527453733446 0.1304525166698994
0 0.3474025434588313 0.41734828604555896 0.13354303465220366 0.13625597758022465
1 0.0416345123324791 0.48700605029956245 0.0832690246649582 0.16119233363936125
1 0.2605011561901641 0.4855718696849203 0.15042615603063442 0.17477634364130096
1 0.8509029408742738 0.4458895504202486 0.17307225430759593 0.13019716727872255
1 0.14897517354817186 0.5658648896887997 0.14991885832801896 0.23663861485312837
0 0.07365048426929316 0.6873091971153638 0.13614044792597665 0.22468074879205205
1 0.7485896099872258 0.6128694984536963 0.20020294792597645 0.22991012485506807
0 0.022676502967448473 0.7625480553005323 0.045353005934896946 0.23561824879205204
0 0.6905741692724818 0.7715906652733768 0.1960024566049805 0.1939726248550679
1 0.5595270811422953 0.8666317114900535 0.17534498551372302 0.16288212152108805
0 0.42928162578174456 0.2133465701342639 0.08092533235481914 0.07005715060882318
0 0.37089079486279075 0.24287444453028986 0.09764611269942688 0.08070760818516849
1 0.5467735044033137 0.2408980010387701 0.13879871384811898 0.11501870636839742
0 0.32063713880025035 0.27560706725932593 0.07538556356094599 0.10210437606301595
0 0.6036221243458793 0.2378050808851096 0.06152598264199227 0.07621155575957417