0 0.3368493685829668 0.30150523193708434 0.05142403505643154 0.06504814732681172
1 0.40258414051552904 0.3031062583160308 0.09764040346105815 0.10031778939195171
1 0.5024486756388382 0.3678751426298373 0.1019165087195228 0.10987479991529536
1 0.03771662070711618 0.4163992737481105 0.07543324141423235 0.10315436305535766
1 0.5637708774139523 0.40541366900878373 0.11438881573080906 0.12301183674699838
0 0.02015976545979771 0.44981101322476674 0.04031953091959542 0.04023015785015538
1 0.6304530572787966 0.48142316118686307 0.12176222800056032 0.14515985253201383
1 0.04927171283056535 0.5141164369305249 0.0985434256611307 0.15700740514873246
1 0.7226830967841597 0.5388800744398647 0.09637852624773871 0.1405787683452644
0 0.056441427774133815 0.6102255974821036 0.11288285554826763 0.10268392619541977
1 0.8125011538400312 0.6096637403237024 0.13897542094468882 0.22217737884037306
1 0.29300144310017634 0.21640916609559913 0.05400117541591287 0.04813366311182732
1 0.3390546536393983 0.23932375035293588 0.07760283330361002 0.06347023677523325
0 0.27580109662811203 0.2554184581889739 0.04753163155078841 0.05861613680346807