1 0.6636075760182415 0.4184391457500153 0.15034919728589458 0.14643234396167765
1 0.6519224049633491 0.17284004070706124 0.10485102698730664 0.11913950361804462
0 0.6467574736921234 0.8278451232487782 0.0897616225281606 0.05919129353213615
1 0.6285973355766223 0.8821165434205949 0.11229218639013112 0.069712713703953
0 0.6015499724316157 0.4616812126879001 0.11908848960843983 0.07785276232447202
1 0.584765208104783 0.9393016016520521 0.13551116510280767 0.06781602103089916
1 0.5744747481584145 0.2090475356186786 0.14264595792955603 0.14758540818602892
1 0.555270188154842 0.5511431823847468 0.1753491972858944 0.14774253844375362
0 0.5210273200661566 0.24086077962578475 0.10339778763096845 0.12062011646291486
1 0.4727197681083557 0.6040844759168831 0.1802116599070276 0.1059644742194024
1 0.4548831500196705 0.2929422580290587 0.18400293144645263 0.18244508706427273
1 0.4227740344520007 0.7196143006566839 0.21731817599857095 0.14682849163225703
1 0.3702414441838013 0.002172252374849193 0.1311078883676026 0.004344504749698386
1 0.35872905188092635 0.3756086731124926 0.26220434110137864 0.20989505766563052
1 0.324571117255506 0.8290479336279422 0.2758190908492771 0.13744020352718778
1 0.2580334633005632 0.9203556863414757 0.30139824505632146 0.12476978516439345
1 0.2239877011442922 0.47833196065173517 0.3373571604112307 0.26053686680159915
0 0.14686210845342973 0.5976385606063067 0.22357888367602557 0.21409787878738662
1 0.11639834831397107 0.7450801266396802 0.13708437278026228 0.13483974672063964
1 0.09354499238155681 0.87800881331984 0.07214778763096838 0.11898237336031983
0 0.862307519949941 0.34451256558314763 0.045028276735205 0.04283595318850333
1 0.8597506025013448 0.3752269770485369 0.0662148618844988 0.05640048620519007
1 0.8458791266386602 0.434762429332529 0.057386165102807495 0.06372166327441153
1 0.8302430549830195 0.4802763251940861 0.0569491225281606 0.057471663274411534
1 0.8205838317182247 0.521556422435124 0.06443384059717552 0.05319359905006031
1 0.8050023903844149 0.5678515682966812 0.0699954257464693 0.06593926051544959
1 0.7799366884069435 0.6130755370890166 0.07468292574646931 0.06618492198083885
1 0.7562385643661734 0.11718982700310836 0.06294775025210164 0.07646732473980081
1 0.7568158986822882 0.6636863687262224 0.08304172896477802 0.07440685775648763
0 0.7204138589576328 0.7149932411820311 0.0741366225281606 0.05837242198083885
1 0.7066973862739155 0.14879835312239015 0.08519409084927716 0.12744997060135788
1 0.7062692314857936 0.7706224434660232 0.09968292574646931 0.06749511646291495
0 0.6864280809619199 0.3074673462249852 0.06232503737886681 0.04529921189493056
0 0.6840022034900807 0.3624823948455042 0.06174588317182241 0.0592798247398008