0 0.3710143605296207 0.2298119981330787 0.10472719473518968 0.10369551709585971
0 0.46380703965571374 0.08951025132335785 0.08488592068857255 0.0700324985550856
0 0.39973209365457973 0.41871140789703015 0.167410733209777 0.16153782735337555
0 0.5446478118882323 0.11168541500004561 0.09609623920022692 0.07925259270387049
0 0.5278025630693587 0.18956315109446503 0.10543652286549073 0.1240080170958597
0 0.4427777108076224 0.5568757466881643 0.19440974282842394 0.1774562702861388
0 0.5938070197854479 0.2545603433047711 0.15867065027015242 0.13396990296138628
0 0.45985110500250714 0.6971909349857341 0.20115081614940156 0.19232310979973022
1 0.45458570772757956 0.8479721849857341 0.22280756134007812 0.18888829809730004
1 0.4678346974759605 0.9563197016309182 0.1886309687818068 0.08736059673816357
0 0.6760887517292805 0.37030751161665243 0.1983531983633867 0.20129594004293452
1 0.7466145281381503 0.5080845857797488 0.2502430805773718 0.21730674103006323
0 0.8195634109002896 0.7113086645780387 0.26528772721932725 0.24724150493564387
0 0.792685908453219 0.874219018719668 0.23763395317271013 0.2125730620028805
0 0.7741665430294568 0.9640946400787133 0.20879962504240906 0.07181071984257344
1 0.031882394743038854 0.34547412659513954 0.04538691106992567 0.05250537659513963
1 0.029676315157534293 0.39340891439914494 0.059352630315068586 0.0676194800143115
1 0.09722219646447017 0.20477839441345647 0.0826339399258662 0.09463032879828992
1 0.026082561845823315 0.4421249522031504 0.05216512369164663 0.0672173102575158
1 0.025436476501537054 0.49759370220315036 0.05087295300307411 0.059605895135913654
0 0.11069193022240136 0.2685079931974349 0.0630109206885725 0.0672173102575158
0 0.10865571506879168 0.304344950758236 0.05632441106992568 0.053912970743924496
1 0.09298358585003144 0.34862893685265534 0.09702382213985135 0.10581509270387049
0 0.03071173122604246 0.5587784661087309 0.04420635698624167 0.06324179171674178
1 0.0387611219199571 0.6182770980615212 0.0775222438399142 0.07920641367668786
0 0.09971224628698491 0.42561669612304237 0.07896330290255764 0.07860315904149426
1 0.0882638255984124 0.4837851868526554 0.0872123125212045 0.09210858343348356
1 0.04383423540239371 0.6773966497711073 0.06931548439090338 0.0695841497711072
1 0.08857879492837333 0.5646561066094511 0.10143850362819706 0.09860584733906404
0 0.07605396916032489 0.7435392670958597 0.04684028366526396 0.0495814614735373
1 0.27909224455770437 0.16540315542920822 0.11561013103285873 0.1035406112446446
0 0.3026959248649238 0.09624280128757909 0.06780754809323426 0.07094556489270935
0 0.1275296783234848 0.6402973558869938 0.08861112141421193 0.08762216831188141
1 0.12108621616510003 0.7124508936909992 0.08521330290255767 0.0794074985550857
1 0.13311993549506093 0.7948299500357787 0.09497024881887364 0.0915515078254728
0 0.3639781652462769 0.11668565398429384 0.06904266587924912 0.0617716497711072
1 0.31717754319909275 0.31077673958514884 0.13690477767481415 0.13427971466381655