1 0.2909192413209961 0.023829218535849662 0.09665179189534231 0.047658437071699325
0 0.434314233886422 0.9028549003105836 0.049411531780473084 0.0509856473268119
1 0.44088890153160276 0.8379733529555369 0.09993913292916527 0.08496580517696728
1 0.43656664722400684 0.7202398213855059 0.10911121384811903 0.11032982622365459
1 0.48528825845566237 0.8880874740445766 0.09793020229738456 0.06777830517696729
0 0.3793425505424402 0.12971353192296692 0.14103085258455755 0.07804794724210717
1 0.49565756483728174 0.7883759003811708 0.12116478321633828 0.09396137357870131
1 0.39134538292916526 0.057436713521232904 0.12982955201021157 0.06187691567207607
1 0.5742391471921009 0.8482976609751016 0.13908280344607676 0.10121243145709177
1 0.5166700722080441 0.16733608731169572 0.2001014739629884 0.11873313140062187
0 0.5168527022654785 0.1688985873116957 0.19937095373324992 0.11248313140062187
1 0.5464285837906845 0.07200120050822761 0.24257306356094616 0.11034377872743366
1 0.5747970809189538 0.010985189702535245 0.1870941618379076 0.02197037940507049
1 0.1751928466815666 0.5836553922063142 0.05336851155073452 0.045008663111827295
0 0.18302562849394555 0.49589008169708804 0.03839286126356152 0.03637711575678075
1 0.18026588139758215 0.4386313185429083 0.048031661837907615 0.05245714206513981
0 0.1936080128908821 0.47875578960371323 0.035633121378430756 0.03932010523343692
1 0.18962057795150536 0.34369825014117433 0.06024757223994994 0.06403167889684287
0 0.19926953024888988 0.4060617422486666 0.041233771665603804 0.04740562101845249
0 0.20397731927250146 0.3790442159403073 0.04253247109125766 0.03196263154179624
1 0.19604305628590155 0.2977032106786355 0.06402192195277685 0.05649219468185844
0 0.2734578899808683 0.8052504001694093 0.03904221097638842 0.028655621018452492
1 0.2714692483726991 0.7613183896460655 0.04058442195277685 0.055127115756780753
0 0.2883320807275182 0.8248348580760345 0.03315747109125766 0.03141659997176518
1 0.29313119199107973 0.8591643554451984 0.06467127166560385 0.04877069994353036
0 0.2287946747926016 0.25489408439851113 0.0569602312061269 0.03590667889684287
1 0.22473622827058434 0.21344233176767516 0.06714692195277686 0.0566742052052021
0 0.3129668134014164 0.7596880002117615 0.04103085258455756 0.07222361049510884
1 0.317989125558403 0.6815252028567149 0.07366072252712304 0.07257222099021768
1 0.30593554176771853 0.5784002028567149 0.09671267338864223 0.09719278939195171
0 0.3423905200383029 0.8028086686558478 0.052982962412253795 0.06826415258848365
0 0.24908687134652477 0.1593239791650741 0.08985390172303838 0.051789284130279875
1 0.35167419779835296 0.7409156134082935 0.07155033235481918 0.06779371572854576
0 0.3679181211869952 0.832784594992442 0.03847403178047308 0.05034861049510866
0 0.37835846799618544 0.8817303292074264 0.04592127166560385 0.047678636803468066
0 0.27273743493937674 0.11940463445498084 0.09683442195277685 0.05840330517696727
1 0.3949169145182027 0.9224540397448875 0.07110390172303846 0.05069722099021767
0 0.39271520210594896 0.8565105213290363 0.04795049132099614 0.03848564732681155
0 0.35564130765795504 0.5998887950065594 0.08991478321633836 0.0921412683452644
0 0.3946023697511298 0.7919019897590049 0.07181413292916528 0.08332771046687401
0 0.28417208813018646 0.06918482657659049 0.08342127166560376 0.04986276308359246
1 0.3825183452137953 0.6683279818664972 0.09202517338864222 0.09691977360693613
1 0.44138596097638844 0.015596365968542187 0.12964692195277686 0.031192731937084373