1 0.24753730395943685 0.24453125 0.1425439706034794 0.0984375
1 0.6404837501419152 0.91640625 0.1632437745320651 0.14375
0 0.7065026962133294 0.87109375 0.09429573530790983 0.0890625
0 0.7750546569891742 0.81640625 0.12989431374387994 0.11875
1 0.6203826961577974 0.5125 0.26546205885474344 0.2015625
0 0.8518922795260953 0.73828125 0.1739920098276344 0.153125
1 0.6655037990764707 0.3671875 0.3337234804311139 0.2515625
1 0.6825351225801126 0.20078125 0.3511002451355445 0.2421875
0 0.9149085539625219 0.6203125 0.17018289207495627 0.1828125
1 0.6691812990332792 0.08828125 0.3196125980665583 0.1765625
0 0.9201946814009199 0.4609375 0.15961063719816018 0.1890625
1 0.2363245589164457 0.6 0.10656686275864831 0.0875
1 0.22739852949524417 0.5390625 0.10252637256160205 0.08125
1 0.2207216177218274 0.4828125 0.1114832353079099 0.0890625
1 0.247187352992716 0.3328125 0.12912848040643307 0.0921875