1 0.566568791849809 0.5544173394571807 0.1444232382820534 0.18887374163003817
1 0.4859579487994484 0.11273476816872079 0.12411414641529497 0.15884110215590796
1 0.37424090286606915 0.13902350298019198 0.15484217703754774 0.171511115793042
1 0.43697652306810025 0.637475487546468 0.1432109899560458 0.16404716340041361
1 0.21643010693268985 0.17042818001773968 0.18556509545993852 0.22584836411904968
1 0.29610161481226127 0.738761666258008 0.1487673028745439 0.15849085048191558
1 0.14463860619710428 0.8589704147066133 0.18557191172642132 0.1702920512005516
1 0.06406931626648281 0.2070397703331035 0.12813863253296562 0.220295459333793
1 0.8071367056180154 0.06242626612693568 0.07724596268177777 0.09808213612614554
1 0.7758884096846362 0.07978377976406974 0.04565252727426809 0.06371054425938691
1 0.7721871066874947 0.3356027814380621 0.07984899330403046 0.10763055789652096
1 0.7366524879142606 0.08568182402345667 0.07984728923740984 0.12151963612614555
1 0.7518814229539774 0.3934135773714414 0.08245372799290411 0.10328990143727204
0 0.684568870569824 0.08914770333103517 0.06300833684478153 0.10884791842239076
1 0.6935486576428511 0.40451768287533413 0.10259110215590787 0.11787096268177773
0 0.6435103161438852 0.09756291936079757 0.06786925861515698 0.1109306837335172
1 0.6513696779759546 0.4786454618235945 0.1128315069411645 0.14061307153365518
1 0.5804007838476399 0.08913492283137989 0.11873295933379299 0.15207083684478154