0 0.313258023503162 0.6541743396418639 0.10450203535763122 0.1073353040764367
1 0.3408502712153866 0.7300396337350049 0.1484399230447991 0.13002367637256426
1 0.32542163955935133 0.29595515349379997 0.15048204201316162 0.15189867637256427
0 0.4205896930123999 0.745364214225767 0.116418572795242 0.10225222920121517
1 0.45294237354492317 0.8208858552406999 0.19823223585674551 0.16564964559048398
1 0.5899516433037183 0.8896283785350562 0.20106550457555095 0.16281637687167888
1 0.46487344925132856 0.11905142346039108 0.17962810149734293 0.1654617579033161
1 0.5211606252083009 0.3433863398496598 0.2662133086519876 0.26338003993318215
0 0.6679295661407213 0.9465330604197681 0.15454405740420185 0.10693387916046362
1 0.7052725892272816 0.9745072449039494 0.1885432820298661 0.0509855101921012
0 0.5804675384776005 0.11329336522399555 0.15156492304479913 0.13031540765375893
0 0.6695561031617304 0.3745769413470027 0.24029609276183309 0.2346295553242223
0 0.8189504180536563 0.4626010054067349 0.20958753327765162 0.22092060815287323
0 0.22106183527511872 0.5612451886436352 0.06077183485851698 0.05368866306150366
1 0.2496442316977964 0.609620867096179 0.12944021381017504 0.1421899230447991
0 0.40677548315337814 0.31931103244545805 0.10464790099822849 0.10889780407643661
0 0.8862084278291558 0.5863005374366009 0.15581724916780643 0.24223194509136975