0 0.793297293643678 0.7103644817741965 0.10852290818602875 0.1363591406515056
1 0.578219011758645 0.2952280990120573 0.1904966044771273 0.2125248257680484
1 0.7609252069180895 0.7647171650766409 0.13162621551297526 0.16056053248413757
1 0.46025690581117973 0.26960559483570606 0.22922491180407362 0.23727185462398898
1 0.6845574587271119 0.815910132044349 0.16911957146044046 0.19150299763774745
1 0.3322613805964091 0.2466815047245054 0.23958920171816533 0.22671630054030495
0 0.5628462330373714 0.8232911008261559 0.1904966044771273 0.2125248257680486
1 0.18366675033868426 0.21899799274360587 0.26804175033868427 0.2339484471822603
0 0.45950654907074495 0.8675991507334887 0.23892746042459262 0.2438492368379741
0 0.0629757920617983 0.26078124337657804 0.10859150723608924 0.1971875132468439
1 0.835602143825392 0.36763877923445865 0.07966756784239593 0.0916815577118811
1 0.8071495952048731 0.3623709258764141 0.08813516508343397 0.1044543762235354
1 0.9281835487320607 0.6258208122667505 0.09109639077317411 0.1014385036281972
1 0.7751183452048732 0.3634894817741966 0.1029346494796016 0.11900794954451302
1 0.8872619776103046 0.666383814080849 0.09980964947960161 0.1188988221398514
1 0.7217543277920185 0.33091508395111485 0.1259560696514182 0.1416468413771451
1 0.6600798433958508 0.31898056834201827 0.14404432835784534 0.15943454210278443
1 0.8344169386007237 0.7034497936624289 0.12291295680654804 0.1431002139724832
1 0.28454417062204246 0.88936256724571 0.26385221732199754 0.21352681977759858