0 0.38890749682103226 0.6556738065720081 0.1411491599070276 0.10941944509136974
0 0.37860341737172154 0.7525067845254375 0.11225933540139543 0.09585636356061791
0 0.36768161490971757 0.9583619191970391 0.11818155347041026 0.08327616160592193
1 0.6082216814464526 0.22908524188787815 0.1752070856534969 0.17469089226271875
0 0.39653895240479997 0.8869027955487226 0.13980518119435104 0.11239857945077247
1 0.6672135412372647 0.45113822982460317 0.26112244234221577 0.27119253993318215
0 0.7158634807294889 0.6473889567380429 0.26508867650277407 0.30571340557377946
1 0.753554140888618 0.8201082398078986 0.3095270913534801 0.2974435091511019
0 0.7202221068639458 0.9399326401827393 0.24940941015912904 0.12013471963452141
1 0.7248003462202841 0.9380784089015446 0.2715029314464525 0.12384318219691082
0 0.18254361029501515 0.3795032468800308 0.05037134059717552 0.05437596921791972
0 0.19828894259431742 0.3382848845671987 0.048481058666190346 0.04954260357732228
0 0.17655569024852893 0.42706555303644683 0.05840236188449897 0.05823029742090635
0 0.2196669158591123 0.29992080199645715 0.04291947351689647 0.036605006655530306
0 0.16582563988021182 0.473409012271071 0.05727690445914595 0.06433443178030895
0 0.17282939273020342 0.5291694935522656 0.06308986188449901 0.05866789434269819
0 0.16693430783301108 0.589158866888383 0.056949122528160735 0.05964693178030896
1 0.30676844209011433 0.2024956732525951 0.08362088317182241 0.06368914767046344
0 0.16300056068300267 0.6438982886853963 0.05371486188449896 0.057792700499114245
1 0.32445868664223265 0.16689192658036028 0.08696440445914595 0.06710587895165805
0 0.312898109790812 0.24575615453378977 0.06566855866619034 0.0511471256238929
0 0.16938695449848687 0.7019295871462925 0.0731204257464694 0.06891808818628213
0 0.18035158767030932 0.7588359825289803 0.05037134059717552 0.05437596921791972
1 0.39686928218308676 0.11466434296962905 0.0929958831718225 0.06456434151404733
0 0.17312894955480834 0.8109399230447991 0.055058840597175515 0.054813566139711514
0 0.2606953794886516 0.553671286605417 0.10121257475773371 0.0932728040764367
1 0.4010540376309685 0.15231020861022637 0.085401904459146 0.06696001331106069
1 0.3365701925943174 0.35119399376006155 0.16378898441265974 0.12239906405973215
1 0.3136075760182414 0.4778912481278166 0.16746028763096846 0.1305032953409267
0 0.39594555657250335 0.24574746630574645 0.09219820767745465 0.07535597587345003
0 0.4135975962971587 0.19849790245381027 0.08998014381548422 0.06583511023285267
0 0.20162529015198385 0.8632737732943564 0.057058383171822505 0.06120943178030913
0 0.39324652749150973 0.2959452537433572 0.11283848960843983 0.08193972920121517
0 0.2813517229358188 0.6603798945504942 0.10310285668871888 0.09810616971703397
1 0.2515435266583305 0.8112748878949638 0.15470891535490922 0.14794050457555094