1 0.4288153917892272 0.7371898883115656 0.11898237336031983 0.07485655740420186
1 0.45844533808032556 0.8082206052417098 0.12843926051544957 0.0772942512477858
1 0.4304565411572872 0.1992621911402165 0.1611565852552504 0.1378781984191348
1 0.4887061324054313 0.2621256437193103 0.16937852103089918 0.14642002662212142
0 0.531668154113699 0.8422087185945315 0.07794793758467104 0.06325155074867155
1 0.5540998383074681 0.37142649937661204 0.23878361827193723 0.1653381148084036
1 0.6117021398686632 0.049859188020247316 0.1796542797373263 0.09971837604049463
0 0.6468882038658718 0.43420590786256474 0.19586577792830404 0.11779560815287322
0 0.7127356111473896 0.5371838306995678 0.19166960085908258 0.12673301123108124
0 0.7264983022385636 0.04489975623993838 0.1906869549975257 0.08979951247987676
0 0.7962618413596859 0.6479322314900005 0.2185596494796016 0.1354627271212358
1 0.8429233208946136 0.7719729935532754 0.3141533582107727 0.17619399376006156
1 0.8083425237444326 0.1294418404750674 0.2942833457707 0.21561004658871252
1 0.880563343509422 0.27314860690609727 0.2388733129811559 0.21879686813616878
1 0.9611609865438744 0.5718346046183218 0.07767802691225115 0.18037722920121518
0 0.960109741632257 0.3965428733371272 0.07978051673548592 0.14854376663882585
1 0.22475649705932393 0.3338707354411536 0.07054487336031982 0.07033472254568487
1 0.2387647653766896 0.3914434259569723 0.07753850180902229 0.05543905074867137
1 0.27094982360814707 0.4363282287856232 0.09159435775648764 0.08629347587345002
1 0.3172250373120999 0.5403482221300928 0.09759869629109837 0.08218943843583944
0 0.37268049920703056 0.5948367231700826 0.08427982473980081 0.06539751331106078
0 0.4063395262308235 0.6678465259987335 0.10064180913596861 0.08091866971703396