0 0.621606672304756 0.9568497631653916 0.11334113221585049 0.08630047366921687
0 0.6158673100573447 0.8889529150507889 0.14299864144374777 0.08294767466313395
1 0.6253472777597047 0.8067020699965664 0.18293246308841127 0.11768586091025099
1 0.6316416679477284 0.5234039189121166 0.16105746308841126 0.11461153015113616
0 0.6162567927812612 0.41298161288188934 0.12352747231630853 0.08634293895824148
0 0.5992493367422334 0.30869950932455087 0.14498180688002799 0.08629226971735635
0 0.40858103916611554 0.9794553014089263 0.2023134612428319 0.04108939718214728
0 0.3984395858954568 0.9252619753120868 0.20501779580655147 0.12232269166936582
1 0.4063570535978167 0.8427915352036418 0.2602761137600563 0.16841223340448544
0 0.3601728346397328 0.7009756379805199 0.2507809520149348 0.154814258133373
1 0.34797304034582643 0.5846327245316264 0.32154410822331786 0.19081934546493998
1 0.354628313082635 0.428750119043624 0.29110544832377583 0.16967913448893515
0 0.30933051048362115 0.2862627693476133 0.2859071119144769 0.17661325427204524
1 0.3146787014250793 0.13417661633249972 0.32686260637773845 0.1961656306276074
1 0.8079494450415645 0.8339571913405972 0.07466930688002797 0.07641049227734449
1 0.8312212011681581 0.6374242512321523 0.09591330872560766 0.07479732303645932
1 0.8171439044388169 0.7301734061779298 0.07382797600746746 0.07016049227734449
1 0.8199079225616771 0.5618034680001488 0.0823616451349067 0.06522806260267941
1 0.8198025575458967 0.47979755262059137 0.08392414513490679 0.06544765765690172
0 0.8041623635031352 0.40675278175303153 0.05652031426234565 0.05546454173511961