1 0.25556626762242474 0.5330538084954266 0.15847811867597636 0.16769877924771331
1 0.17520795186016663 0.3054725658001264 0.11730774440092259 0.1155403143334035
1 0.4054055213474023 0.9343996619407795 0.10374215186945542 0.10023749269530029
1 0.31817208878326764 0.5794092470954688 0.1804715178461394 0.17143184211439397
1 0.26106294148720444 0.2943134868573234 0.17947770290907378 0.19924676170486819
1 0.41632524625180045 0.6033168000979134 0.2148232070582587 0.19500018641441502
0 0.3327127985408187 0.3148041063787986 0.14178752614450918 0.15208587720008424
1 0.4970648381585677 0.6908277814622548 0.2299512995897258 0.2104580482572814
1 0.4130156051795145 0.33536619702646975 0.21011239627037792 0.21469252559536348
1 0.6326345626387585 0.7507201096861535 0.28255608133331245 0.24979433480969426
1 0.5674187626480472 0.3648551974003791 0.31172336307689896 0.28680501829066374
0 0.7119257792447868 0.4106789766480924 0.2763060813333123 0.2491741739906427
0 0.8396345369184568 0.5327612244624653 0.2715952705454317 0.2688665131715911
1 0.026308971881144755 0.5861991886000422 0.05261794376228951 0.05886148757622767
1 0.026013435263427094 0.5412028179857534 0.05202687052685419 0.057454027780990555
1 0.062216241477915636 0.6539766045381665 0.062430067636357944 0.06667398757622749
1 0.08478905848957365 0.6884884978143729 0.058476273445216775 0.055426407166701705
1 0.02715617177857623 0.4937851772690832 0.05431234355715246 0.06604172880480501
1 0.10429607508631315 0.7219090606810538 0.06351897095570584 0.06057902778099056
1 0.12944944043829723 0.7535285142644046 0.06844326929603187 0.06416914839527905
1 0.07277615579492566 0.5873317452548366 0.07528526514684701 0.07260180921433079
1 0.14817520703503675 0.7868715570287037 0.08537066016782516 0.08290705044290832
1 0.09527811782756182 0.6123911184286617 0.07133147095570584 0.06135422880480501
1 0.11412228359446437 0.6441716611929609 0.07684776514684702 0.07275684941909369
1 0.18522492114226533 0.8173100621477765 0.0725154626573361 0.07697922880480519
1 0.1400568989464484 0.6758686348786933 0.07900226099766212 0.08072438962385675
1 0.21777638939867883 0.855173466754942 0.07083456348717301 0.07526168860004212
1 0.16852451844761734 0.7156881889739515 0.07732136182749913 0.07900684941909368
1 0.2703550925082453 0.9599189903227184 0.06673905933798814 0.08016201935456309
1 0.21062858545927537 0.7521380848096942 0.08716995850815117 0.0861870906476712
1 0.10316516326810284 0.4148184375072286 0.10589664772027052 0.10820503290006318
1 0.08706748920283053 0.36756793494769224 0.10135085767831423 0.0891449524905374
1 0.2854006746667503 0.9287890862764172 0.06063076929603195 0.06339394737146478
1 0.2471571586947107 0.7998416100311484 0.09209425684847723 0.08977721126195988
1 0.13034296990679867 0.43010916119296094 0.10710395020978143 0.10367257310482607
1 0.3347844454126747 0.968333504213214 0.07684776514684692 0.06333299157357217
1 0.2910721794406351 0.8435553161740357 0.10783765601864026 0.09289011330958914
1 0.16323798027976083 0.45305129569774494 0.12739313942190073 0.12584555556198093
1 0.1211599919021229 0.2812186385310431 0.08619945435896632 0.09384455044290832
1 0.3443738555804998 0.8984330336478819 0.12968934523075965 0.1152181359715069
1 0.20202779314223399 0.48130109102158053 0.15835971950581335 0.16613627924771332