1 0.6780742032123748 0.4804214667213385 0.12902029830757158 0.10610655740420186
1 0.6139525749261487 0.49738895673804284 0.169569294446244 0.1422739671379402
0 0.3840792735377097 0.44347786064844463 0.1623902449884688 0.15702377329435624
0 0.5474914049048032 0.5647940436765393 0.1621706499342462 0.15546127329435624
0 0.3146620293297014 0.4868619850245518 0.17366559661514333 0.2043363702161482
1 0.8712540467056764 0.6884155892252621 0.10133448841601655 0.10660597587345003
1 0.22271945900436646 0.4877767778699072 0.22114871253692564 0.2349831081528732
0 0.496591898332351 0.6059493729195157 0.166444294446244 0.14198223585674546
1 0.8315749717385532 0.756737892053913 0.14383450542224868 0.1676275199665911
1 0.4255403585278953 0.6665939301159215 0.3004139405191625 0.3271928306985579
1 0.2751560459252159 0.7285389552824612 0.29238184546493995 0.3249010024955716
1 0.7693705281385235 0.9148627361684396 0.14510140650669853 0.17027452766312087
1 0.5526604327555324 0.19010557445861967 0.05280406646400717 0.04656346921791963
1 0.5258783377013099 0.1891883585684652 0.04677366151822966 0.04754250665553039
1 0.4369974308248685 0.1626864685935219 0.05790542195200956 0.06091770049911429
1 0.4962161723217525 0.19750027703771342 0.05812501700623187 0.06248020049911429
1 0.6085725811288578 0.24281520008251256 0.061494946680896945 0.053542797420906216
1 0.5471832237101916 0.23470975727891835 0.06437501700623187 0.06306366306150357
1 0.4085092445777513 0.19643598398456205 0.06190880216889951 0.06745943178030896
1 0.5091342360746353 0.2351152319045826 0.06728042195200956 0.06179289434269819
1 0.3659796846861963 0.18929967886813573 0.07416387249423444 0.07785549126449016
1 0.4475506182221892 0.23965565474158573 0.08063346754845675 0.08000145382687948
1 0.3239273168337501 0.19566342221260538 0.06459461206045454 0.06462616306150357
1 0.7085683303483974 0.3479217090258183 0.0797550873315668 0.07375145382687949
1 0.2668242712373028 0.2077456247916991 0.06769427744001186 0.07570952870210093
1 0.35674402509863057 0.24938299604783704 0.07194258733156697 0.0730221256238929
1 0.6384162971163938 0.3627432364801335 0.12477198841601655 0.10879396048240979
1 0.3026308473546294 0.25145481426752814 0.08554056260267942 0.08200155074867146
1 0.5897972039928352 0.3764089500825125 0.10936658347023923 0.10889780407643661
1 0.5486105490470576 0.3709810106066835 0.10936658347023923 0.10889780407643661
1 0.7342228647306044 0.44133916722045274 0.11051522798223683 0.09512703535763123
1 0.4828039559234991 0.383042202162492 0.14676524498846888 0.15556511688838306