0 0.5679126259977757 0.35352685951813034 0.10685621572854594 0.06766370435383653
0 0.7172755891660728 0.3478274749418926 0.08894067363517096 0.05456350362819702
0 0.2270747943712749 0.3915228450053421 0.095827710466874 0.06571925843752044
0 0.09030283646464966 0.39922123920022684 0.06944722099021765 0.06791667549789597
0 0.5556247286003767 0.38350453619715263 0.12697129465362345 0.09175596878180681
0 0.7184887496470641 0.3954291612395617 0.10336719468185844 0.061304576949174724
1 0.15912843117474293 0.42969247840045366 0.12006884727034203 0.10710815027015248
0 0.06794198905313328 0.44366071996293305 0.08754477360693613 0.0841418762235353
0 0.5330741653897274 0.4380729851086936 0.16527493145709152 0.13363593393541642
0 0.707164112773009 0.4285591197697494 0.13340330517696727 0.09509922359113024
1 0.04227413111827321 0.4848660733209777 0.03540542093374793 0.12598214664195542
0 0.49523253114650806 0.47105661069925675 0.16472889988706055 0.12426093393541641
0 0.714998999576477 0.46937509272790745 0.15860072625188942 0.07258930653075471
0 0.12039142584248393 0.5008482265863551 0.10482327886860801 0.08630457694917482
1 0.4473557442442179 0.5325372585223385 0.23646666297065302 0.20473217313564315
0 0.08637971786527156 0.5862028840280837 0.10262374203690505 0.07531251324684404
1 0.704743310015116 0.5610169557045989 0.209904162970653 0.20380459019601868
1 0.3336110336361697 0.6143279171451935 0.2123165314288568 0.16490578130301117
0 0.6731355361964184 0.701031831295162 0.22132751038216938 0.15898316351699648
0 0.31292462024199363 0.8615377338427492 0.2562177208490433 0.22257443756361334
0 0.6335255465785877 0.8509028565229055 0.27938220506402767 0.2187053930985762
0 0.23627809123221133 0.9187053599814664 0.2908055524755442 0.16258928003706713
1 0.13639148329735123 0.9607837325768049 0.09370376834526431 0.0784325348463902
0 0.6040872175123357 0.9624529038983496 0.3020622999152954 0.07509419220330074
1 0.28582119183926097 0.2890997386520726 0.1011522472985769 0.0768204495445131
1 0.6016359076383939 0.2899926383740709 0.11529034200867017 0.10538195916315996
1 0.7190509207925736 0.29799116604888515 0.1290644156720761 0.12769346878180682
1 0.2446648417969087 0.3321032049868086 0.10316977360693613 0.08468751324684387
0 0.1401439417686738 0.3580803732283105 0.07496917889684288 0.0556349303072194