1 0.6706468875397217 0.5164351980185661 0.11875130642076392 0.07401289462538863
0 0.6614368481207983 0.44285348485026893 0.11384560087368065 0.06436487884037305
1 0.642338743163055 0.5929822874669874 0.15937630642076392 0.07637903142885669
1 0.6207890918525341 0.6808386032378856 0.14077177678548622 0.08153696828879457
1 0.6053985215640618 0.7722371479620963 0.17994337955902787 0.0884995998305909
1 0.5588488702535409 0.861549547919744 0.1503649823325695 0.09145799985882555
0 0.18082785343913177 0.20870162386104996 0.19466180262104182 0.18454014192396562
0 0.08902221314652761 0.5256986790380173 0.17804442629305522 0.2607386208772782
1 0.7240336459921874 0.13337279806091834 0.07024107123840295 0.06806673151356138
1 0.7155093651226385 0.29848956384593384 0.12314786569131933 0.061785910410404196
1 0.70897038402434 0.21070884278512905 0.1001831443766669 0.0807333314853265
1 0.7029898749062844 0.3670953506776368 0.1175524823325695 0.08954688936371688
0 0.692238132124479 0.15863040329435532 0.06791485182361115 0.0351632262518895
0 0.6838606280404165 0.2504006743410427 0.08059668977951392 0.04370376834526431