0 0.7986280450087285 0.22749516081927074 0.09754442182065048 0.06616133118569749
0 0.5822676583640447 0.813406431503726 0.12286315727678279 0.10847609621281214
1 0.8058189206127025 0.17195823312617362 0.12327774545807202 0.09442268657189175
1 0.797081907276783 0.10322641384433284 0.10494233363936126 0.08026019262201592
1 0.5191616226083499 0.8637973169441497 0.12468074879205204 0.11161018657189174
0 0.4002043285177052 0.8715239794137405 0.1322062063683973 0.1272715480082102
0 0.5473996112292843 0.4532819977605048 0.1951844384905499 0.1526260720123153
0 0.541484837891425 0.33294677186280575 0.23278003333979883 0.17314765027114642
0 0.5338480678875458 0.22981722668326596 0.20950203000581896 0.15583288524403188
0 0.29473557851770527 0.8721375786516148 0.17059902667183913 0.1384272166261212
1 0.5346934775802247 0.11569563934924845 0.22783744182452992 0.1699953791939076
1 0.5224488269714016 0.044139843678729314 0.23864765394280313 0.08827968735745863
0 0.1801470489709282 0.8376312893258074 0.14473815727678296 0.10860336123992687
0 0.2893160442598225 0.46103645218818157 0.25608972970625654 0.24824764422102225
0 0.09234428896898854 0.7865551235365669 0.06479556576151388 0.10501475292686635
0 0.17542914531798925 0.396824482144215 0.25487791607077465 0.271666963502863
1 0.8362385838085391 0.5446144831261737 0.11428538273097573 0.09905564441741407
0 0.7906068326005913 0.6558701456939602 0.10098815727678297 0.10834883118569749
0 0.805801526841017 0.602631516205465 0.09933006242753387 0.0880363311856975
0 0.7576187315424244 0.7209366094914109 0.10752519970043757 0.09276928298109546
1 0.8343255263819749 0.4828775524080144 0.1166451081851684 0.0896988251355733
0 0.6937633966951151 0.7525729497522946 0.10570760818516849 0.08963519262201594
0 0.8068385130460556 0.41425481743512904 0.09062474212409208 0.07705337939029935
0 0.8056586503189591 0.41895140779420864 0.09594997091226495 0.08489315046753827
1 0.6564226354852274 0.8121933894474443 0.1263707945496865 0.11318177693097127
0 0.8128017284983086 0.3532536849215717 0.11352010818516867 0.089680644417414
1 0.832109966829379 0.29295653435583763 0.13121779121570673 0.0960306383672898