0 0.6761054353079827 0.49173156215156205 0.0962884161745153 0.06926815046753827
1 0.8183512316198691 0.08293379995311778 0.07063623271965502 0.03320338544042358
1 0.6922441161866028 0.36049519769018146 0.14512940257019658 0.11796018052176746
0 0.6538925485416771 0.435317935688129 0.09900049374773374 0.0802147408266178
0 0.6613928845667337 0.282142938713191 0.11758155036458078 0.10843064441741398
0 0.4601170520444785 0.7914401497801672 0.08600781764492567 0.07545451795398073
1 0.674659980520083 0.19310316461089005 0.15146387426177288 0.1039431323171656
0 0.4287778623373518 0.7474810715213359 0.11832292352656762 0.1006272347764936
0 0.6273203862164127 0.11543670686356364 0.1355104235265676 0.10072722872636941
1 0.6494721650747293 0.04599181527482002 0.17038281764492566 0.07594539734428024
0 0.29468222649760734 0.9522953156676035 0.0771302117632838 0.05041815651766228
0 0.39118631362245004 0.6886327914671067 0.11963672646738868 0.1131272347764936
0 0.293893899474282 0.9077322494108249 0.07466211323369425 0.05664997579950324
0 0.35071610295895217 0.627422580694718 0.14734880404060693 0.12421927088084708
0 0.2345962941425331 0.87689988504764 0.1178302474237598 0.09593973477649342
0 0.3106118608608976 0.5404174843837102 0.19142253676026186 0.15726812021691713
0 0.17957326638400253 0.8351482014026146 0.12317464889417025 0.10221700585373235
0 0.244268851482498 0.4204271712501894 0.2545747202151222 0.19355105386194257
0 0.09929918255851777 0.7658891412941561 0.15976433234903048 0.13834540339440443
0 0.20481443383152848 0.28261355386194265 0.29963380514039295 0.23597490319801268
0 0.04873101820690623 0.6762448583130605 0.09746203641381246 0.17436471662612102
0 0.18747899522418782 0.12773061114173087 0.26238250219957193 0.2232658249391815
0 0.19445385533174891 0.031618680423571646 0.18296728933650214 0.0619647105759968
0 0.023554997800428034 0.5346477107723885 0.04710999560085607 0.18179542154477701
1 0.8076956810820635 0.563634354109648 0.08329574007170741 0.0645079275949012
1 0.812371386043188 0.48939742339148873 0.07095996543931013 0.06599770472226432
0 0.7914489384341159 0.5322707246211528 0.0501595073520523 0.03152271077238851
0 0.8128194672924325 0.46282128785286936 0.05459831029287336 0.044040891490547726
1 0.8191046261148953 0.42533492339148876 0.07433366249848916 0.053524975799503195
1 0.6688773864198563 0.8059440530763757 0.095462571320952 0.09112496974937905
1 0.8288009998267751 0.3777059444687277 0.06586426102807863 0.04722952400410509
1 0.677048777961974 0.7356360982559156 0.0893815147041046 0.06298178903121965
1 0.8301898384280723 0.3198661733914888 0.08304704301252822 0.07699883723582168
1 0.6884296411956684 0.6794179145126942 0.0996573952181441 0.08646474082661779
0 0.8102010711477272 0.2869173180052945 0.051309084925270906 0.042460210772388506
1 0.6914583744652164 0.5911003030763757 0.11503369815896498 0.09904655405833437
1 0.8194868814406006 0.2431945890825334 0.0784440147041046 0.06291815651766246
0 0.6620266485477208 0.6479951976901814 0.053528486395681266 0.04871930113146803
1 0.825438871512308 0.17912754390299357 0.1059918669097204 0.07244769262201593
0 0.6680959101256924 0.5456241766129426 0.08173324007170742 0.06449883723582168
1 0.8212768474298034 0.12203720656897606 0.0953030639688996 0.05989315046753822