1 0.7790978782842485 0.8880978108767419 0.10516602205615726 0.09707838584218251
0 0.742691292259192 0.7342634827464408 0.0839479235265678 0.10256449400955034
1 0.7367765937235585 0.95200405425332 0.10525049374773374 0.08307044954451293
1 0.5901556876807794 0.12724710171358208 0.18666000109978603 0.11704863466105583
0 0.6620580905974254 0.978452415331095 0.10484228933650215 0.04309516933781019
1 0.549561128487692 0.192770408792491 0.15795785330540166 0.12538692431676957
1 0.49979803050799554 0.25252486550858017 0.22193588161382535 0.14163197241000383
0 0.40472479153607405 0.29590778855940536 0.25244922646738854 0.12090281015895173
0 0.3762571867542182 0.3805357597034648 0.26009750109978597 0.1196131286706061
1 0.24215896561253478 0.44512899464252237 0.2940501426419038 0.1908532116102307
0 0.24139164336502156 0.6155679802145521 0.2624716919066986 0.1866369375636136
1 0.23511569427949533 0.7780307746795894 0.2627203889658777 0.17419150126594438
0 0.17198215659267213 0.8809077488188738 0.14644792352656766 0.1047470421027846
1 0.16497662938403454 0.9752728185116541 0.0990052117632838 0.04945436297669161
1 0.9792332949371538 0.5950745302915209 0.04153341012569243 0.04437004809323426
1 0.9740343599192268 0.5594817706728741 0.051931280161546314 0.03773810217691818
1 0.967562452008216 0.5187203614170469 0.061425458087257565 0.036393856986241604
1 0.9490259902449321 0.4682565699472347 0.04711426102807863 0.04834821996293322
1 0.9197960075252771 0.4345437688587756 0.05632503566047582 0.04711310217691818
1 0.9254358336220413 0.6511310681331361 0.06536686690972075 0.0738938569862416
1 0.8767944577105894 0.380890490002835 0.07071126838013093 0.08030754809323426
0 0.9056910453853252 0.7002580488958424 0.046950035660476175 0.046785719962933216
0 0.8868542146859735 0.7284004070632104 0.05574788786609162 0.05643353847458741
0 0.8603551816017377 0.587366179295729 0.07243799374773374 0.08192461179556502
1 0.8036198088164191 0.2771454419096008 0.0866647191153362 0.08397818511654283
1 0.8621732293900785 0.7898091330165934 0.09422852205615725 0.09669643992586625
0 0.827908650167181 0.6119197459932848 0.06100781764492567 0.07685516587924912
1 0.8134237917092989 0.6814683541606528 0.11938802940820956 0.12871033175849825
1 0.8170999904181568 0.8349380945420061 0.09102376838013093 0.0810168762235353