1 0.7529881374017775 0.9893737868042679 0.21929573530790983 0.02125242639146414
0 0.7459085050372217 0.9639565932329539 0.11334504902710893 0.06400083334978746
0 0.624920661804268 0.3415248285223531 0.12181333334978728 0.12181333334978728
0 0.5387059068904506 0.2539764461577974 0.13553691178575722 0.15287406864535671
0 0.42186835785717147 0.1504751716319025 0.13645240198280356 0.15912406864535672
0 0.38713877461844826 0.7432173039656071 0.19582740198280355 0.16782122551729656
0 0.31252419118227787 0.08247345592989996 0.11254838236455571 0.08987671570200254
0 0.27524392169360473 0.8300329412007885 0.22429132354683362 0.14294004905178995
0 0.22201764719856093 0.9155039215825408 0.19502196080052572 0.13100784316508154
0 0.2059987011271467 0.95703125 0.14421651961824783 0.0859375
1 0.8840776961516272 0.5920132844399125 0.09010558825126438 0.11411088236455562
1 0.8881180638426034 0.8701140932576348 0.09555014706898604 0.07821299020938674
1 0.8228431373153942 0.5027725491381729 0.10172970589904873 0.12040049020938674
0 0.8625348530667587 0.9198808334485108 0.06315578432267835 0.06582303922415492
0 0.8237452207207137 0.9577747795199251 0.06753519608375455 0.043529901970462956
0 0.7999512501172343 0.8579640442243555 0.07115754902710894 0.05782127451972485
0 0.8136527697478225 0.9891635907359386 0.08540931373153952 0.02167281852812266
1 0.7176649265148687 0.3849248775556322 0.13664166668723396 0.14997794119461832
0 0.766157206010113 0.9195243628450314 0.10244715687193988 0.07310735295569444