1 0.1814021209376167 0.16603527338101043 0.08609728923740985 0.11919775025210155
1 0.23113602404888103 0.20979634503665096 0.10901281985966271 0.1301023992633658
1 0.27982939653789246 0.24418241669229154 0.13088441172642132 0.15953852698730664
1 0.3510897520417851 0.2974605999803296 0.1609136430673102 0.2065991972858944
1 0.4417954986938004 0.341505894900765 0.16612311244505734 0.19766123986054138
0 0.5067106229794018 0.4652986739817585 0.17601496962294227 0.2309107824351883
1 0.7719734428390644 0.5711452103522193 0.18295524857120285 0.26550430372251166
0 0.6397721792019304 0.5504717134543123 0.1756664220155706 0.24173902179152656
1 0.8783874922430261 0.6432226701233608 0.1714991873266971 0.2460987398605413
1 0.9381991270417851 0.7088533879402741 0.1236017459164298 0.27277050050420293
1 0.9824659842196702 0.7517785792740838 0.03506803156065956 0.2286820108957633
1 0.16612802813245126 0.858364521035222 0.15224425861515697 0.11452095792955604