1 0.6515625 0.9019379839502338 0.1265625 0.08666803465220382
0 0.59296875 0.9669643567964357 0.1046875 0.06379871384811935
0 0.59296875 0.18493310679643582 0.0296875 0.04096997109125762
1 0.58046875 0.9942015317326142 0.15625 0.011596936534771628
0 0.5734375 0.22483773107850316 0.05625 0.05501218206764609
0 0.54140625 0.26640631490109357 0.065625 0.07329546241225379
0 0.50234375 0.30793431346522826 0.0734375 0.0663961126994268
0 0.44609375 0.37245338139758216 0.1015625 0.08374595373324985
0 0.4125 0.45446433516273793 0.1453125 0.08885959534141907
1 0.3828125 0.5517756140714803 0.2734375 0.16477276005105743
0 0.32421875 0.1824269869176823 0.078125 0.09038150287173066
0 0.290625 0.6917816906828381 0.2 0.12806414735163046
0 0.21953125 0.2084720230695632 0.140625 0.13206170516911522
0 0.20234375 0.8041193424377824 0.221875 0.127495968155715
0 0.15390625 0.9242390606573094 0.2546875 0.14539369936184202
0 0.121875 0.29237014447989984 0.190625 0.14415586700702282
0 0.07734375 0.4106026878430134 0.1546875 0.13370537568602675
0 0.0546875 0.5798295520102115 0.109375 0.12997160402042293
0 0.0328125 0.7280539812061269 0.065625 0.1232954624122538
1 0.778125 0.5159497686024375 0.0859375 0.08660715315890374
0 0.75625 0.45636169779835295 0.04375 0.04573864160816914
1 0.7515625 0.6190950576260491 0.1171875 0.07150975430759594
1 0.7484375 0.6882610475111799 0.125 0.07398540459476913
0 0.690625 0.7619724853860992 0.1046875 0.06536121384811899
0 0.65625 0.8220171241225376 0.0953125 0.06582793350351146
1 0.65625 0.12982962412253768 0.09375 0.10002030344607685
0 0.384375 0.11445824412891492 0.075 0.07126624275686147
0 0.41796875 0.08244729036375911 0.04375 0.053551141608169185
0 0.4625 0.0689022470006456 0.0421875 0.03461851155073457
0 0.5015625 0.06409299843651092 0.0359375 0.01513799132099609