0 0.3762074997766585 0.9584654332079957 0.08157468206764609 0.05974318114108144
1 0.4090706502233612 0.2956636803125116 0.08881900287173075 0.08183650496239867
1 0.4502841328653534 0.36906694706173465 0.17010959534141906 0.15244441149637405
0 0.450253757019797 0.8873224873846063 0.11665991327377298 0.09401117328319834
1 0.49642858379068444 0.1256851282028158 0.11130277453733442 0.12794952564056317
1 0.47096196509254884 0.966079899192821 0.1179586126994268 0.06784020161435791
0 0.5202821097319783 0.42283195595307477 0.13622160402042294 0.11512419396136267
1 0.6108462066049805 0.20715991418246116 0.16412339591576525 0.16770553846084474
1 0.617694862603709 0.5050687212545558 0.24517047683471915 0.19634426881613756
0 0.7165990534141709 0.26103623903723605 0.12132712425016141 0.12064644789030421
1 0.7269582729738454 0.6554561730738013 0.2821022976388036 0.21982031017246656
1 0.8212460330568087 0.7973761534290942 0.24894482654754596 0.18875009263745532
1 0.8560369652520784 0.31725846794478685 0.25801544792597675 0.22646841645877275
1 0.8887480201340207 0.927583614349077 0.22250395973195863 0.1448327713018461
1 0.9341213655711575 0.45596355706758535 0.1317572688576849 0.22809938296032678
0 0.9915889089023651 0.622990545280761 0.016822182195269875 0.1909204065339754
1 0.19158895216976082 0.608765032050704 0.07071835258455757 0.07322348428423435
0 0.2196226443522761 0.669122489246633 0.08092533235481911 0.06748290653397522
1 0.23617094636248756 0.7242830241928211 0.07293020229738453 0.0655565334984459
1 0.26360599696873965 0.6066803012811264 0.08413150287173066 0.08161818114108108
0 0.2781352382578298 0.7775193401562558 0.0976461126994268 0.07758565260503385
1 0.29453132932355885 0.6718344203877142 0.0976461126994268 0.07758565260503385
1 0.3658076589023651 0.25790681513486524 0.08053978321633837 0.09077485731976367
0 0.3459112064773568 0.7325022466902311 0.09616478321633828 0.09150260339082213
1 0.33874807782388167 0.9038849410658786 0.08616072252712303 0.07238873035529281
1 0.3525569145501087 0.8159504474760194 0.12796267338864223 0.09764559553293921
1 0.2428369146139205 0.5419992171207266 0.08074270229738456 0.06592040653397539
1 0.23525776723038402 0.4771554671207266 0.07761770229738456 0.06577485731976367
1 0.20384542619656099 0.44772052419282105 0.06668020229738456 0.06526543507002244
1 0.19693592476069566 0.40854886228216236 0.07027192195277684 0.05610875889134017
1 0.18349233372687263 0.37995082733597424 0.06540179189534223 0.05432793507002263
1 0.17584216754946305 0.34773764081820957 0.049330361263561474 0.03648546360606986
1 0.1786221964582054 0.31834123924663305 0.044460231206126896 0.034704639784752266
1 0.1776076154754397 0.5622710217116217 0.06383929189534224 0.054255160462916764
1 0.17143877878111863 0.5161408844080688 0.058786531780473036 0.05091183664159917
1 0.1593344724314052 0.47905826137253954 0.05594562137843071 0.03990156203449331
1 0.1490666111678437 0.4443921629441161 0.04362825143586533 0.0408818651776464