1 0.5207917825664609 0.9091416690172343 0.15990834577069996 0.1817166619655314
1 0.6913299276350484 0.2922484608168588 0.20670810266810485 0.18100651729419592
1 0.45457364032294845 0.8352374782067725 0.2250353787873868 0.23439531786854212
0 0.5919307931934521 0.20910112702617428 0.1833591338757694 0.15032469649011135
1 0.34423368385508485 0.7358766689853284 0.253153734734852 0.2671875288449305
0 0.5317988766396802 0.12661329467135513 0.22077724672063964 0.15314531786854207
1 0.21694192277380836 0.5850142340459517 0.34385397783744703 0.30884744211870335
1 0.8847458192011922 0.8462156139438566 0.09396908525525056 0.1336647832163383
0 0.138248113976524 0.42175326585833056 0.20907618611433304 0.25582388723676136
0 0.8518857315710926 0.8132915026802952 0.07893058344622794 0.08376624275686159
1 0.8538853228192369 0.7451401226228604 0.10729460085908257 0.12124595373324994
1 0.8592146319552054 0.6734477526802951 0.1189690852552503 0.13658686413529217
1 0.8358866745828306 0.6086242917039066 0.11798643939369349 0.11783686413529218
1 0.8006695488476616 0.515685975239324 0.1437167797373263 0.16432631499681136
1 0.7524987217330116 0.41494530328654716 0.14947545680654778 0.15568183522654983