1 0.1844453863118153 0.6882640645310664 0.12165345609029048 0.10190914772652385
1 0.19686130732338172 0.6061919042226409 0.14196595609029047 0.10226370373287814
1 0.23009704851468876 0.5323316643689106 0.14835242098927387 0.1288807508107789
1 0.26908931602061203 0.4560322171288541 0.1671578069667012 0.10426258035608367
1 0.3023250572119191 0.38217197727512386 0.16307355258464734 0.096395533278183
1 0.36759004835864106 0.21888104464556396 0.20389040346105816 0.09866714529089185
0 0.37684342997630704 0.29589751217815985 0.21074364907900414 0.0909910129856435
1 0.42775814480841284 0.1351957913991531 0.19607790346105816 0.09853077759614014
1 0.5746372987153215 0.9262399825534249 0.227683912225166 0.11467397483619664
1 0.7296115750076452 0.8767603595836675 0.2896340525400623 0.1874762751605082
0 0.7983585749407676 0.7422529460288311 0.20416333325902497 0.15168305113509054
1 0.09847134694020744 0.8932339825501296 0.11855614907900416 0.08938187418757337
0 0.13824586446842319 0.8613566911542719 0.07763052629232367 0.04812958279171582
1 0.14644106619895225 0.8136595308458464 0.07250393856207471 0.06986821509696392
1 0.17031565388461617 0.7461992954563429 0.10641215784311205 0.10476141233702041