1 0.31001175740125564 0.1895459611068076 0.10182092072720587 0.11046030407643662
1 0.460832294102992 0.7279706537026058 0.08695738433001132 0.09664751331106061
0 0.5047894524916968 0.8865532924297634 0.07209384793281685 0.08283472254568487
1 0.4349940800387612 0.570054310108579 0.10172079117755661 0.1088978040764367
1 0.5521743946567025 0.9269273716727398 0.08319203423772628 0.062126647670463345
1 0.519254865817647 0.7688861734614009 0.11684514342931003 0.10254396048240988
1 0.5092919756275396 0.6134174234614008 0.12772208667404977 0.12685665432599363
1 0.5981074583517929 0.9446452009157159 0.07570090684754512 0.017939050748671546
1 0.401548415328535 0.1707836383115656 0.14328652991878954 0.15160694509136965
1 0.5969781500553732 0.816645055533028 0.10464553207825791 0.10606453535763123
0 0.47970369370616517 0.1516986734614009 0.09174501387966068 0.09864761023285266
1 0.6202084916666685 0.6517901942601857 0.18188795496493207 0.17229522046570533
1 0.6962760456441515 0.857674318636293 0.1270211798265045 0.11591915432599373
1 0.7625413957364365 0.8860688273718026 0.16348031153562204 0.07894079534092668
1 0.7188147748246606 0.7188195058243464 0.20528588217054294 0.14962907071526246
1 0.5736236744278337 0.15786341784586028 0.23382998920265835 0.23150455532422232
0 0.7072872755998529 0.15874608839508791 0.20007675046142523 0.18952474251227586
1 0.9055110306109275 0.7897946663902784 0.18897793877814487 0.17223339891824913
1 0.8467502937984502 0.15349785035396005 0.2590488371354752 0.3069957007079201
0 0.4413289273532691 0.8406066195927604 0.0669057001845701 0.07458462562389272
1 0.4090602405869343 0.6927216713814215 0.09018251387966067 0.0985017445922555