1 0.39293828968046113 0.9622671540817755 0.2118547425071295 0.06526242739850971
0 0.4756339210187945 0.9336467295119363 0.23583904665416658 0.07164878278470396
0 0.4539452062205555 0.008325063526304152 0.18601541244111103 0.016650127052608304
0 0.07103956361967502 0.4724835331774873 0.06798716531583315 0.0987829336450254
1 0.5409568331770817 0.8762064133533535 0.34939299019805536 0.13790101756119738
0 0.6390635595671744 0.7646416785768599 0.22906136635259244 0.10128174063022613
1 0.7071212009902765 0.6759195461614984 0.37025229434509227 0.14426919222923243
1 0.8425462508484717 0.5211269861512358 0.31490749830305653 0.1439873910977642
0 0.0999766249767586 0.3386534338414172 0.13829966531583313 0.09919199980360824
0 0.16027099307277737 0.21480232250329462 0.1992371653158332 0.09954652380771341
0 0.25937358294074053 0.12355463290634079 0.2253307736099072 0.11219196955298724
0 0.3403119331762962 0.048045572797882186 0.25425685598499986 0.0858112767345796