1 0.4713943180567236 0.755631242775428 0.13989116061076282 0.14169004490702086
1 0.4394270988114487 0.6765320922818636 0.15420875212603188 0.1466248088126015
1 0.43167862956617375 0.6005497574034658 0.1687494842481844 0.17323348783978432
1 0.4260188188056297 0.5217440498426648 0.17866661818710808 0.1621410819885689
1 0.417552872439172 0.44644242252506794 0.17165134364130097 0.15196174247497768
1 0.3916605678875458 0.2807712434978852 0.20730180121764635 0.1720106097997302
0 0.4398586939505617 0.35036357765382586 0.2114791181871082 0.16636386443492376
1 0.40210411818710823 0.1908962195994604 0.20235920970237728 0.16828235516453666
1 0.9130727954677704 0.9010293800858691 0.17385440906445915 0.19794123982826192
1 0.9521833507683027 0.8195449602075169 0.09563329846339456 0.2776737239342034
0 0.968286840766363 0.6815340636266887 0.063426318467274 0.19744551709585972
1 0.5008579038221168 0.950429784552948 0.1326207945496865 0.09914043089410392
0 0.5194167141236189 0.9272426101001805 0.08348192182065048 0.07567924391989216
1 0.5024366371522173 0.8802208886337988 0.08475737939699571 0.09130424391989216
1 0.48835841957393245 0.8119274218026108 0.1238835233378591 0.13499169612304235