0 0.6716693776718847 0.36972194703637973 0.11040395407749273 0.10230021047234442
0 0.6793611718785322 0.6073178724745851 0.09527905925034226 0.11756920170823655
1 0.6575112524407756 0.5252322365194502 0.15882473370266403 0.161180736764668
1 0.638237100553996 0.2908849295081639 0.12281302586424747 0.10071001748363066
0 0.5824440901291548 0.2194223242719917 0.12915395407749272 0.10460242098927389
0 0.579312044602359 0.45958154357532155 0.13479620031656908 0.1379904736185063
1 0.5232078309579548 0.13663851728299795 0.16178459765100223 0.10238128939390041
1 0.5128399469513568 0.3689031576424793 0.17270537727617336 0.15665739465236514
1 0.5211959485342025 0.9438547718210997 0.12508623119538154 0.11229045635780074
1 0.4355296377010145 0.25354024101296685 0.23805759263643722 0.15534013146161826
0 0.41702001543940626 0.07222200856347512 0.10582410266556704 0.05191650871952282
0 0.3125718593294846 0.17460929809113074 0.22675637978345567 0.14149717532674275
1 0.353070422669955 0.870853359484471 0.22710337226160834 0.20693032445033205
0 0.2422389757851052 0.08501378496726143 0.23719377461060623 0.12565263146161826
0 0.19170937384445397 0.809782394652365 0.19116587226160836 0.20251775429288382
1 0.10059497736795082 0.674819995573361 0.15941576708875882 0.181493236764668
0 0.7857499127073322 0.5448702583851348 0.06780727711788863 0.08305773680925306
0 0.7582864907622929 0.48389221892435685 0.07924488229073816 0.1015881929441285
1 0.7503245412371466 0.6650739864748652 0.11163148495630537 0.1444877104723444
0 0.7271896034569899 0.4318095522725519 0.10034699247815268 0.07771160521387972
0 0.7504896772888086 0.7242571355984544 0.07659124373179385 0.06389634206771788