1 0.744883617255506 0.8270033774717355 0.1199954257464693 0.0651912017473613
1 0.6487484924584315 0.11245122141156197 0.11891352698730664 0.11664459897381954
0 0.5686457292168796 0.13074858615295093 0.06596348960843983 0.07329333605604171
0 0.4821126495154674 0.1578033550546524 0.09136768119435104 0.10196384992375007
1 0.5035113101787996 0.4750090388502427 0.2113959579295562 0.14531641926229177
0 0.37730481721616504 0.20328146884611079 0.12727233020561535 0.1246389369297223
1 0.4011671962006137 0.589291704028472 0.267033952733776 0.1824904173624308
1 0.31708676316467715 0.7297550094993053 0.2920668037225118 0.1612336664125003
0 0.25213520843375925 0.2820994127096873 0.14911447921687965 0.14698671561506949
1 0.27811673433578515 0.8550829710303123 0.2753491972858944 0.14524499050069473
0 0.16271171153585237 0.4132968209540624 0.1847241972858944 0.14313567021222245
1 0.9016481614196369 0.517388722077152 0.08104218639013112 0.0658445119678472
1 0.8852690445914593 0.5741115007624993 0.08060514381548423 0.059594511967847194
1 0.8677808958322967 0.6261649632434368 0.08740144703379257 0.0675524823325695
1 0.781717345716081 0.7494589525098605 0.10582366510280768 0.06330139342673621