0 0.40501639973316983 0.2988633339552077 0.10174818380210837 0.0852610207602467
1 0.2226521576790163 0.7398252094680898 0.1379695266917457 0.13197419467652322
0 0.45857513984733816 0.24972815559030687 0.11281301779449712 0.08883168973360736
0 0.27439107121516965 0.7228486150955777 0.09894151878308026 0.09294618676785796
0 0.5124376274900484 0.18884239372730877 0.1371418557412186 0.11166169467652329
1 0.32271848326844815 0.6989681047154545 0.15222302768032883 0.13723469764227278
0 0.5755942020908971 0.14479396338524148 0.11750051779449713 0.08902269072219057
1 0.3860342253597827 0.6588259243733872 0.1848737015966055 0.17288303756616052
0 0.47688471843970054 0.6222570715979181 0.20993736859279988 0.17546420950527092
1 0.590298619618564 0.5440763803814359 0.30839872631118476 0.29490922927693436
1 0.7321412683259697 0.45299909973535746 0.316500386387297 0.2640412312541008
0 0.8812393656270505 0.3721589821311408 0.23752126874589913 0.21331171939110263
0 0.19453383897248572 0.4146487959319366 0.04684050790866538 0.03934634288963732
0 0.21027158551244457 0.3975740424718955 0.050283842889637345 0.04728617688202617
0 0.22278883155811186 0.3782828730042431 0.04059050790866543 0.039091674904859805
0 0.240742994105682 0.3579876190499104 0.050220175893442943 0.045723676882026075
0 0.2573747371855998 0.32444294859367495 0.050220175893442943 0.045723676882026165
0 0.28122873125410075 0.2952992766545647 0.07285917984777565 0.06536501482874764
0 0.22227151980884452 0.48081762399282635 0.07260451186299813 0.05911501482874755
0 0.3203893903416297 0.25770643475351046 0.06667284684397004 0.06667284684397004
0 0.27597483996106886 0.4160256121298282 0.07592051285158127 0.06392984882113648
0 0.25884834836402587 0.45663336608416094 0.06297484387822054 0.05248301285158128
0 0.36195746642535315 0.2215805923581647 0.06973417984777566 0.0652376808363588
0 0.402330457033813 0.17533033346091614 0.07961851581733081 0.07811968281352515
0 0.3169208335352782 0.38383785323257963 0.09817751482874755 0.07419618676785796
0 0.43136669961943913 0.13893257703512552 0.09505251482874755 0.07406885277546911
0 0.35501374113993245 0.33924559482962263 0.08236151384016441 0.068872016805914
1 0.4719306912164821 0.09736981813787696 0.1339531887450242 0.10997186068413449