1 0.4526381576418353 0.31913278276927176 0.1486523587069682 0.13120522365499818
0 0.1468921764249156 0.43163831846155054 0.09272601087441493 0.05842965186945541
1 0.8701519684025195 0.1801337568252553 0.0959438527754692 0.0991730510396184
0 0.6397879891627661 0.29633113234970887 0.08299818380210837 0.0872883576783142
0 0.15420726931455295 0.4765364213659799 0.0927896778706093 0.05999215186945541
0 0.9221574787826429 0.22556373338003852 0.07049818380210837 0.08634116431701004
0 0.17201419323082956 0.5096682300792682 0.1007295118629981 0.06370914772027056
0 0.7120104990485979 0.33787816969237283 0.12040002471457925 0.12594903859206372
0 0.4941173449039848 0.41394745268535915 0.1460075197716634 0.10452432448483524
0 0.8010995153602203 0.40870996533340653 0.12872186068413463 0.13904103444287888
0 0.572555362698482 0.4926392925175341 0.2163491946765234 0.14879638797200823
0 0.1875940667665453 0.6997012342284531 0.15933519072219057 0.1257840178461393
1 0.9188467949805345 0.4509781304756091 0.16230641003893104 0.19872461037760658
0 0.6612915519377977 0.5932769873287308 0.21806820357377177 0.19098388797200821
0 0.2090008345610425 0.7827146437715783 0.19603669467652324 0.14725719875988902
0 0.968714143801671 0.5774805082751479 0.06257171239665808 0.15963695435896633
1 0.7750423286295435 0.7116107450024006 0.23777320851668762 0.2158421780139646
1 0.2264986937623022 0.904423700410274 0.21599636760421675 0.17836548880184538
0 0.8957951804164294 0.7902308072401738 0.175244033611828 0.1721621103776066
1 0.29620779102620176 0.17268660310492207 0.08529551285158128 0.06721265601864027
0 0.6336149491251476 0.10636898317954588 0.045150673916276675 0.037690176764564674
0 0.6669686185927999 0.11716385060612237 0.05340884288963732 0.04921967261537978
0 0.3259854743340185 0.2495800672121507 0.043588173916276673 0.03757177759440165
0 0.7042285380604522 0.12766272010729132 0.051782675893442945 0.04753877344521675
0 0.4912457184025195 0.20884555558978862 0.040654174904859806 0.04202247925407558
0 0.3615873933073792 0.2578535858834826 0.0440975098858317 0.050071777594401644
1 0.1438852401513493 0.338610368876469 0.11750051779449713 0.0930181394219007
1 0.8335022025851888 0.10767933898376032 0.07655718281352515 0.08212726099766213
0 0.745027293003368 0.1480810412681342 0.06173067885919252 0.06231166846619489
0 0.531358723839727 0.23166682633571303 0.07167868182494211 0.07708456348717307
0 0.3847038997331699 0.28666474750120025 0.055035009885831786 0.05090057178554286
0 0.1522999180219586 0.3912617721958169 0.08009867688202613 0.054357458508151255
0 0.8007971319386729 0.17049957031242838 0.061985346843970036 0.06856166846619494
0 0.5840035627750316 0.25432215372033323 0.07955484882113631 0.07923905933798814