1 0.3987985099589491 0.6375096157428968 0.18054199375348406 0.15943997402109958
0 0.40965017242853985 0.5186885599266982 0.19148858411256367 0.16176729852673155
1 0.3712921752572102 0.39486329383515467 0.20712267447164337 0.16442240496334898
0 0.6080133869133615 0.9430388958707339 0.15066359621281222 0.11392220825853236
1 0.37282792506081847 0.26523042415698556 0.2541067587805987 0.18645022427320107
1 0.6154537030719444 0.8785327255337088 0.157059041958086 0.14998856436617344
1 0.38139947004396657 0.1353079773752942 0.272947662371395 0.20338635199714186
1 0.6843678504162246 0.7207855635329942 0.24484993344863373 0.2061071604112307
1 0.4185681928184076 0.06053185250134498 0.21911361436318474 0.07779649011264289
1 0.6977450700674077 0.5708783986822882 0.3200862827847038 0.25197667130699397
0 0.7230092113615637 0.39288443865904504 0.3044249213483855 0.24463406487037664
1 0.709914834603543 0.2254948428660894 0.34195219242562425 0.2519438203182583
1 0.6785880874322133 0.10216124967102387 0.3178238251355733 0.1315549106633322
1 0.17985254635789016 0.7902365059520846 0.06594316256778665 0.05927644703379294
1 0.1644866215916593 0.7446126495154675 0.07539997579950315 0.07399451089576328
1 0.21530825732667047 0.8755620007563045 0.072256795081344 0.07065098960843982
1 0.2007508536376784 0.8253052746415183 0.06124657220870704 0.057386165102807585
1 0.15076501005714496 0.6850355537225118 0.08324883723582163 0.08079081411407181
1 0.25479748332256535 0.9392856471696789 0.07387383723582168 0.08013525025210129
1 0.1316655521134268 0.60945104567674 0.09901928298109555 0.10688342055068922
1 0.10299162715080416 0.43315634344716714 0.10521474082661783 0.0979454631253363
1 0.10203363602959876 0.32914083280350537 0.11306360226293632 0.10474176634364492
1 0.10334667203575638 0.23778921312533624 0.11148292154477706 0.1015075056999832
1 0.1163148255283567 0.15819454827463014 0.14124314441741398 0.11608345792955613
1 0.3790531156397309 0.807292238018956 0.14442268657189175 0.12567697921687965
1 0.4052252510801545 0.7419075386393745 0.15384313836728972 0.13414504307885