0 0.5317534731672245 0.14477337051134836 0.07070338544042354 0.07210422896477811
0 0.5023432291191529 0.09919307274092133 0.0706670240041051 0.06585422896477806
0 0.5462563347017388 0.20232914439656186 0.08325792759490121 0.08235331411407196
0 0.5631165817748727 0.2573772773162828 0.0816954275949012 0.08224405347041017
1 0.7040627268796577 0.595036178421234 0.15538745764913067 0.1311293037225118
0 0.5822842174116879 0.31851151927051113 0.11153746369925485 0.11088250569998319
0 0.6029643560735654 0.3881302505810777 0.0958306504675381 0.09572739926336578
0 0.6244302899149825 0.4569131015698134 0.10684087334017515 0.10899222376899793
0 0.6482308833973202 0.5270945615930565 0.10367042154477701 0.10096120248167466
1 0.43825293716106695 0.2426806288092216 0.183666993753484 0.15965849530842302
0 0.34857787968488696 0.08573649614160223 0.09105224687674199 0.07977461733238063
0 0.36549266891249843 0.13140962906132314 0.08949883723582168 0.08122785668871887
0 0.37527166901069425 0.19554318487752187 0.10518746974937905 0.09325796312533625
0 0.4274830879231927 0.34885957299302284 0.1366465480082102 0.13138067599857095
0 0.5890684650739969 0.7631684554085407 0.1131272347764936 0.11567926634364482
0 0.44407971458301754 0.4492202059127438 0.1586488130353249 0.15478532500983527
0 0.48026213339732016 0.538840080786693 0.14764768052176755 0.14308300050420292
0 0.5424889017440844 0.7156650247183928 0.13819995764913068 0.12992743664223277
0 0.5054661455957644 0.6362560301662744 0.14452268052176756 0.14286447921687967
1 0.8325114763886784 0.26196731628463354 0.032985216822512695 0.03198197351689647
1 0.8248080606976338 0.24376361950294217 0.03769998789975162 0.03699725544788164
0 0.837039895104785 0.2889832843536483 0.0298602168225127 0.03176345222957302
0 0.8046455516224474 0.21940275787054472 0.022011355386194253 0.02496714901126431
0 0.7938262262904825 0.19985508237617688 0.028297716822512697 0.03165419158591121
0 0.7806858768562165 0.17656504784730162 0.02512726502711473 0.023623170298587758
0 0.7698756418833312 0.1554548723529338 0.023582945745273774 0.026638909654926036
0 0.7910370486955813 0.2765814733416695 0.05028180113146803 0.05193384059717552
0 0.775584765518094 0.24798657977828684 0.037718168617910844 0.04012225544788164
0 0.8002120607958296 0.31030090947969907 0.050272710772388506 0.05037134059717552
1 0.7324074581401099 0.15260837780081543 0.0644261143631848 0.06697968639013112
0 0.7438989491631195 0.1908514229733524 0.037718168617910844 0.04012225544788164
0 0.7554268016224475 0.22284446814588937 0.04400453005422929 0.046809298022528534
0 0.7232137444408551 0.25633431134095497 0.05345225292686635 0.05996486188449897
0 0.7547768409482549 0.3345632181458894 0.0722386143631848 0.06752598960843983
0 0.7015750937769252 0.2172389603522192 0.04714771077238851 0.05015281930985205
0 0.7701518560735654 0.37643936170927206 0.07385565651766228 0.07701025025210155
0 0.6853961027539157 0.17932369711066745 0.05341589149054791 0.05371486188449896
0 0.7331290999252452 0.29703036715715364 0.05656816256778665 0.058620883171822416
0 0.6660739310127468 0.14475195515643913 0.047111349336070064 0.04390281930985207