0 0.4182163004238431 0.36325604292629743 0.09033105702175911 0.09757603787379185
0 0.5092301540997688 0.21787599811031053 0.08040925287472192 0.09000846754845684
1 0.14745084740731643 0.8637754026453706 0.11037015494824058 0.0973057735786842
0 0.22792774227078832 0.7303590375040487 0.10521376324231466 0.10892739336179424
0 0.4322890708762044 0.410312636049856 0.11132706220555537 0.1082432735786842
1 0.20923723939606628 0.8083995745973802 0.1331432736099072 0.12828550928357635
1 0.3995654622993064 0.49508036518229626 0.17991982026407377 0.20430748069336108
0 0.1654298678596776 0.9113809834044855 0.07150314458064803 0.07641049227734449
1 0.5529610302543059 0.26040134973698514 0.2135525264846292 0.21829397683203328
0 0.24628888859486273 0.8911107361156099 0.11091695909527761 0.10355577357868384
1 0.22828189090393694 0.9474324679386872 0.14435417568342573 0.10513506412262572
0 0.4802598047591677 0.5942062357458667 0.18296690782296263 0.18621626585602868
0 0.642971584118519 0.3434376955716681 0.133084485014259 0.14525341422935395
1 0.49562238166764006 0.7078760066134265 0.33913757832259217 0.3131082009529422
0 0.6770738905746303 0.4146623694543415 0.12880708812453676 0.14928212906668642
0 0.5408194300652329 0.8692358211467697 0.2209549233743516 0.21470445210314573
1 0.7717425501410192 0.4896539529245806 0.32413729491074006 0.335692655356495
1 0.4860943909039369 0.9503590204978167 0.2252911088597219 0.09928195900436662
0 0.8154557195093529 0.6950931600392576 0.24679425344037006 0.2630912828622606
0 0.13520087445759352 0.5156588361813634 0.05396433006601846 0.05233954173511961
1 0.19032716333606564 0.464092127916483 0.12785018086722197 0.1383446290666866
1 0.12536796173365855 0.609970491127141 0.10195206220555537 0.10692570325334927
0 0.15151008817101957 0.5733108694133671 0.05226512902925919 0.05055744668089694
0 0.21284742082893615 0.5321073388924878 0.07912015494824057 0.09291387249423444
1 0.3698074861920375 0.3018835610827329 0.1491975005656478 0.17066726971735635
0 0.20496727884018626 0.595059196311154 0.0937882476909258 0.08417232303645932
1 0.1913449847779179 0.6603674710400416 0.13042837672018495 0.13253381917513138
1 0.1356432059842144 0.7727492144675895 0.11105366013203684 0.10511827357868402