0 0.30118711700702283 0.1987403430321486 0.10874595373324994 0.10438127461060623
1 0.35429186403957436 0.526516002045064 0.17169238436503065 0.12334187476889084
0 0.41360595370134395 0.24794838433580227 0.13934660402042293 0.11305759263643719
1 0.4723722325143685 0.6241615433487178 0.2339082947670729 0.13605247492717537
0 0.5146510114869226 0.3264120166265404 0.17461446528398455 0.14834187476889085
1 0.584831661678378 0.740329764119258 0.24419644505424606 0.14413775956691133
1 0.7341011558711047 0.8583476413954312 0.2561485548819423 0.13981397241989307
0 0.697534544703261 0.41893580040834666 0.2169643063178075 0.17760347743445776
1 0.8811080056796495 0.9362008906040085 0.237783988640701 0.127598218791983
0 0.8377435692405955 0.5460331609914725 0.2264001878111074 0.21836486975432584
1 0.9323864016592266 0.7338634330947963 0.13522719668154687 0.15296719028743908
1 0.09836655331845308 0.6350796936526516 0.05647322252712299 0.07015938730530316
1 0.07604507220804399 0.19763952962517115 0.08938718206764609 0.05865959765100208
0 0.15191769492662227 0.6802390809579547 0.08285309246968837 0.06936977711788864
1 0.10629061410338622 0.2499067232778227 0.10261770229738457 0.06527331050398359
1 0.18204148825782984 0.7714323822907382 0.07274757223994995 0.06284699247815269
1 0.1399351010848804 0.30460859514371963 0.11657874275686142 0.07813702335696497
1 0.2443182801531721 0.8246315901291548 0.08230520229738456 0.06468227711788863
1 0.15994319361838066 0.1027565901291547 0.1296063439055537 0.1096598079967011
1 0.1947646530950919 0.36070548244902273 0.15525569361838065 0.10262019780928666
1 0.2521510259093879 0.43867736975432586 0.14531251442246526 0.12413148495630519
1 0.30374401713466626 0.8800836197543258 0.08303572252712303 0.07093227711788863
1 0.2387175505424402 0.15721442108710937 0.13713475430759603 0.12077916442319178