1 0.36431518190766204 0.4239561758562619 0.2114041644231918 0.13190521049385406
0 0.3770532111371218 0.324100755894318 0.16273934389007838 0.12211903361182799
1 0.5429572882676458 0.8914580577577536 0.1580973079967011 0.12349053262324503
1 0.3633651326864496 0.23001517486767872 0.2005121285298145 0.13302204152049332
1 0.5552383279219468 0.8565418882901014 0.13108016693047428 0.10678319368794006
1 0.5430505649898231 0.814018807263462 0.13746655925034226 0.11172536167271759
1 0.353424179862598 0.1303016763505535 0.17046091567683294 0.11931236859279988
1 0.5806582135778973 0.7624271323586023 0.2026656619159093 0.15339820851668762
1 0.6005866171805364 0.6677539609137836 0.2560634465556454 0.164937886387297
1 0.6109354323033734 0.5664315414461312 0.24829641066226812 0.1661820514063251
0 0.609900466547398 0.4233354574537424 0.2829896594086268 0.17852022532260176
1 0.6045955379384413 0.2678985409518396 0.33086486975432583 0.2148052352084334
1 0.6160605721824661 0.12429312098989571 0.36358644154108044 0.21301724212851564
0 0.17517142854244977 0.6170389668824636 0.03840928213245363 0.03277800790866543
0 0.19052965558119617 0.6609972139167141 0.04010817445232169 0.03752917490485963
0 0.1752934489964209 0.5943508833843665 0.03997178213245363 0.032841674904859806
0 0.15493783339873013 0.513051803840602 0.04488660266556703 0.04084517589344294
0 0.1742477745440992 0.5584133833843665 0.03693771034569897 0.035839340912471054
0 0.15449155251991775 0.47083247034250475 0.05586956677218975 0.04285334486680377
0 0.15254495612255686 0.37705063684440754 0.048102530878812375 0.0440975098858317
0 0.24080244022093228 0.6683348700384937 0.05403428213245363 0.03341467787060921
0 0.25354413261994263 0.7030136175670357 0.05899456677218975 0.042980678859192524
0 0.22171380793019407 0.5768158734985347 0.05269910266556703 0.04116351087441501
0 0.21353994358614453 0.4840699579852151 0.06390938730530313 0.05098417984777566
0 0.2046901293212373 0.4218564594680898 0.08132420783841647 0.059497016805913995
1 0.17818380212420634 0.31734271441100576 0.09239810015828458 0.06463018577927464
0 0.2007096714828208 0.3657019599623815 0.0923071719450392 0.06150518577927464
1 0.17841347116625164 0.24459096391671414 0.10539820533113406 0.08232702174882985
1 0.3673913354437942 0.7984932608372339 0.11697220282385157 0.10464769072219067
1 0.37446804955041685 0.799769259354359 0.13943823620994644 0.12585152866891197
1 0.3581945287007343 0.6705910953239143 0.15064852084968247 0.13567219764227278
0 0.4144110879510766 0.774676417453305 0.08739235141192583 0.053501684790691506
1 0.3485203488381363 0.5262826798105946 0.16760870031656908 0.12856003460041113
0 0.40670623653915083 0.7249310854380825 0.10784124373179385 0.0590168557412186
0 0.3722139131030436 0.5878913418638732 0.12405727711788864 0.07996602570316255