0 0.6770332035544365 0.5197270823813833 0.09791188962385675 0.07501936525911965
1 0.8518022258713593 0.12286749350058765 0.07090846491431009 0.038672762174864594
1 0.7040415606521393 0.3895037942319363 0.1481856761762696 0.12581029788867948
0 0.6601134411306641 0.46151911606660334 0.10212217105719698 0.08601141233702041
0 0.6792136311974291 0.30846229991397917 0.12210039474292937 0.11443642126547413
0 0.43951840638996875 0.7996661781620377 0.08900201023814529 0.07954322402541755
1 0.6997696728689148 0.2196043514561067 0.15491289474292938 0.11500916558343129
0 0.41206084243047447 0.7530133206135557 0.12304273392387768 0.10821369480442442
0 0.6594717836189673 0.1367276217486462 0.1388227741286407 0.11004893019392789
1 0.6880135124237724 0.06992195129395094 0.16961975146672276 0.09030917451188503
0 0.2630708369374925 0.9452808668806775 0.0788639071667018 0.05596935633066593
0 0.3791999506209908 0.6898314821397973 0.12412801535721804 0.11915119480442442
0 0.2651457327732354 0.9007087065722519 0.07620402778099047 0.060602309252764996
0 0.3442278691186515 0.6242649833576133 0.15208587720008424 0.13367734496658024
0 0.20933665748278227 0.8637348120921391 0.12242257310482607 0.10196369480442442
0 0.31181395099490017 0.5329172345754293 0.1976842617048682 0.1687887305182393
0 0.15851911362566948 0.815891601459402 0.12788527412864062 0.10985801542127546
0 0.25632593747831417 0.4059495856310894 0.2610903070287038 0.21045012499835228
0 0.0847885635566705 0.7386921274339844 0.1658261988381875 0.14639553327818292
0 0.22816957600935733 0.2638069500794303 0.30761893276206526 0.25493651055001154
0 0.04786796416649117 0.6388091298696164 0.09573592833298233 0.18386825973923263
0 0.22274093566659645 0.11345239407307584 0.2701431286668071 0.22308649269310407
0 0.24243820723570075 0.02536205884572821 0.1869985855285985 0.045378504057189774
0 0.028592353790347823 0.4938142297074606 0.057184707580695646 0.18762845941492118
1 0.8008473227020023 0.6048441964226869 0.0847917288048051 0.06855117694751697
1 0.8121179824282405 0.5306936302700629 0.0740092690095679 0.0699227621748646
0 0.787619396899642 0.5725265742637085 0.05184838450478395 0.03522047970746058
0 0.8147536659092098 0.5041311302700628 0.056058665938124363 0.04621252678536116
1 0.8238658607211382 0.46750783765638904 0.0760489875762275 0.05903980925276535
1 0.6441525821923291 0.835324808842433 0.09992741228577451 0.09533186525911966
1 0.8378920668640255 0.42079647889009103 0.06589878655241321 0.05106366801906326
1 0.6580831213042785 0.7659162897677094 0.09104172880480502 0.06866027110331832
1 0.843628554440253 0.36298397889009104 0.08603205044290832 0.08105117694751698
1 0.6746020686757432 0.7098572045403618 0.10274233187624873 0.09226141233702041
0 0.8268044590474185 0.3274731728837367 0.0527786257333613 0.044595479707460584
1 0.6849243402448475 0.6216032280793122 0.11960765351435185 0.10503414772652384
1 0.8389580847807799 0.2838595405784884 0.07994918860004212 0.06690685633066593
0 0.6505916830781457 0.6757861676087309 0.05496128655241304 0.05087275324641087
1 0.8507059630736776 0.22067374796481457 0.10775201023814525 0.07987050649282175
0 0.6646530664901162 0.5735106014561067 0.08322922880480502 0.06852390340856669
1 0.8509737006499052 0.16276579057848836 0.09541914839527905 0.06561709172016936