0 0.7321429117421898 0.44756896057450424 0.09011770229738456 0.06346361067790855
1 0.5750000072112327 0.05354733525623082 0.07441153178047308 0.04923747867599957
1 0.5446935910338231 0.025288711966910616 0.11438718206764609 0.05057742393382123
1 0.6614549926930495 0.3380854199156857 0.13796673407785748 0.11239200668363561
0 0.6789063004786284 0.4137666725811857 0.09452111269942698 0.07443747334499946
1 0.4951704552010211 0.0027779126352741714 0.06534091040204223 0.005555825270548343
0 0.5863535259412939 0.291238239258458 0.11205358379068446 0.10428860534690845
0 0.7572545590619144 0.7828888425764132 0.08340098264199228 0.07274770401018138
1 0.5392147181557151 0.21590243193032138 0.14413556356094598 0.09842041335136284
0 0.7049716833439817 0.7639393952498674 0.11252030344607675 0.09493178668045399
0 0.4542715317485671 0.1785575206079118 0.12989043350351145 0.09669428134945379
1 0.41624392338864225 0.08746944394495706 0.18179790459476908 0.12694540268936258
0 0.7287541760689372 0.9741047359166402 0.0669845809189539 0.025745434675363298
0 0.6375305272814413 0.7357785799252307 0.1124188439055537 0.10741360534690844
0 0.7034497902361354 0.9517121152530491 0.06870942195277685 0.05385225334181776
0 0.5668730561901837 0.7068728772676849 0.13869725430759594 0.11864200668363552
0 0.31847606212508073 0.05418532395768376 0.11308848264199227 0.07309314934754481
0 0.6362622902361353 0.9524939125955033 0.1112418930440345 0.0839942866804538
0 0.48065145938099346 0.6585904659452753 0.1812297253988536 0.14878404002227158
0 0.5676543350351142 0.9478160506047303 0.11720780344607676 0.09498633068109044
0 0.3530337570836089 0.5974904286282745 0.2428774566049805 0.18226924936345307
0 0.4617391544033335 0.9318376092855022 0.15091316470963823 0.1297067760184536
0 0.2348113438098359 0.5096824406429101 0.2835633380982805 0.22331242003499838
0 0.3316559535418143 0.9098818879694559 0.1754261560306344 0.16588063335454423
0 0.14013803458839183 0.3957841199872733 0.2119724276962382 0.21155676002545337
0 0.07694808519464388 0.2768255819939548 0.1067776155711575 0.15259883601209037
0 0.036079566432676714 0.17481818666454557 0.04476462425016139 0.11598862667090888
0 0.21123183506702015 0.816623331317637 0.15464693637524213 0.17500109468490815
1 0.8800325215698861 0.44115423388768693 0.07881494218251532 0.060211341343090474
1 0.8361911993299362 0.38064399522600495 0.06668020229738474 0.06319089067472686
0 0.8475548409381052 0.42432126989182317 0.04703734103382331 0.0286340773392725
0 0.8188819435545689 0.35972296789468666 0.053185881493299905 0.04118862133990877
1 0.8002942773771593 0.3278644405633684 0.07165179189534224 0.052326116008908664
1 0.9276786559030107 0.6948513985519144 0.09129465315890357 0.08688292934436319
1 0.778267080855142 0.2866581852323683 0.06292614160816931 0.04442270934118149
1 0.8895800287492127 0.6366212752228233 0.08350244218251532 0.06026588534372675
1 0.7416294941608209 0.24092806190327715 0.07871348264199227 0.07269316000954493
1 0.8618608669113051 0.5868758138924595 0.09543426298659981 0.08224997334499946
0 0.7053368785577574 0.22492180124127695 0.048315751435865195 0.0395715773392725
1 0.8084213293554647 0.5178718225652774 0.1092126733886424 0.09333292401336309
1 0.6835836271218921 0.18605929591027687 0.07394481212508061 0.05859429734245412
0 0.8223012065092627 0.5763837565643228 0.050426141608169314 0.044277258672817864
1 0.6477780201978325 0.13406099124764032 0.10022322252712286 0.06982269867918123
0 0.7608766834077937 0.49260874057132253 0.07725244218251533 0.06019316000954511
1 0.6083806936183807 0.09149223058564009 0.08920455201021156 0.0556511106779086