0 0.499198489821319 0.2944435758707188 0.1648944941927269 0.12289001038216937
0 0.42564937134652486 0.19627211540384484 0.13356332367581528 0.1070984104104042
1 0.7151279405552143 0.8672425809912163 0.20886771671984974 0.19373313140062187
0 0.30398742772814413 0.09141874445597947 0.15754871384811917 0.11315098933548196
1 0.49060479029994725 0.7121701311888604 0.3146713005105342 0.302318447100933
0 0.29428781056159165 0.5727072708349259 0.3239245519463996 0.3416539628859484
1 0.1708502961391264 0.44602440251789643 0.27558851148692265 0.3264238050357929
0 0.07663355485003623 0.27060790258848366 0.11674109821314974 0.22871580517696727
1 0.0804484898213189 0.2700541657426633 0.12510148838545357 0.2338583314853265
0 0.8641335620612688 0.3762212807935722 0.061444812125080614 0.0609976841585147
0 0.8896002889278938 0.42814009656447033 0.05777192195277685 0.056128173635170954
0 0.8290584753669478 0.3283984308218071 0.07136770229738439 0.06623121572854576
0 0.9074371458519532 0.4811663860270092 0.049695621378430845 0.04013915258848364
0 0.7965604985003228 0.2760700913733857 0.06879059246968851 0.0707367052052021
0 0.7455357369495882 0.23119793615406614 0.07431007223995004 0.0648507262518895
0 0.6981534248245076 0.17101929935059804 0.0684253323548191 0.0676117052052021
1 0.9324980417677186 0.6424679070736966 0.0984780924696885 0.07246580517696728
0 0.6554078829291653 0.11731817570130958 0.06649757223995004 0.06439569994353027
1 0.9497463835992391 0.6900709491670713 0.1005072328015217 0.07577281570031094
0 0.892035375590309 0.6082980334244082 0.07808442195277684 0.057311242036904984
0 0.6017654262922788 0.06996576258948226 0.08790585258455756 0.07495376834526431
0 0.5490259754307596 0.0436160942159831 0.05742695086151919 0.02662268415851472
1 0.9468090931238091 0.7977546465503529 0.10638181375238176 0.07301183674699843
0 0.6677354190172343 0.2825336520237863 0.1193181936183807 0.10471686305535757
1 0.9136060113912048 0.7662925439477519 0.10040585258455792 0.07568181043863902
1 0.7891031429483167 0.5309172150932613 0.1931006647096382 0.13849959983059074
1 0.6971997181238092 0.39520795727134067 0.19713881499681135 0.14649411035393456
0 0.8387176082323011 0.67657832558837 0.10913150287173075 0.08394933674699842
0 0.8663860402999471 0.7340568966209401 0.10491072252712286 0.07439232622365459
0 0.79739252153798 0.6283914545699176 0.13173702310146923 0.0914734104104042
0 0.5642552962029382 0.2004653336926394 0.12473621384811917 0.11123987884037315
1 0.4659598265794519 0.06981530219319547 0.16629465315890374 0.0950380261671849