1 0.4663791813647169 0.2669815062810609 0.13837761688838307 0.13541261213660052
1 0.2921406318638312 0.2294918499803295 0.1582525199665911 0.1321455005042031
1 0.4754192165145522 0.34474051952261264 0.15150310149734292 0.15961493664223267
1 0.26807643573247186 0.31267033673877775 0.21208704866869202 0.1933450804577169
0 0.5128129498757262 0.4430252002127606 0.1397942512477858 0.13395937278026224
0 0.26777238165603523 0.4073819031986382 0.12568972920121518 0.11589778763096845
1 0.5736132724631723 0.5233739818916442 0.23560859276183307 0.2291404688253195
1 0.2645300037443669 0.5418825893366679 0.27500484608959824 0.2520752242732012
0 0.6077349286613496 0.6816510216162996 0.18498310815287322 0.2023158888718056
1 0.24597415661477898 0.7240230999803294 0.2915470619797527 0.27962107006615683
1 0.6334297115234093 0.8304273752029253 0.24106744301139021 0.254358990112643
0 0.3103148535783321 0.8662163177972427 0.18844186148063838 0.2227376495154676
0 0.6849798887281674 0.9184083404219485 0.14729279742090623 0.06463021857321785
0 0.4397613325717513 0.9262418917986718 0.1818556851080741 0.0856746920901145
1 0.29647700207997946 0.08327241384229993 0.10881375998329554 0.06814870248167453
1 0.43136132029967056 0.12661858623457464 0.1205646322794232 0.11088250569998319
1 0.26917406260415044 0.12631757349722594 0.11754347587345002 0.09514824505632145
0 0.43633934005846564 0.18137714205077335 0.0777096256238929 0.06752598960843983
1 0.24295400415995888 0.19101921186482854 0.12398136356061788 0.11422602698730663
0 0.41248404263755933 0.23737576977471422 0.07189722254568487 0.07177644703379293