1 0.38784810535133657 0.4721552384889268 0.12036676634364492 0.11315450585373235
1 0.44046573491686286 0.2522285578689634 0.11603989926336591 0.0959488251355732
1 0.3484238804970578 0.8248716932111911 0.11510011213660051 0.1271806444174139
1 0.46236750411049937 0.42013822053494587 0.1425695482746301 0.11796927088084708
1 0.5149140778598268 0.21037233509452236 0.11683757475773363 0.08502041549465285
1 0.4199218220829691 0.8525921722321481 0.09347648441265974 0.10831246974937905
0 0.5079860067083894 0.4018967597625574 0.09529035668871888 0.08958065046753813
1 0.5527475776077253 0.13668485021983284 0.12777507475773361 0.08508404800821019
1 0.4684303778991678 0.8421495759211401 0.10906863342392406 0.13026928298109547
1 0.5706063390076916 0.35854621468121345 0.19850247402109958 0.1807692527304745
1 0.6524854976542115 0.08764738652057806 0.14016581411407197 0.08359427088084712
0 0.6382201739048841 0.297190558163551 0.13704081411407198 0.08357609016268785
1 0.5541711359449395 0.8611899465308408 0.16670617080279088 0.17277494554888229
1 0.7066213405971755 0.04590933841417202 0.15280792574646931 0.06336358411256368
1 0.6978029875147528 0.23275535344128667 0.22320754307885 0.15436128883482797
0 0.6764942501752269 0.8221814678044714 0.19367286238870207 0.20104539129415605
1 0.817470995308423 0.17813096507399687 0.22814641535490915 0.13564765027114647
1 0.8945308860218141 0.10655997122231695 0.210882505699983 0.11211924668035031
0 0.8022044443590282 0.831610489078102 0.194907580457717 0.19636698165323557
1 0.8850541101689643 0.7584269982514842 0.22989177966207136 0.2153442406302261
1 0.2510747250295057 0.4721693949083933 0.09616444183801284 0.10208065046753827
1 0.28891357861613143 0.4320892955723233 0.07969820767745457 0.06762383723582169
1 0.31514294284641897 0.39363987392935035 0.08158848960843983 0.0723204275949012
1 0.3138039539942838 0.5421455516224475 0.11600704827463008 0.1178147347764936
1 0.34996605707670647 0.3551404553114395 0.09674359604505715 0.0880272408266178
0 0.35747754433935774 0.5184444312091385 0.06766810124083725 0.051935204722264317
1 0.402320878732347 0.3102864975641131 0.10644637797604233 0.09276928298109555