0 0.30070198271381915 0.3120640452400469 0.040189895326597204 0.05185502591898139
0 0.25388153410058995 0.31382132634282456 0.05933993882958344 0.07068293836009243
0 0.31309222672989556 0.3491833364275932 0.04669446846486114 0.06333933006601847
0 0.37991605081809 0.3589301918469452 0.06093880642076392 0.07238213939685174
0 0.43458471381211766 0.3884523050419916 0.07532861474138901 0.08767494872768503
0 0.5055868916237843 0.4196640573510658 0.10101959897381949 0.11954966531583314
0 0.5897612166619093 0.4544013508476864 0.09764002583555573 0.10833876324231469
1 0.6861088865897912 0.46858213656861236 0.12453114057694456 0.19177597983046266
0 0.7726808598043051 0.5342960279917145 0.12652874525034735 0.14361188190398125
0 0.8608159862292009 0.5663478188964369 0.10414459897381931 0.11982306738935158
0 0.9272579506099994 0.5925009243157888 0.09662303970326391 0.13163956220555537
1 0.24011062804041644 0.2690262361920375 0.09734908510611114 0.09583876324231469