1 0.41942498336117406 0.08408590954463954 0.07312596921791967 0.04967634783255324
1 0.44054722109010314 0.21631081912646014 0.1006056851080741 0.07725751977166348
1 0.4453817982531 0.15618640262455732 0.09816799126449016 0.0678188527754691
1 0.4477057487522142 0.10628190311884889 0.0920638569050876 0.06912668479069152
1 0.47159822213009284 0.26719022821398913 0.13487684151404727 0.09421952669174569
1 0.47055494010022675 0.34506056022921155 0.1861896322794232 0.11031937056996624
1 0.47132386730498477 0.43686605825204516 0.18746040099822853 0.10725803756616056
1 0.4872801975879509 0.5327223863129349 0.18921078868539637 0.1260080375661607
1 0.5158823935115142 0.6265068784042696 0.17510626663882595 0.1083112015966055
1 0.5199951191771682 0.7158412924347145 0.16812693843583926 0.10024403361182799
1 0.5213264979210303 0.8099587069594509 0.18423155740420186 0.12269203657757748