1 0.7621854532383561 0.4230518271254173 0.06916672880480519 0.06864220364722229
1 0.7221030939550263 0.4275750197547228 0.08056934941909369 0.07358427678548622
1 0.6698308150812222 0.43493227165458387 0.11023265351435185 0.10545252583555573
1 0.9527491721644678 0.6421505852935424 0.09450165567106446 0.1103945989738195
1 0.8876604386289564 0.6192748233256952 0.11992983187624873 0.09320709897381949
1 0.8624751535432662 0.6561020228888548 0.0936895102381456 0.08012521751493065
1 0.06637153876695448 0.4489466462765278 0.057703618428661695 0.14164329255305558
1 0.8482867416314012 0.7173479942035076 0.1761435380191358 0.14128222948277802
0 0.7874679879790513 0.7642580553739242 0.15754857822389887 0.1424083183886113
1 0.7143817946338459 0.8132209258148964 0.2156106688715699 0.22482208130638917
1 0.5835545724148362 0.8641570116350522 0.26962961624303466 0.27168597672989564
0 0.4555543677386719 0.9023099952503474 0.22140764620965214 0.19538000949930528
0 0.30133803732914605 0.9002584924005557 0.19006309576674382 0.1244584053945836