0 0.651483574157516 0.5892561487500523 0.08498121572854593 0.0749998013432899
1 0.7773220922204317 0.22668077450637486 0.06844616311182747 0.057271474161887936
1 0.7757819790238998 0.1855299427110244 0.10189569994353036 0.07262596124283194
1 0.6646499740445766 0.47134747962261303 0.12824536831702957 0.12578095201493475
0 0.631049247792687 0.5345386579779495 0.08708974729857691 0.08458513406142991
0 0.6360237160814817 0.3950554925416691 0.10426183674699843 0.11325096124283185
0 0.45935917441162993 0.8326760516002111 0.07753273677523324 0.08019813775258902
1 0.6462247396884179 0.3145416570551598 0.13532982622365458 0.11433261560563572
0 0.43047531121509797 0.7878443972374072 0.10389781570031094 0.10700096124283184
0 0.6034904790944869 0.23713792551095408 0.12117632096198286 0.11087712114237398
1 0.6312885263789465 0.1519064999239868 0.16968941567207593 0.14531210268657965
0 0.3112339455994916 0.9560387733266641 0.06835515785015547 0.055708974161888136
0 0.3953792453736127 0.7280037456429727 0.10600634727034208 0.11658629396097205
0 0.3096938324029597 0.9148879415313136 0.06559417889684287 0.06153830872560775
0 0.3588571874246352 0.6656090113303976 0.13017188936371688 0.13224128473307495
0 0.5702747026449534 0.09093910848023908 0.09382559471009326 0.04053463037027116
0 0.25590867974388887 0.8785148800373369 0.10353379465362353 0.10075096124283185
0 0.3213564584007354 0.5794612779406126 0.16940098933548198 0.1669767699684394
0 0.20593106654735696 0.8308437339796406 0.10867632096198283 0.10919445939725243
0 0.25980357934860077 0.46015555470151437 0.22774411035393446 0.21048624782148626
0 0.1330997822759028 0.7564749307907712 0.1433999314570916 0.1464239464781965
0 0.2225982529131846 0.328379822234519 0.2658657366340589 0.25282390033871066
0 0.06392854369114144 0.6596903004205001 0.12785708738228288 0.18176043909587883
0 0.20587973172532287 0.182826998744276 0.23076269454068407 0.23569658053962644
0 0.2073350868881727 0.07672725058985543 0.1759548262236546 0.1198012662772806
0 0.040657279150956675 0.5212138124167665 0.08131455830191335 0.1861776248335328
1 0.7716525900131188 0.6755088498421974 0.07377069994353036 0.06883997231630853
1 0.7747845662650082 0.6082161834831272 0.0629242052052021 0.06893014328932719
0 0.7569299373540479 0.6443941063017253 0.04547909997176518 0.03557681610792525
0 0.7746781504517579 0.5830058507649871 0.04924113680346807 0.04693498154420563
1 0.7797597635777025 0.5498327662012674 0.06541216837349921 0.05841330872560757
1 0.6488466086407317 0.8778678932133139 0.08460178413027979 0.09510196862514989
1 0.7885124082736785 0.5077053470738282 0.057235647326811724 0.05111164513490678
1 0.6557028243692775 0.8142260586495944 0.08002069994353037 0.06968130318886914
1 0.7892173345396853 0.4550460979966179 0.07284523677523325 0.07956713959816816
1 0.6649104953736126 0.7642861395221552 0.0890162683452644 0.09104546677957011
0 0.7706794371422865 0.42184302266079543 0.04602513154179633 0.044951816107925244
1 0.6664722663497129 0.6833967240858747 0.10215330517696727 0.10366562852469166
1 0.7776875713149186 0.382630270815216 0.06899219468185827 0.06664647416188796
0 0.640767340083706 0.732690649672842 0.04629814732681172 0.04963931610792525
1 0.7833985159967771 0.3251332698924263 0.09306673151356115 0.08073896493399069
0 0.644665155784017 0.6387303169547018 0.07220819994353037 0.06862963959816834
1 0.778634692262784 0.2717378563017253 0.08121917889684287 0.06364163590700951