0 0.6971279674116879 0.3756494970532992 0.059656801131468026 0.04981946846486114
0 0.6710967325369984 0.41801818179882 0.06595225292686617 0.05777743882958344
0 0.6481495910464506 0.4674908517267019 0.07383747579950324 0.07045927678548622
0 0.7091148830045366 0.32982850398715335 0.05496021077238851 0.0481478656913195
0 0.6173990399149825 0.515219183698681 0.07070338544042354 0.06882404160312508
0 0.5889467869881162 0.570814567057431 0.08637383723582168 0.07700021751493065
0 0.5519007840612501 0.6262099286646879 0.09423178903121965 0.08499455547083343
0 0.5164354618525431 0.6785166578631254 0.10367042154477701 0.09615026101791671
0 0.47859002820751756 0.7370188356747921 0.09424996974937905 0.08811955547083343
1 0.6509029280858807 0.26283971931788247 0.14144313231716552 0.14389808320625014
0 0.5976052112633679 0.2912907212177435 0.11292724687674198 0.07605596656500016
0 0.5574887504909793 0.3372383476426394 0.1506272347764936 0.11130378875333342
0 0.5196160457687149 0.400428025454306 0.16003859621281222 0.1177719943004167
0 0.47541607299427396 0.4767534829012504 0.18204995159900644 0.14171864057694455
0 0.4358854195016736 0.5563130431217365 0.17899767447164336 0.1541459053945836
0 0.3753064678044714 0.627569140861285 0.1961942648307229 0.15610844889756964
1 0.3231667300029157 0.7255877603523266 0.25590560811666874 0.2153029173624308
0 0.2958983072797882 0.04048540852871553 0.17070338544042354 0.0711515674386807
0 0.22371878025062103 0.09115624933440991 0.18374880698520057 0.16519250816812514
1 0.7580513109922213 0.5138047669049313 0.08164088544042372 0.06907861474138884
0 0.7204013200674076 0.5387131947165977 0.03769998789975162 0.035247822188333444
0 0.7061479225267357 0.5711983863959729 0.050263620413308986 0.04647626291777769
0 0.6887695249860638 0.6036108428929866 0.05340680113146803 0.04967399810013902
0 0.661988856368153 0.6404925938429173 0.05337953005422928 0.044986498100139015
0 0.6256331998504905 0.7115311392457644 0.0644079336450254 0.06086607123840278
0 0.6422530732888616 0.6751942489531603 0.056540891490547904 0.05130923328249999
0 0.6003968505144204 0.7515742577868755 0.06439884328594588 0.059303571238402776