1 0.2487352346233104 0.4322018064382031 0.1354129568065479 0.14877123195336797
1 0.23473909090945994 0.17544232096035023 0.10639384215265535 0.09988344606059654
1 0.279017040368377 0.8870678278088274 0.09299308344622811 0.08174875269929238
1 0.29776255484055547 0.4994494286386645 0.16460913387576942 0.14164581618646538
1 0.3264762115562463 0.19102162199996864 0.1465894742194024 0.1838566269743461
1 0.3914406337642277 0.5528247276036904 0.20128361827193722 0.15843149710021506
0 0.39408311341069713 0.2330091350722232 0.11921474672063966 0.13664974025173776
1 0.44820853290514506 0.6669356944102114 0.21435682835784536 0.1703161904615193
1 0.4693387409548885 0.2787136439952929 0.18417136137453216 0.1882607070582587
1 0.5690765535973601 0.7702168276083349 0.26714763568479183 0.19766086307689895
1 0.6205460368618739 0.35684141184143225 0.2893435402527761 0.23513755228901836
0 0.754569154795127 0.4485697384008599 0.25801829715018093 0.20163796805592077
0 0.8495463828597167 0.6118528336316194 0.24238665309764623 0.23002307718412746
1 0.009295355608781017 0.4147612396270378 0.018590711217562034 0.04827247925407559
1 0.016732719358162416 0.3683598363076899 0.03346543871632483 0.04609467261537983
1 0.01904881388566697 0.49665077966899407 0.03809762777133394 0.05992037427505377
1 0.025242381558720696 0.5383413722004613 0.05048476311744139 0.04753877344521662
1 0.0243748009953682 0.319614682988342 0.0487496019907364 0.054854365976683986
1 0.03400991406738106 0.578291865976684 0.058624727498762796 0.04957487012586892
1 0.05071273518913727 0.6187751560186403 0.06347600180902231 0.05305506763635783
1 0.04326980664957773 0.4315352651468469 0.06857293758467106 0.06122276514684692
1 0.059643999888458345 0.6578852002097815 0.07671298620519007 0.06806476099766208
1 0.05964175712454758 0.46336560560372175 0.06635534034363307 0.0486043659766839
1 0.06861396540143352 0.501694399794863 0.06857293758467106 0.06122276514684692
1 0.08880587743264967 0.7000969336130419 0.06429487336031983 0.06868006763635784
1 0.08609803652318973 0.5422368894219007 0.06914614767057933 0.07216026514684692
1 0.11052706920119224 0.7495883707505688 0.06108798620519007 0.06688076929603196
1 0.1023504782917323 0.5913139294638571 0.06906426051544959 0.07059776514684693
1 0.1322648711010716 0.8735945558135032 0.05088747060135783 0.08011447510489092
1 0.13500917006027485 0.6416341607925251 0.07852114767057934 0.0728706601678251
1 0.12731833729141534 0.2645621753146722 0.09373006784239585 0.09581125269929239
1 0.123811556988262 0.21174482863402005 0.09546298620519007 0.06948555103961844
1 0.15729917062610177 0.8449017933659487 0.051221663274411536 0.05679537427505395
1 0.15776059532047407 0.701400247100215 0.08337242198083886 0.0763508576783142
1 0.15121286069716366 0.28755031203728054 0.09636374491161734 0.08667305103961845
1 0.1949762330414307 0.9042301717901872 0.06857293758467105 0.06122276514684728
1 0.19000985131336784 0.7595329784288831 0.10179487336031982 0.07152164772027056
1 0.17683698043943888 0.3224347975151335 0.11461577792830413 0.1082879419114117
1 0.186704382632574 0.13415354751513348 0.07292624491161734 0.08489706348717306
1 0.22777212291009388 0.8322018064382032 0.11996501922187688 0.09157403859206363
1 0.2083835515611951 0.36404287967363846 0.13524918249628842 0.14564623195336796