1 0.35279812297305274 0.338290527189103 0.0955500535707225 0.10476141233702041
1 0.4322947082004004 0.3506189776755703 0.09428756249917622 0.12192163879807012
1 0.4996907138824433 0.38461787661991015 0.11934210957707699 0.12548301542127546
1 0.5685810357171102 0.4225502991032003 0.09475121266133187 0.14848413879807013
1 0.6367719281686283 0.45578158481701525 0.08688416558343129 0.14522277110331833
1 0.7872298498411394 0.5217083680951982 0.08756600405718977 0.1842852711033185
0 0.7097224586074375 0.5297333279171564 0.0767648717519414 0.19190685633066593
1 0.8596445921305019 0.5815839744258642 0.08745690990138826 0.17803527110331832
1 0.05489245698258438 0.7073000312495881 0.10978491396516876 0.20835006249917623
1 0.08461998011614527 0.8609977755675452 0.16923996023229054 0.2562341834403387
0 0.2051387297140511 0.9179217057614733 0.13869212743398435 0.16018529788867966
1 0.16363225730689596 0.2513694054371616 0.08305005357072245 0.10454322402541771
0 0.18875894237208776 0.28931941882984213 0.04338753571381497 0.06948638555165916
1 0.23548393790786096 0.29873137499835234 0.06509889448011297 0.060493215096963926
1 0.2983560848236058 0.3232734533258411 0.09837504464226869 0.08762845941492108