1 0.41451068784606904 0.11945067629305521 0.1137807001845701 0.071295731382639
1 0.39279278145994906 0.2811337119122566 0.1479950138796607 0.09393445079743064
1 0.424054471004061 0.19512282351951354 0.1542845866740498 0.11904355357097236
1 0.40414938849206444 0.36067574154753446 0.19404799352159507 0.1308902433504863
1 0.3896839751661142 0.4768098878240622 0.20236114126984167 0.13888458130638917
1 0.382249811840164 0.5927803799402775 0.2246366594684389 0.14564372758291685
1 0.3943969632890384 0.7090775271667358 0.20488536397194573 0.12958231648875013
1 0.3894369578903676 0.8148190341005901 0.1937476048726471 0.1262027433504862
1 0.592166516039129 0.042345928477256725 0.1374580320782579 0.08469185695451345
1 0.6388994185677375 0.12909386075423557 0.20105945712440043 0.11857208130638908
1 0.6728819972222227 0.21984549411298557 0.21984902991878955 0.1439721248093752
1 0.6930919725452206 0.3398670533835411 0.28797726866002266 0.18456206363895858
1 0.6866986775101527 0.49649891309093697 0.3038025277593214 0.18805073955076423
1 0.7037929472499094 0.6533665089306245 0.3047036937061652 0.20211323955076424
1 0.6776984214931729 0.795591029732187 0.27547726866002265 0.18427112290951406
1 0.6580646468161707 0.9165399625778466 0.27141152991878953 0.14517225531833375