1 0.19492290555076477 0.2386562106399926 0.16039386587983814 0.13331572464491936
0 0.23070403605864068 0.14612442319917265 0.12864933806867693 0.10206913277816083
0 0.45667645419162817 0.825676842927763 0.04822004635193515 0.05155738780013799
1 0.22362514339054895 0.08145239090292743 0.18836396002862302 0.1472013947413025
0 0.4634902505435634 0.7787151320425754 0.07895914977110721 0.07499147966689641
0 0.481365178848289 0.7235949296499469 0.0969971683118814 0.09547569737065124
0 0.506093361788208 0.6630935401758167 0.10128249855508553 0.09287096268177777
0 0.5400103649784871 0.5730789245053722 0.13554877173105312 0.11977689808928726
0 0.5471868728039598 0.48141168981649873 0.1785867902718273 0.14303586411904962
1 0.5464965172174162 0.379066235749878 0.3330866468812784 0.26645632345284265
0 0.7085458386122404 0.6637260773714414 0.11836127173105311 0.11786925861515699
0 0.5925560660371734 0.20068365919424586 0.24772259125895602 0.2015352349340688
0 0.7981870400929336 0.577537817082292 0.19591282735337553 0.1819232382820534
0 0.6420273370457694 0.07728941638060563 0.26727693077254744 0.15457883276121126
0 0.6448492460872637 0.017739290543609443 0.2915515078254726 0.03547858108721889
0 0.8410374152431587 0.44802714698590884 0.2008937702861388 0.20865916005242896
0 0.8619353374677765 0.31556234255997023 0.19046716686696702 0.1874795512005516
0 0.8441878345779475 0.1542728868193572 0.16638023320459078 0.16786414641529487
0 0.8223642707081457 0.04249534652094291 0.12334221466381656 0.08499069304188582
1 0.1888894930185411 0.6505543466435405 0.12284768685265535 0.1168270239262835
0 0.22622786642340156 0.6895352479582149 0.06328797074392442 0.0609306837335172
1 0.18401434962799215 0.5448229078880462 0.14411943221746187 0.11456742871154013
1 0.1665781220815026 0.4828406170992416 0.15253518685265538 0.12012203756341755
0 0.19935788454216877 0.3837111340843604 0.12885042294707477 0.10363163277816075
0 0.2141770813876684 0.3104479078880462 0.12083683806867693 0.10120202392628341
1 0.41599855442052097 0.8964194892204602 0.1331357531902792 0.10102689808928744
0 0.6715812883475689 0.759469575697449 0.10501075319027926 0.09790530622252866
0 0.6499237419956335 0.8080787934012038 0.06741839513591366 0.06909002727426809
0 0.6118055822316821 0.8469636114642766 0.055630376595139454 0.049299496652015405
0 0.5774387666165156 0.874650796871786 0.040717358054365424 0.029162122489011465