0 0.7257026564759583 0.5673396099872259 0.09576025025210164 0.0840300433312077
1 0.6392149553316661 0.08517646691128537 0.0895538089182919 0.1282467629865999
0 0.7039476247970746 0.6391943209636143 0.10357275025210164 0.0849431936183807
1 0.5754638117682834 0.10838061429482182 0.12770937278026223 0.14200488436503064
1 0.66121345760058 0.7489447328015219 0.1593200056999832 0.12865261557115737
1 0.5704374581816577 0.14913751458199492 0.10034919728589439 0.1496550433312076
1 0.5251520913534801 0.21114036139118522 0.18537976114786475 0.16889206643267674
0 0.5964896759216963 0.825821770357362 0.1532449683211164 0.08609985545628832
0 0.5620543277829523 0.9078225868219448 0.17926116510280768 0.08139206643267656
0 0.4501463735365669 0.29867080934906787 0.16153806956195355 0.13821024562859208
1 0.34321866636331544 0.39150767348436 0.28234187848024545 0.27010960976388426
0 0.2409670235562374 0.6413250578493906 0.24614229852673164 0.21783687855775752
1 0.19787757727874916 0.8023132948308849 0.2554080378830699 0.21737015890236505
1 0.8489777214232095 0.10004048430119909 0.07748014381548422 0.06639611269942682
1 0.8168529083175435 0.3164568860242375 0.09314870248167458 0.11316965315890375
1 0.7869629485464021 0.4184049423739509 0.11458665990702759 0.1094764739629884
1 0.7306322769873066 0.03351253982130907 0.07032320767745456 0.06702507964261814
0 0.7561442733041359 0.5070717487236643 0.09597877153942491 0.08715504333120752