0 0.6390658065983768 0.373751676276252 0.13106832973421945 0.0769453595655099
0 0.6240637654208202 0.27330129692303834 0.1010804410852714 0.07070200361804461
0 0.5807586466685125 0.05924544097557307 0.11151729333702498 0.06346271370395287
1 0.5452258829365102 0.865597260288307 0.14923614126984147 0.1417448439616777
0 0.5729344571244004 0.14370565015697018 0.12970608883351814 0.07998847241038014
1 0.4340719301310463 0.6620008695151326 0.218405248301957 0.22478971732199754
0 0.3383322262458484 0.48023521313812595 0.21163361659283933 0.264923394391219
1 0.25946914173126695 0.318819678312417 0.26900602559985287 0.23678510628614954
0 0.23790861505167987 0.11602554895920328 0.21321710055371038 0.21673155585660822
1 0.23410249460132918 0.11738333107137891 0.23685485965300906 0.22108486318355453
0 0.9011011389534896 0.5868126775194474 0.04176599784053181 0.04423467887824373
0 0.8970737754429694 0.6333191853213636 0.040003238741233106 0.041027791723114146
0 0.8948721229143608 0.5382114032091879 0.051341256939830514 0.04785100180902226
0 0.8874775323827997 0.6779765880803256 0.03753957279438893 0.026883404567984215
0 0.8923991625507579 0.48747109678675277 0.04549177513842757 0.05377345318850324
0 0.8719073874123303 0.43500783808032556 0.05426599784053181 0.04488977611928178
0 0.8616522054263575 0.3721802894598065 0.04841651603912887 0.050812227498762755
1 0.8315755906792195 0.8019629647200057 0.07916586829088237 0.04463747060135788
0 0.8518476064138067 0.3163839908392875 0.045091256939830515 0.04752345318850333
1 0.8240727737449264 0.8428369482116622 0.08082849784053181 0.04628185775648745
0 0.8140784076135124 0.7597787867462731 0.06147772054263578 0.03592421189493056
0 0.8303242574012556 0.25997353855529537 0.06424177513842758 0.05475609905006031
0 0.8058761674880033 0.20652431196104368 0.04176599784053181 0.04423467887824382
1 0.7703853716777431 0.9163286798942967 0.08990310919158376 0.042085680687265994
0 0.7992966980251018 0.1524542876507842 0.046453497840531634 0.04448034034363304
0 0.7840266556109275 0.4366312138154946 0.0887807001845701 0.07317190637700648
1 0.7564137068106335 0.8805582762308234 0.07936612739018098 0.047762470601357875
1 0.7657830050849037 0.6622553335577697 0.1548062183831675 0.08286116689245623
1 0.7548781785898868 0.5285387528250751 0.1553068661314141 0.09067366689245623
0 0.7378558690568495 0.7853719289897855 0.08601664558877822 0.0543400192218769
0 0.7333977089701017 0.8373062432141367 0.0853157387412331 0.0434025192218769
0 0.7591432649593948 0.10908274592767016 0.046854016039128865 0.05073034034363304
0 0.7275704086932466 0.7342221867917015 0.10632914558877822 0.055404552238563554
0 0.7378747439830203 0.3361055913596859 0.08908108883351815 0.07785940637700657
1 0.7268302151439648 0.17590839778212097 0.13357156847545254 0.1160078595655099