1 0.7767936635230113 0.3468118760267936 0.12845480287454408 0.15956084390401903
0 0.8682832162749576 0.38812524659036407 0.09877071100778564 0.12770272798223675
0 0.16894367405735577 0.5659333087413516 0.04982146602976245 0.046993256572452145
1 0.931890533255839 0.385849083921931 0.13621893348832187 0.18744091422935397
0 0.21538426759810672 0.5755363628409149 0.0734289796668965 0.0795354922773445
0 0.27085131353148606 0.5971748922115907 0.0937397756002758 0.09623313292801434
0 0.33005033566117953 0.6247213616907115 0.08957254091140214 0.1002618477653467
0 0.4198039666427503 0.6642526372000596 0.11647847631891177 0.1348057735786842
0 0.5120781775279382 0.6779899953991861 0.13661244234867417 0.17762672412090907
1 0.615811857790873 0.6841091140320927 0.2555188234528426 0.3343074976995931
0 0.31908812669517933 0.823906318024928 0.11439741507440608 0.1160557735786842
0 0.7935857540835702 0.7406252125779 0.1937227349340688 0.24871626585602852
0 0.40189040229545514 0.9103969926675747 0.17706231651167795 0.1792060146648506
0 0.9214507196842412 0.7994386001477026 0.15709856063151761 0.26834464607291847
0 0.981391044504582 0.8110771380214944 0.03721791099083589 0.29330239336179426
0 0.5284486421289033 0.9345439683289174 0.20258258182280448 0.1309120633421653
0 0.6604790400955929 0.9514569957689293 0.18227178588942508 0.0970860084621414
0 0.8268019873436465 0.9545440150960554 0.16439230287454398 0.09091196980788929
0 0.9500815004290916 0.9589380415707354 0.09983699914181692 0.08212391685852935
1 0.36012387273420665 0.31363185396805593 0.11352860215590796 0.12208617852446171
0 0.31932033876396904 0.34788859739560385 0.05919476196314175 0.06215373184356458
1 0.467243537686015 0.3156124602365188 0.1097065069411645 0.14308279830757167
1 0.5304406329007584 0.3029604525138632 0.11526111579304192 0.15155408347023921
0 0.6293091312267661 0.34146554834854614 0.10050663277816092 0.1294848230364593
0 0.702224661849019 0.3609419208427805 0.09790360215590788 0.11989022798223684
1 0.09924326245353206 0.5199915664640071 0.09755505454853627 0.13060813292801435
0 0.224473573943233 0.7821537573529126 0.0961693844521532 0.10426522798223666
0 0.17629876269872727 0.7569257032533492 0.06735410550389265 0.06637670711467702
0 0.138803022865279 0.7170481595875657 0.04773699665201532 0.05592906646400699
0 0.11250491568739399 0.6810515313013397 0.027599622489011467 0.040793925813337316