1 0.46066957031349587 0.25851183821228413 0.1646340525400623 0.18777779691210786
0 0.5398655966726971 0.34209317532825995 0.16636071042775935 0.20184029691210786
1 0.6566703949421681 0.38546617469528777 0.16984171919186722 0.2175198606144388
0 0.08464108345965768 0.24830603602751666 0.12836823676466808 0.15850695916315996
1 0.75090202217778 0.46696665663912035 0.1916059472370124 0.26806549763774723
1 0.13221625453810165 0.2979860882971021 0.1553144385174896 0.16255954210278442
1 0.8395828204695436 0.5556620796899456 0.20797065775394188 0.28730657095872497
1 0.19820126339137964 0.4574850846689051 0.2137004911021369 0.25794645317271014
1 0.2997113774808299 0.5620684025475872 0.25766803492267637 0.33727185462398895
0 0.41114535123309126 0.693531678956457 0.25067832440574694 0.3183581635169963
1 0.5435899960192117 0.7869220364908529 0.25742079806883816 0.3606002272193273
1 0.699676838153807 0.8398138795972784 0.2480477981134232 0.27159229092165804
1 0.49621736842691905 0.0034523490968753415 0.05131526314616188 0.006904698193750683
1 0.5409681622920436 0.013707802817739645 0.06806367541591278 0.02741560563547929
1 0.45831982017974066 0.0010093953760110393 0.05211035964051867 0.0020187907520220786
1 0.5975474780897303 0.027583047101366952 0.07757514031489628 0.055166094202733905
1 0.6665585614379254 0.046899759533828835 0.11151105258464718 0.09379951906765767
1 0.8174377369207158 0.1278123874018267 0.10035400871952298 0.10774306733052792
1 0.8944403246732573 0.19124491562479506 0.10931761397798781 0.11739088584218224
1 0.9393978159314418 0.24957328159671138 0.0655676139779878 0.1158631021769182
1 0.3497429167409751 0.13558774810108346 0.12897148238261408 0.15074902286549077
1 0.37918517993172196 0.19990321924514293 0.1363725876410788 0.16034227767481415