1 0.5427126364968649 0.2677486437273088 0.11141794832377591 0.1350700197716635
0 0.4763964581415284 0.3003011585560563 0.10276411745121514 0.12850168479069152
1 0.6226705500875658 0.272345960419492 0.1258409335591404 0.17295202174882984
1 0.7115227173694256 0.26715444163641167 0.12551043909587864 0.15895318874502423
1 0.8032294710605846 0.25399125536284534 0.1446209243312432 0.1970261917107738
1 0.900705379114547 0.2720144020930847 0.13927243540471962 0.1688375247145794
0 0.4112509131817535 0.8434038542211628 0.24477107684846758 0.23684737847863174
0 0.739496074926875 0.8425974520165349 0.31968090587544895 0.25077722729976804
1 0.1680881171182808 0.33250214079874024 0.08927263406143 0.08599584980971961
1 0.3241879646010565 0.29000694019071793 0.10048044832377592 0.13462435079830276
1 0.24459053624572008 0.3231006244871179 0.11222928842423378 0.11800985376405233
1 0.39298305008756584 0.28170500886006755 0.1272532810419161 0.13726918973360736
0 0.20181702424945377 0.3554793843729496 0.058323137752588905 0.07541117688202607
0 0.2904438634271219 0.3369429485936749 0.06959113221585059 0.08985567885919252