0 0.5660486111941685 0.3094679398924308 0.13583497532299765 0.13227348252898033
1 0.4809727043466232 0.3064071844846861 0.17135097316352943 0.17752416098152413
1 0.9225150639996322 0.47581499896102003 0.15342299352159472 0.14012800457555094
0 0.39599572948505085 0.3662110931784348 0.14378717766703614 0.15941944509136965
1 0.8758891903100793 0.545399382280433 0.19252506631598426 0.16862877994988673
1 0.3117406454318948 0.3882232705909888 0.19044093460686645 0.20881618302809465
1 0.8329390291435972 0.6232857843186513 0.18198808451458143 0.17385772046570552
0 0.059157063538206975 0.38350970590685896 0.07565893892580315 0.11423058818628214
1 0.16200026372277712 0.4430701705492277 0.25552331893687785 0.3034215773707928
1 0.757045960049836 0.714464547629712 0.2247158050572171 0.21046272712123582
0 0.09494077652270358 0.5617175384776004 0.13080511875230766 0.22343992304479912
1 0.6869115376245871 0.8341848968392794 0.27621774830195706 0.23856792762035006
1 0.5461957024916968 0.8826878529539343 0.2326494185677376 0.16460878660541667
1 0.7066445303802149 0.24682955095747722 0.11452117982650449 0.11475222920121517
1 0.612113280380215 0.2556544222136151 0.13936049352159507 0.13881521381017503
1 0.945358373301957 0.391137156406983 0.10928325339608591 0.10966915432599382