1 0.25353050089495455 0.44055055581296454 0.06035103110277769 0.04883929328391083
1 0.26686912243134325 0.3326016465571374 0.05810502591898139 0.04097222958157998
1 0.26599083614476926 0.3871527373013103 0.05070262902925915 0.04538691106992569
0 0.28009087530606536 0.252695891747814 0.04220662384546294 0.03730159255827141
1 0.29380064373217624 0.1494072006408214 0.07224543836009242 0.06015873920022678
0 0.2901391100375004 0.20016116878965598 0.03921832488222217 0.0387549651536097
0 0.26029861927379727 0.48782485989664853 0.042753427992499836 0.043551592558271325
1 0.2297650614035664 0.8012152373013102 0.05001912384546294 0.03757441106992578
0 0.25714493350560297 0.5416765461943177 0.05382762902925915 0.04549603847458741
0 0.2829233493870839 0.29154013693849057 0.04716752591898139 0.04059028366526398
1 0.2544116213000475 0.6352355732361596 0.058651830066018464 0.047222229581580066
0 0.25929390240282524 0.5883332913849942 0.05878853110277769 0.04878472958157989
0 0.31726612097074086 0.032537159171009127 0.043905824882222076 0.03891865626060226
0 0.31741309245986127 0.07536949991518198 0.03853481969842587 0.0309424651536097
0 0.31596816965115765 0.10968993621285113 0.037988015551388796 0.024692465153609698
1 0.25903147931129766 0.6981621591710091 0.06701113421305545 0.05374504809323426
1 0.25777248421227 0.7659672180640166 0.056815927992499925 0.04404266587924912
1 0.4333047667291673 0.3353570804077358 0.15392466531583313 0.10351192431676956
0 0.4676475383128242 0.07635410264025441 0.06484304147037037 0.06457342068857252
0 0.4758304766729167 0.022166388162025905 0.05593693317629622 0.04433277632405181
1 0.40961723967889024 0.6773263255984123 0.14345605702175898 0.09068454210278443
1 0.4031533347306496 0.7601115437472469 0.11960845391148137 0.08517858656782167
0 0.4745817520262502 0.130632374872773 0.08671804147037036 0.06533731252120453
0 0.4426613514133342 0.433167097830931 0.11689355702175916 0.08975695916315996
0 0.46880135226180597 0.20560509302160757 0.10683505183796278 0.08161707694917479
0 0.4310615956638901 0.5924602522774347 0.10656164976444434 0.07849207694917482
0 0.4648274602730561 0.2688317793192767 0.11111244872768503 0.0770932680561673
0 0.4452990443915751 0.5187499337657805 0.10228425287472209 0.08301588584218215
0 0.7804404217238907 0.9167285544622021 0.12966695909527762 0.09331846878180698
0 0.8770806183788427 0.030435212031157777 0.11050685598499968 0.060870424062315555
0 0.792206981337548 0.8267483952063749 0.1175770622055552 0.09756945916316004
0 0.8406026909984734 0.585168530415585 0.1377131964186109 0.14967759618646853
0 0.8275573039106959 0.7164730941179159 0.12302597983046262 0.12424108656782167
0 0.8978825509894911 0.11740811154111105 0.16148288708777728 0.13648811542376213
0 0.8829623056076394 0.26123995709460734 0.15021319641861092 0.15011410580511528
0 0.8795461967479176 0.4249205111782913 0.13962701093324056 0.1715525961864685