0 0.23506275636157475 0.3734063580918752 0.19255652130083298 0.18692203780340294
0 0.1151550487268996 0.7596873905769447 0.14552569641861082 0.14840374525034736
0 0.3144371895378709 0.3251520024685419 0.20527113477870335 0.20748911094166686
0 0.17352604038555733 0.9246597335668405 0.12355366013203684 0.0933162017473613
0 0.2971452169174548 0.5854355390376739 0.20847404721981438 0.22627547853284735
0 0.428860565975232 0.2878903514423615 0.22796634099925886 0.21737325721819456
0 0.4258265829872233 0.564162563923299 0.2538644596609254 0.24604377108590292
0 0.564660656408843 0.22998954530593801 0.23265384099925884 0.2174823599917363
0 0.5411973047591677 0.5339685304882991 0.25939128972694386 0.2913926386770836
0 0.7025537612625472 0.452394488219584 0.36403912497675855 0.34684516451263925
0 0.04560856856713015 0.2750558578075347 0.06464755183796281 0.07947060087368066
0 0.08533474137583379 0.24153549620027787 0.0694717528747221 0.08114220364722229
0 0.1312719579639819 0.21755378875333342 0.08706935598499985 0.08622974715020837
1 0.15875170047111137 0.15400043502986124 0.12445177879370348 0.12140483415618064
0 0.06994772987694552 0.5605764369297223 0.13281108294074048 0.1278366721120836
0 0.22460087587171315 0.11717388867708353 0.10650286116879608 0.09447865824437507
0 0.2723446002355557 0.0814916150257294 0.11697146946287021 0.10719686379145843