1 0.6431935543403888 0.7035453968776098 0.14886632033565023 0.1572060696514182
1 0.5747349391888974 0.9514141723195231 0.11527164772027057 0.09717165536095393
1 0.7570392149324212 0.2569403917892272 0.10158765601864025 0.08780761646291486
1 0.6153421640932955 0.6260035730423201 0.1780802236549981 0.15251192559888338
1 0.49073937010264695 0.9095060936787643 0.16541520290907386 0.18098781264247138
1 0.5428411246760391 0.5476904652858325 0.2152017153566284 0.17002033016686777
0 0.4387517402285158 0.8551920267966503 0.13229412697434614 0.14388719810012063
1 0.5232292095338364 0.4235193029159321 0.23021140871793264 0.18325731456303554
1 0.3793068078648737 0.7908971534363305 0.20338879958972597 0.19897084577069996
1 0.4399099919021229 0.291303267185712 0.2867932954405411 0.21112336499257686
1 0.2586884997762854 0.674766463138126 0.3099473755244536 0.24968789800926353
0 0.15758978629375672 0.5494621687014785 0.2763293921211931 0.21680015490666857
0 0.12550088993474337 0.36703144900463186 0.25100177986948674 0.24262567051050077
1 0.8836633437576452 0.7906613738105457 0.053670374275053945 0.05105788896415202
1 0.8593136165781619 0.8325246472162942 0.06448947510489092 0.050068599050060315
1 0.8916193989464485 0.7063682609656755 0.05918666846619516 0.06224105042954129
1 0.8933720757110131 0.6625363738105458 0.05667697510489091 0.049659163274411534
1 0.8325609398135974 0.8750463398893478 0.07133147095570598 0.05820864767057934
1 0.8972909037203334 0.6211710673881107 0.06160127344521697 0.0530298247398008
1 0.8933972317296532 0.5793963251900267 0.06808807178554303 0.056482373360319825
1 0.8412040792354979 0.7609838398893478 0.07493006763635819 0.06462242198083885
1 0.8965348097389736 0.5379900751900267 0.08345296265733637 0.07440685775648763
1 0.8352743105641661 0.7253772105361341 0.07242037427505359 0.0520405348257091
1 0.8382934894033232 0.6855334605361342 0.07493006763635783 0.06462242198083885
1 0.8821772344289457 0.48939212290603457 0.07083456348717335 0.07218926051544958
1 0.8345182165828063 0.6421962183380503 0.07575886182749905 0.07555992198083886
1 0.8760465562144886 0.4357348563976912 0.06602866431700996 0.07038109905006032
1 0.8336786896131047 0.5911693068726611 0.07564046265733601 0.07399742198083885
1 0.8948934898275305 0.31122617932846974 0.059163357678314196 0.08247166327441154
1 0.8192502593240552 0.5331554110111041 0.08525226099766207 0.07761374491161739
1 0.7068738555804999 0.8982647546340974 0.1025348493799445 0.10030761646291494
1 0.6927512333800385 0.9500762381257541 0.10208456348717299 0.07382700361804453
1 0.861985901445248 0.3314634362258747 0.0573873701258691 0.059034163274411536
1 0.8154516757156575 0.46942378165789034 0.09162066016782511 0.07950379353213641
1 0.6910362906434343 0.8691980523501052 0.10506785352912935 0.0926588907731741
1 0.8443616161771766 0.26386982247649327 0.07493006763635783 0.06462242198083885
1 0.8031185416923415 0.4044605229514632 0.10868976099766207 0.0788420522385636
1 0.67759001989751 0.8292757372212428 0.12535704274124876 0.11395403663473128
1 0.6081385124243328 0.9817125039567289 0.08032796265733602 0.036574992086542225
1 0.7895664497855742 0.32453068351234127 0.12886055103961844 0.09857469810012062
1 0.6600482450024006 0.7812952606269912 0.14862952199532414 0.15408106965141818