1 0.8819639177619131 0.7281611720058192 0.18128383618136334 0.19271156405973217
1 0.6263386966808971 0.023421542637559363 0.18080239336179424 0.046843085275118726
1 0.7617020870027983 0.7172260950506183 0.20823485704892325 0.21989954866869202
0 0.47626690108444975 0.01265213082384151 0.15565880216889946 0.02530426164768302
1 0.6589148961138929 0.6278841865646656 0.22342066694047827 0.2182332050746652
1 0.5020229865263273 0.5815851724214112 0.37483115921782273 0.29713197836902144
0 0.34520708080008927 0.5020360613563647 0.31265209275381556 0.24969331530751795
0 0.1827028300196288 0.4214349800334089 0.2736149273742582 0.23525503993318217
0 0.9887416089795871 0.33280301539204993 0.022516782040825946 0.10543905074867137
1 0.9446854256284658 0.2229186971723589 0.11062914874306848 0.12129396048240985
0 0.9567546945653618 0.2949914846099696 0.08649061086927645 0.09981453535763123
1 0.8938894254435944 0.14846134921057721 0.15457774498846888 0.15629444509136964
1 0.9850634555947305 0.7590848953836977 0.029873088810538916 0.195502810731967
1 0.9474494285449488 0.7171384163902785 0.10510114291010239 0.19066944509136957
0 0.7767779293049222 0.12615117533358436 0.14796455874135148 0.12021107945077229
1 0.7101224988497966 0.05620192034143168 0.16512672412090906 0.11240384068286335
1 0.10116139685337895 0.26362369155580845 0.15225512134403094 0.19462761688838306