1 0.750169280490647 0.671816084291674 0.13706935598499967 0.10260138950046631
0 0.7424846281343045 0.5928000367645627 0.13169835080120365 0.09413010433779885
1 0.7190258786999525 0.7392020529903343 0.17824116013203692 0.114560860910251
1 0.6937319357217115 0.8205280568516621 0.16288956220555537 0.11548991036802639
1 0.6750980958537485 0.90741994092988 0.20304567049962935 0.13347978672358848
1 0.623749500801989 0.9586170442613724 0.17492067049962934 0.08276591147725512
0 0.2519513536759256 0.18973824576892923 0.23808363477870334 0.2340879026453706
0 0.14671350688073986 0.4774324636871291 0.23710618661666616 0.31111492737425817
1 0.8174587764846294 0.3031674652890244 0.08468664976444425 0.08597975271112439
1 0.8039607874178696 0.4664022543130196 0.13937414976444423 0.09366557960891128
1 0.7990887767674533 0.3754351944214646 0.11900286116879606 0.10777874884979655
1 0.7880322825168974 0.5312966735539048 0.14013556738935176 0.12000848455468897
0 0.7839429389257404 0.31697657656901845 0.07556592799249984 0.05228887249423435
0 0.7716958000945364 0.4063093408641262 0.09201113421305536 0.06385982303645928