0 0.3278881886120361 0.8135089680487505 0.07668121838316741 0.08128824769092588
0 0.35754301510705305 0.9452572540525006 0.04841651603912896 0.052401830066018465
0 0.29662439003322394 0.49727837530606533 0.08004605027685523 0.10954994872768502
0 0.26358614281100107 0.26369418722879673 0.06175712523071262 0.0908587373233333
0 0.36327377852528836 0.8630503467951858 0.07089229333702489 0.06369064458064813
0 0.3966450879014422 0.9669764291702784 0.056750647748246584 0.012733737323333116
0 0.40805415483573526 0.924339869839445 0.06630492288667429 0.06484304147037037
0 0.3568597856220022 0.5422887874643525 0.10534643892580312 0.11642466531583313
0 0.3164503269564423 0.2794955530157413 0.06956962523071261 0.0915422425071295
0 0.46507491285529967 0.9437057330344916 0.08551599784053163 0.04943265494824054
0 0.3737714736249547 0.3035489162107877 0.11890829117755661 0.10984247464666641
0 0.43970136643595586 0.5845357845896304 0.10408432757475121 0.12097546427907382
0 0.4398458590347002 0.36611797525879713 0.13234902991878955 0.14986188190398125
0 0.5324581677925451 0.658911776531112 0.14677247532299767 0.13247889227157383
0 0.5502314489479525 0.40909770424078806 0.15230058451458142 0.1702522943450923
0 0.6221097555463292 0.7461295210644918 0.17603847316352947 0.17699030989648107
0 0.6893125377814705 0.470778915079492 0.2038630845145814 0.1747634285581478
0 0.8064277914820984 0.5697352419879644 0.2561660641565158 0.21507536173444403
1 0.09106121220930423 0.7344536209707409 0.05869268198597286 0.06728453628657398
1 0.10712510563861417 0.8257525642318058 0.05865310919158371 0.04242123732333312
1 0.12242873302879517 0.8684089559377316 0.04216651603912895 0.05185502591898157
1 0.1158900339239592 0.7786335564561112 0.06368057063492083 0.07238213939685174
1 0.1812530205057239 0.8546205665408799 0.053204145588778305 0.05437443317629622
0 0.17853093383167415 0.7385854634306022 0.04901729333702489 0.06177683006601846
0 0.1962505575212273 0.6718278989159725 0.05849242288667424 0.06415953628657398
0 0.21487824644703046 0.7786151411402781 0.05815246144333708 0.03460873732333312
0 0.17037516578996037 0.36612470306300954 0.05612888648947965 0.05152283524981467
0 0.24776989203580876 0.8260178214418522 0.03365310919158375 0.040234020735185186
0 0.23690463833518094 0.7177658240337503 0.07996690468807692 0.05982335080120364
0 0.2771860842008144 0.868225153816945 0.05330427513842757 0.05593693317629622
1 0.18489064389073526 0.24936713854837994 0.1447489003691403 0.1493929901980553
0 0.26553958050018656 0.7600415069272227 0.07139294108527157 0.07150314458064813
0 0.2201842011074208 0.39554907144185225 0.09639294108527148 0.07369036116879615
0 0.3190522115909954 0.9085576278979633 0.0490172933370248 0.061776830066018106
0 0.255719985345147 0.44743420018828745 0.08705751387966058 0.09773345391148136
0 0.8932025940753053 0.7268458214883351 0.21359481184938928 0.297418970028518
0 0.7492811296973076 0.8426347912340291 0.28379041640826924 0.2097234803961107