1 0.8057497942855392 0.5210141898479786 0.10508626838013094 0.08320200361804453
1 0.772249952008216 0.44892782790761954 0.11330697279136252 0.1022795522385636
1 0.7093887014583229 0.39644795906985547 0.14726905036458077 0.11493668249628844
1 0.6747392816077815 0.31342409712949637 0.13805827573218324 0.1160078595655099
1 0.6302221856544322 0.22620405811991579 0.1883022547758122 0.1357338613745322
1 0.5527682411714934 0.14699459294562486 0.19751302940820956 0.13466268430531075
1 0.48859554668855454 0.06708908695273105 0.19529362793779903 0.12833079715018098
1 0.42947632077105896 0.027049421642154563 0.2402026415421179 0.054098843284309125
1 0.9401340040224756 0.7158586211010716 0.06668538786609161 0.057881099050060315
1 0.9242251481408339 0.6915546619196744 0.06199788786609162 0.057635437584671226
1 0.9144841795753905 0.6661419041177583 0.06717806396889969 0.06256859905006032
1 0.8980427707529277 0.6292970013587964 0.08107633860129689 0.06174308344622812
1 0.8750627880332725 0.5975080907979182 0.08099186690972075 0.07572369629109836
1 0.8471090904242006 0.5557676481248646 0.0944772191153362 0.08575379353213641