0 0.3290171802314433 0.7663163881708981 0.06684112573336147 0.0441136143631848
1 0.3681594335098838 0.5627555718159236 0.15318325658579557 0.1273806323171655
0 0.362516379788535 0.686869782686508 0.094166728804805 0.06769656010845856
0 0.38622878292897755 0.6346942043294809 0.10556934941909386 0.07244769262201593
1 0.44993011149787127 0.3953595144379395 0.18287075658579557 0.1275533491396784
0 0.45102637429555303 0.4929657674630016 0.12836249269530028 0.09756586729005097
0 0.5530320321811589 0.32490663475305254 0.16928547515245515 0.11654312626704133
0 0.5998900018406321 0.24631854732083913 0.16616047515245516 0.1165249455488822
0 0.6462768019096311 0.17085091470908595 0.1610078545381665 0.11181017447164332
0 0.686640113309589 0.10549862548147448 0.15726269371911492 0.10554199375348405
0 0.5829151480791988 0.9785891291939077 0.12012116593812436 0.04282174161218464
0 0.7355992233696519 0.94306978571157 0.15225301535721805 0.11386042857686007
1 0.30812081326950447 0.7131004845801019 0.11055483187624873 0.09121587334017515
0 0.30460104719338216 0.8192686713483853 0.05356592470954684 0.036228391490547907
0 0.31227665391717563 0.7943277586824028 0.055438505119072626 0.03936248184962743