1 0.46953125 0.9101463925504222 0.0671875 0.05547123920022692
1 0.47890625 0.7870362747644073 0.09375 0.08296132213985138
1 0.4625 0.8388071058899331 0.090625 0.0750396947351895
1 0.45078125 0.881366628122452 0.0859375 0.0748760036281972
1 0.4625 0.7325571058899334 0.125 0.10436509618646853
1 0.478125 0.6643527429132419 0.1703125 0.12782244355406328
1 0.4953125 0.5837029436388812 0.171875 0.12475200725639404
1 0.50234375 0.49488598029937014 0.1734375 0.140431570958725
1 0.49453125 0.40320691178771584 0.1625 0.12286212504240908
1 0.51015625 0.32406504881102444 0.1546875 0.1147768065307547
1 0.528125 0.24109878138782928 0.171875 0.13881450725639413