1 0.002091605804214444 0.4375999939498758 0.004183211608428888 0.07832498789975162
0 0.08059142364106504 0.42174825585373255 0.054262370125868875 0.05654089149054773
1 0.7052739601585364 0.30579860733110187 0.1528434253146722 0.14145222267624522
1 0.031210882048969907 0.4542653191836449 0.062421764097939814 0.1019261143631848
0 0.4295267537249776 0.3862617703898678 0.09832094606059663 0.10208974082661779
0 0.007009153832190529 0.5173556716429729 0.014018307664381058 0.06431703005422928
0 0.35231213567370123 0.4459953186926656 0.11560353444287888 0.12405564441741394
1 0.6464774553846515 0.3906503303019347 0.17914581618646536 0.15878516842151907
0 0.2832768705268542 0.5112476139704013 0.10516294191141169 0.10993860226293642
1 0.1862592379534307 0.5435101472460844 0.14422728714217126 0.21324540944452863
1 0.5716415535151962 0.48087989968197126 0.1932800937808672 0.2010363009350765
0 0.1266805605641661 0.6799425509350765 0.11811322780418312 0.1365647347764936
0 0.5212719327646274 0.6298713907049809 0.1908654888018452 0.21039312021691714
0 0.053005339608460246 0.7342255299560334 0.0937285344428789 0.12392837939029935
0 0.024010920841526343 0.8113602016972022 0.048021841683052686 0.1472386143631848
0 0.4339593416830527 0.7403498275714602 0.1677831863123343 0.21494426483072288
1 0.31582372570636874 0.803753276538188 0.21404472490439802 0.33078743344863365
0 0.19955734043365284 0.9240283733401752 0.14441561867597633 0.1519432533196497
0 0.10325010288120748 0.9472067981064061 0.12992614357108562 0.10558640378718778
1 0.40506416306761023 0.12115894515609868 0.040933575934727705 0.04553066861791083
1 0.35029323007926816 0.1528856681269315 0.07012416846619489 0.059756795081343926
1 0.4457357846433716 0.162038475210328 0.059778664317009955 0.0675056625677866
1 0.27535150704896993 0.20325330678880887 0.06098596680652095 0.06282725292686626
1 0.3580339524848665 0.19513680064048883 0.05426237012586883 0.05654089149054777
0 0.40694504916551866 0.189168601771957 0.047065176764564676 0.04400453005422929
0 0.23464307406062793 0.2350618429913583 0.053315176764564674 0.044040891490547726
0 0.19290493733801953 0.25983003883482797 0.048746075934727705 0.04557612041330898
0 0.33134047530538335 0.23796919525429455 0.06519987012586884 0.056604524004105095
0 0.15549910310492207 0.2893130057555366 0.03877908008391255 0.037709078258831144
0 0.2748294435617969 0.2720305778660478 0.06183807178554286 0.05346134328594587
1 0.1072033130629658 0.3077902949831481 0.06072585767831421 0.08000566256778666
0 0.22343196430772125 0.3108112767345796 0.056913773445216795 0.05030907220870704
0 0.6215986224009539 0.23418670686356363 0.06759116431700996 0.0675511143631847
0 0.07378623920283053 0.3568363281606354 0.04538427759440165 0.04243293969514968
0 0.5761318344335902 0.25658842680933436 0.054499168466194806 0.059665891490547726
0 0.1800837833939717 0.3465124273985095 0.058831470955705845 0.05500566256778665
0 0.03368145745924401 0.39099315954272457 0.035180483403260486 0.03144089754067192
0 0.5512968551795145 0.2955236617822197 0.07057445435896632 0.08631020472226432
1 0.48767206306296573 0.310003797419035 0.137100026144509 0.13979881908544903
0 0.13126685248022216 0.38218176180566077 0.0478939709557058 0.054942030054229284