1 0.42876876424995797 0.22707882038037344 0.1466778940675857 0.14813287712414935
1 0.8520316656070108 0.1049804302438174 0.13867972376899793 0.12236547361850621
1 0.38335771128375085 0.2988430484255187 0.1635047611478649 0.16723888588825728
1 0.8277472136295394 0.1520878205810062 0.13675659084927708 0.13916927186568467
0 0.11380431797246973 0.4217672281120228 0.10157320767745462 0.07908225433746882
1 0.8385861606633321 0.21694541707536302 0.18359873986054148 0.16660794728159756
1 0.34220246958162404 0.3976632501560477 0.1919246920901143 0.19706285078724067
0 0.11141664532809348 0.4890368070558713 0.10201025025210156 0.08533225433746879
0 0.10432504718934936 0.5679153640671577 0.11404035668871888 0.10230021047234442
1 0.8539376450759919 0.3237986626933091 0.2557029688253195 0.24517003496726142
0 0.30930212429287157 0.535655723819139 0.1792825804577168 0.21564869289954364
0 0.1123885554872226 0.6606922631907469 0.10430472376899798 0.11814475433746878
0 0.8614548501555565 0.40876306181689837 0.17967606436617345 0.1769698946523651
0 0.2577938906365165 0.655446057122749 0.16864001139996637 0.24067638588825738
0 0.21293449472734532 0.7689043114825104 0.16391966041123068 0.26178398238261413
1 0.857942812020385 0.5358467284909958 0.2841143759592299 0.3266375787878008
0 0.8367979656463517 0.7435207635474274 0.258685857192922 0.26567438584367215
0 0.43091613627391556 0.13383614056011411 0.08155563861970413 0.10295884206771784
1 0.3642585139978564 0.16093165368398338 0.07919546312533629 0.11351264031489627
1 0.4950496920901143 0.11571807918906638 0.07730518119435104 0.10863328943848546
0 0.31141201944573804 0.20524235979656638 0.07418018119435103 0.10824958768566387
1 0.2561999955605246 0.22699274134735478 0.08108574505632138 0.11839199119130706
1 0.8381223488950488 0.044073969492816376 0.10724405347041036 0.08814793898563275
1 0.16471161808868526 0.2933831448084129 0.09246028763096836 0.12598494732618254
0 0.20775142390488396 0.27785507026891076 0.06458665990702758 0.10397348242719921
1 0.7980108011246217 0.07615525916537341 0.0938699683211162 0.07968549995541492