1 0.2738678428051654 0.6777911595755552 0.1234272756002758 0.08702983415618064
1 0.26439846362018454 0.6156730192829512 0.1112741191410267 0.08986389342673622
1 0.2854199873012727 0.7351854322769789 0.11214463612614552 0.06962412860909736
1 0.2697711303685829 0.5391832544653121 0.15224596268177767 0.09393445079743082
1 0.2714109688873568 0.46122190862562473 0.1508568844521532 0.09546058320625014
1 0.2801687682913184 0.3823156586256247 0.14391149330403055 0.10309124525034737
1 0.2908367632693413 0.3072611072388539 0.14113504091140214 0.09211737765916679
1 0.36980095153444525 0.7823130457840968 0.16144583684478153 0.10661628875333343
1 0.3818759174416101 0.8560590170987495 0.15102860215590796 0.11104921561506949
1 0.2978594929362378 0.23696679103444418 0.1277662279929041 0.09804006933854179
1 0.373515035031242 0.6294971703091315 0.1961659763189118 0.12456750816812523
0 0.41675329005321904 0.7032970398001732 0.1399193844521532 0.09520601006798621
0 0.44329363718715 0.5203390694354509 0.18245202392628332 0.11333906743868064
1 0.4204392564507743 0.3190499795796871 0.21074874163003815 0.12958231648875013
0 0.4527425675726824 0.4141436208222218 0.17758939808928725 0.1256935970739585
0 0.4381367973621765 0.2298056416237843 0.18470821100778528 0.11962543502986127
1 0.4211065304996553 0.09539492724298575 0.21196439808928727 0.12649368407993072
1 0.41710675334798475 0.04623595431281237 0.2095364933040305 0.09247190862562474
1 0.43569611207726455 0.14648464855763849 0.19199874163003816 0.1291459053945835
1 0.15998217270878232 0.7069357585493747 0.08453990143727194 0.0736570119678472
0 0.16231910644229947 0.6507766775273262 0.0859306837335172 0.058104747150208344
0 0.1555411728313799 0.5924920520523609 0.07238844904464363 0.06246493882958344
1 0.15622889567970938 0.5371505886214929 0.09078990143727195 0.0738024823325695
1 0.14293401314674373 0.42525065387597205 0.06787607488163978 0.049892203647222286
0 0.1498836644614181 0.4679466469421179 0.06909002727426819 0.06082970364722229
1 0.15750911015807698 0.35711824971565953 0.08992279258539457 0.0659899823325695
1 0.27422917091219234 0.7938882850505206 0.10762885382990035 0.08510365824437507