1 0.4172093041631181 0.5986524748901146 0.13925452199532415 0.16109558517078923
0 0.5518382935896632 0.9133958814719613 0.0631171518694554 0.0968681837335172
1 0.2506772740699167 0.16958899175263578 0.10253484937994448 0.10589122799290411
0 0.3811856033286367 0.40950582010485786 0.09065015601864027 0.0921772756002758
0 0.5941558481537665 0.9095712301572867 0.06479805103961844 0.09860410550389247
0 0.2912421518694554 0.1221877622083369 0.08814046265733602 0.0795038538299003
0 0.6263880076968917 0.8953310482203596 0.0685150468904336 0.10676344904464372
0 0.4178083423309745 0.34075070790499573 0.13099173610255282 0.13383939808928727
0 0.5083661778134718 0.5646132419978309 0.11245522365499827 0.1550224150744061
0 0.48197574087643763 0.25723514845707995 0.14408373195336796 0.14303927225229104
0 0.5812340701351577 0.4936835414017926 0.16141478714217125 0.2286282246449194
0 0.8153554193146094 0.8946135042061678 0.13383331618646538 0.17133939808928708
1 0.5141468556037218 0.13995582537203016 0.20329371120744355 0.18834495598580822
0 0.6757518195104577 0.4119872064761986 0.2007140854824973 0.23608876890430625
0 0.8963919317621641 0.8803673580360682 0.15686899710021507 0.20953138110416844
0 0.635239682988342 0.10226706700206833 0.1642293659766839 0.08175152057829868
1 0.7848406317482309 0.30789305013954715 0.2271348755244535 0.25761351723031395
1 0.9608605253193165 0.872629640454911 0.078278949361367 0.23609558517078916
0 0.8454327444009226 0.1976415689212559 0.15798121120744354 0.18331572464491944
1 0.28252941868990955 0.7432883284748197 0.0704560551888033 0.09148529258539462
0 0.19222984710485935 0.40015382500423735 0.0393710759347277 0.049301200718636015
0 0.20140301494635438 0.36786073828205346 0.05246307178554284 0.05850107488163978
0 0.35744598570156755 0.7198414561084058 0.04069677759440164 0.04634962248901146
0 0.20955813444752325 0.33235594067468177 0.04921967261537981 0.056591731340888886
0 0.3051111232493685 0.5505754509638312 0.04370337842423862 0.045133966029762364
0 0.36247610520273643 0.6839898149602832 0.05019017676456468 0.04895265311126433
1 0.4585026906852338 0.9084593252494326 0.0978240385920639 0.12551004091140214
1 0.1801997533239923 0.20050066854498833 0.08548905933798814 0.08540701028914936
0 0.22745510685312165 0.29250963457475077 0.06399256763635792 0.0675275272742681
0 0.32468899482512986 0.5124650666342756 0.07876546265733611 0.0784633232076473
0 0.3911688676502911 0.663934039482605 0.0525814709557058 0.060063574881639784
0 0.5101360456642556 0.904893954557011 0.0576008576783142 0.08541041842239068
0 0.24506773672725277 0.23868753936000742 0.07024256763635792 0.06822121435577007
0 0.34404172345450557 0.4611601431899078 0.0826008576783142 0.08818516674839838