0 0.48637542069139794 0.11681246347650136 0.0766821719450391 0.06525442982861955
0 0.4857676669304743 0.14946992327173847 0.06529003087881229 0.04854414839527923
0 0.4272517879384414 0.33373827487645924 0.15469952335696496 0.122851399862002
1 0.4834071965556454 0.2022073227598312 0.1690348079967011 0.1336217617048682
0 0.4723309557268454 0.27667073101934647 0.1517109156768331 0.12722881945247622
0 0.5778104144231918 0.18041477525036856 0.09749477711788863 0.0844574524905374
0 0.6109806155976908 0.14241940975515252 0.07976170783841656 0.06400201023814538
0 0.4136645933613529 0.93289136970843 0.1771200926364372 0.13421726058314007
0 0.4906386188298891 0.8790920011217279 0.16480194906292792 0.14878164109057934
0 0.6262147544858395 0.7998443092432452 0.23992162100796718 0.2138810307144361
0 0.7092736439027136 0.6826677906075866 0.23050115690134448 0.21138828948585875
0 0.8390855128656167 0.5927212080124338 0.22880226458147632 0.20654574928109568
1 0.89703778754273 0.4675117270220017 0.20592442491454008 0.21967800805251833
0 0.939415504156635 0.3913065826529817 0.12116899168673001 0.13146329679055846
0 0.9618300617576248 0.3178509357244253 0.07633987648475049 0.11587459064767121
0 0.7775512486133447 0.9787357620787775 0.21871655925034225 0.04252847584244499
1 0.11738400910469302 0.553827613309589 0.09450616943775673 0.08883487208101144
1 0.14295465894640846 0.4956033168929399 0.10259145407749282 0.09898507310482607
1 0.19523256129540636 0.4182172240596417 0.1215233105039836 0.10709555556198107
0 0.22172085345698983 0.364757947745374 0.09257995658477532 0.07617983187624855
0 0.2628483071387713 0.30574030337635394 0.06726170783841656 0.06276168860004212
1 0.15554089014178998 0.6604410179167545 0.10727895407749281 0.09945019371911493
1 0.33489314020829697 0.2116197332049735 0.13884720282385157 0.11348849781437294
0 0.3157088826864496 0.2751516904406743 0.09611413354437941 0.09055241228577451
1 0.19942127078317556 0.6157184338548787 0.12023359514371963 0.11631551535721804
0 0.23507997446495693 0.5561581487691886 0.100574313011266 0.08320503290006317
1 0.3294196931904331 0.3715494718740146 0.1641654515702103 0.12690664109057953
0 0.2767075333195878 0.5143280044001685 0.10553459765100204 0.09304515351435186
0 0.3128065062016992 0.4431264894168597 0.12138691818411544 0.10240805556198093