1 0.7066290242940761 0.45772420081343945 0.06509791842239068 0.0519079336450254
1 0.736825713172168 0.5539315803019347 0.06284173134088888 0.04564884328594587
1 0.7159980600609037 0.5069656767111385 0.05676515311126433 0.04717498184962743
0 0.7574765363798155 0.6274418031745717 0.046696466029762365 0.040870439695149585
1 0.786371709946781 0.7189571374835271 0.07586029258539462 0.06446247579950323
0 0.7697104394910799 0.6743577097904299 0.04357146602976236 0.04085225897699054
0 0.6819809800346892 0.4185435261454044 0.048779231340888886 0.04556703005422928
1 0.5847923657930421 0.14081343588452067 0.054508966029762365 0.04091589149054777
0 0.6634103660382371 0.37081000809322767 0.05989015311126433 0.04719316256778665
0 0.7396854683167428 0.593766239942855 0.05173080957051326 0.04402271077238851
1 0.6286111839787123 0.28941001716841397 0.06492449665201541 0.050345433645025486
0 0.6425818608936625 0.3308708093228917 0.06179949665201523 0.05032725292686626
0 0.8114456403323134 0.8252844055357038 0.04843238780013799 0.04244203005422946
0 0.7940022678433019 0.787707137483527 0.04114185717788495 0.03303066861791084
0 0.7821135042061679 0.7579696405085892 0.03888567009638315 0.02677157825883114
1 0.5984093829007584 0.2353628666026799 0.07047910550389265 0.058185204722264315
1 0.8295775877029646 0.9112719025106415 0.06735410550389283 0.058167024004104916
1 0.5746318556264902 0.1758878726528041 0.061452653111264334 0.047202252926866264
0 0.7177670146179148 0.95200092075921 0.0671806837335172 0.056604524004104914
1 0.5893394768093021 0.5827418606507516 0.15953478923740985 0.11491699375348396
0 0.6967650877029646 0.9104992219888743 0.04860580957051326 0.04400453005422946
0 0.6619676097100605 0.8150458214231401 0.07134621435577007 0.06599770472226432
0 0.6769788172472635 0.8658816135776177 0.06231976196314175 0.05501475292686635
1 0.47470578601202273 0.28148791197861145 0.14894583684478152 0.10392495159900639
1 0.4486729236895631 0.2087271228491958 0.1258568844521531 0.09286018657189173
0 0.634976667483984 0.7688248063960255 0.09217897966689641 0.07080337939029935
0 0.5435160838645896 0.5004969872123806 0.12498807153365502 0.09910109621281223
0 0.6096374922430261 0.7023140172666098 0.11283661914102687 0.08809996369925485
0 0.49032141364560883 0.3588725685944697 0.11266319737065125 0.08653746369925477
0 0.5887239802798845 0.6475401588553534 0.11735069737065125 0.0865647347764936
0 0.5071535497717543 0.4261146107489474 0.1097116191410267 0.08808178298109545
0 0.3766166371069263 0.9865510992378741 0.1156215918667586 0.026897801524251717
0 0.06578138110416845 0.14247839149054778 0.11109899330403054 0.10058178298109555
0 0.32774984284753933 0.9473613342107596 0.12273018038553243 0.10527733157848082
0 0.08174385227850553 0.22298804810640602 0.12568175861515699 0.10535109621281206
0 0.13258540013107237 0.4418925842107595 0.15605783349679675 0.153934041958086
0 0.0954467282380993 0.3253454336450255 0.13297058517078914 0.12881586729005096
0 0.26873276282132486 0.8596027798578376 0.17550322464491944 0.14623971662612084
0 0.22482467765053568 0.7313050630353247 0.16734217703754775 0.15712267447164335
0 0.16216829654636725 0.5888448522629363 0.16299981651167803 0.1742738130353249