1 0.535586813635482 0.07677133043844023 0.11632637272903601 0.05803789474292938
1 0.5241392595428976 0.12052737941462568 0.13523561151914834 0.11880825658579552
1 0.5187025893892372 0.17748110931224423 0.1651462521260319 0.14347398027152786
1 0.507063845598155 0.26217223869795553 0.2130096672787225 0.17922014620965215
1 0.5132185086248138 0.36044260054082167 0.20545225879399176 0.1815699451858376
0 0.4371825539234064 0.47182214183839816 0.23603257909743344 0.19545320907633293
1 0.47689966073144896 0.7474774799265329 0.26804785364324063 0.20792901317159113
0 0.42937056967522197 0.6254122624526868 0.2470976248550679 0.1981009905096732
1 0.4667597729995035 0.871696229926533 0.24827748758216436 0.19356853071443608
1 0.450975663147345 0.9360188359025077 0.2745848960668953 0.12796232819498457
1 0.4492379489030399 0.9869490771310853 0.23360946757828494 0.02610184573782952