0 0.5339092582562014 0.9058494532035954 0.16494332654882307 0.1192596672787225
0 0.6110016977614364 0.15344180138682423 0.10367827792830404 0.10803538273097572
0 0.5256197184536513 0.2406231948686456 0.14848616689245625 0.1614791181871082
0 0.40148177634642446 0.4085923316825073 0.2154080732694627 0.2509559484924896
0 0.2821198654468621 0.605196651526907 0.2314425090451116 0.2600439060688348
1 0.1896103816165212 0.8134080221299114 0.2306169934412793 0.2739788603112004
1 0.12520596562857617 0.9344700790974334 0.20088747060135784 0.09263326546195146
1 0.8033651809144088 0.4053065456369483 0.15294129353213642 0.09805434697528095
1 0.7851640575540889 0.4681573609394203 0.16757700361804453 0.11013975879399177
1 0.8288775152651479 0.30774589048619727 0.11701043758467114 0.06556084030732112
1 0.834749056988262 0.2705647548802836 0.1108423247398008 0.06661315727678296
1 0.8087387556542096 0.34768536427340013 0.13501680913596842 0.08258884364130097
1 0.837737938150498 0.2135335048802836 0.11758364767057934 0.0764983403073211
0 0.7286816841937691 0.527883305179846 0.13591756784239592 0.09977634364130097
1 0.6225457123492157 0.8463944469946775 0.22208744120271576 0.1705987687959314
0 0.6890592622129302 0.5952622527542517 0.153760165083434 0.11367934697528082
0 0.6591836544564427 0.6712827477532819 0.15466092378986113 0.130866846975281
0 0.6256098366140468 0.757985651237043 0.16905097241038014 0.13826475879399175