0 0.5737630281259853 0.2416108596208364 0.05622580409525817 0.038086885865526554
0 0.560756681266428 0.29496003401282567 0.06028104532383551 0.04786405562232225
0 0.5543939838949633 0.35131057645202457 0.06777136696193882 0.061168395135913656
0 0.569898004371254 0.19506057645202451 0.05310080409525817 0.03768471610873094
0 0.5384237262163543 0.4112113781616105 0.06449132675717592 0.05920372537911796
0 0.5288645577186936 0.47645729791840613 0.08042640716670171 0.06433957416309646
0 0.5096203088115072 0.546034726945589 0.08729656798575328 0.07139391367668786
0 0.4914673903138464 0.6123866135335728 0.09275926900956791 0.07980966831188141
0 0.4711318109971342 0.6851895849999543 0.08604414839527923 0.07431782879829
1 0.4924464893879453 0.16723574012871228 0.12194535453816649 0.12521452636624675
0 0.44928147293791376 0.22138106964945942 0.11434838450478395 0.04865202636624675
0 0.4246399451569232 0.2831690881902335 0.14995160819051634 0.08099980881260142
0 0.4068092050211593 0.36181988989981945 0.16119918860004212 0.08553240296138628
0 0.38680185304252923 0.4546337340486044 0.1785296308524341 0.10473075174536461
0 0.37460700106389916 0.5464421538054001 0.16804515351435184 0.12343457271818199
0 0.3363208186757432 0.6446934740557602 0.19055241228577452 0.11707584589414957
1 0.31633161362566947 0.7606431908869482 0.24504857822389886 0.1688230620028806
0 0.1960404258023604 0.02298243047209713 0.12354414839527923 0.04596486094419426
0 0.10488488303806114 0.04607475267882537 0.1555572514667228 0.09214950535765074
0 0.0750393183452055 0.1315300014449144 0.150078636690411 0.10115740296138628
0 0.052067497253508996 0.2434185624248874 0.10413499450701799 0.12954603563663375
1 0.6772827942021077 0.333181663497794 0.07652620614288726 0.05612490440630067
0 0.647625539083035 0.3755620639913584 0.035138103071443536 0.027660282446354677
0 0.6432008442711067 0.4123813564305573 0.04544334430002106 0.03824179171674165
0 0.6370586092544154 0.4509642337481541 0.04887842470954684 0.0417689614735373
0 0.6222511531115282 0.49914628545774004 0.0498207638904951 0.03572004635193533
0 0.6085652722590942 0.5826625825321324 0.057621165938124365 0.05214938586552655
0 0.6134550876853112 0.5411557900929335 0.052158464914309734 0.043733631230333005
0 0.595946525911444 0.6321055069241217 0.057466125733361295 0.05058688586552655