0 0.24263443409085061 0.22788490332478886 0.07225670170823655 0.09538109905006031
0 0.8716316094175933 0.4197958485998344 0.11850076310157683 0.11798643939369344
1 0.1855211051470021 0.22380159090945995 0.10306761397798754 0.11873006784239584
1 0.11773035952905601 0.23521712573516904 0.08689475433746888 0.1008055834462281
1 0.9333078199122303 0.48025199174785793 0.12162576310157683 0.11815021370395282
0 0.9473481270461257 0.5989643701965605 0.10530374590774869 0.12365658525525056
0 0.5167789515076038 0.46905770070211245 0.1660047016636515 0.1887836182719372
0 0.3962607541368361 0.4800914552246683 0.18760477182109964 0.2256218769783644
0 0.2946844076424793 0.4917050638856669 0.16929385955134854 0.20292800542706696
0 0.9541385634283195 0.7032424344209117 0.09172287314336103 0.16321040818602892
1 0.17955288132786307 0.4953800197877037 0.18565857006827802 0.22241498982323474
1 0.10530643833914939 0.5118515468114967 0.11276892970879668 0.23567190637700666
0 0.955953223484751 0.8187379596356823 0.08809355303049812 0.13969766508343398
0 0.5717759206771784 0.7248606433751663 0.26863522795597505 0.24073562188998174
0 0.9398632889926348 0.9178648564017505 0.1064675438205395 0.08320200361804453
0 0.5286538592169606 0.8411307745374021 0.2930596753267428 0.23735831637205784
1 0.5542305656862241 0.178531197988579 0.1066040087195228 0.10960072930778511
0 0.6740485919785477 0.2194284356641071 0.11699364907900414 0.09306832654882316
0 0.6182238332144399 0.20662854251608356 0.09550235083182575 0.09504690637700657
0 0.7461421358213796 0.2494600944159629 0.10095725433746879 0.1015425678423959
1 0.4926077411244295 0.1825469906162042 0.0976127104723444 0.11223440637700657
0 0.7898495963160166 0.3108579398479786 0.09783225433746896 0.10137879353213641
0 0.4286817060234129 0.21263063828678352 0.08497624557336092 0.08518058344622811
0 0.4335610568998237 0.2139474768213943 0.09199364907900413 0.09175813206674713
1 0.8562686927880809 0.3459046472203534 0.12338011397798745 0.11979460085908258
0 0.36609962707956434 0.20883393091440872 0.0987915087195228 0.10919129353213633
1 0.30198274112442947 0.1925372235420339 0.10421871923645228 0.12810506784239584