1 0.5290055975179577 0.9524057003362291 0.1773966497711072 0.08890466686696677
1 0.33062072856939706 0.18699143324036938 0.22321711907011724 0.230024194678128
1 0.5742108343348344 0.9036732937625567 0.19427433806867694 0.11258943077254742
0 0.6536674391989207 0.8524340469528358 0.22335858343348355 0.1117225434621063
0 0.7231226999142222 0.7891513333119269 0.28061400782547263 0.12677409908442883
1 0.8235641935944422 0.6968998218741682 0.3528716128111157 0.20845607909874034
0 0.8364331927217599 0.5441918967597218 0.32713361455648027 0.23139905128757904
1 0.8355689339628267 0.3733685001788938 0.2697361283405043 0.24523065615166545
1 0.26608180188847974 0.8317497849141766 0.09880693221746188 0.11105966831188141
1 0.26475312430621145 0.7378448790629616 0.09215476246066619 0.10713032879829001
0 0.28640541355513116 0.6553489115093162 0.09422815904149431 0.08742108343348338
0 0.2919843540200726 0.5554181800500902 0.1406846205150316 0.1379617902718273
1 0.43640774337632865 0.9612332727539608 0.08420372537911795 0.0692281590414943
1 0.2870986964234928 0.3980540288340687 0.19998070394851508 0.2285704215021603