0 0.27748186809601877 0.12679195603913457 0.11601456220555537 0.0950045120146357
0 0.2819260688499541 0.20113797537395267 0.14392494872768502 0.07503745735199914
1 0.2700617644200931 0.28311468137331636 0.1857214694628702 0.10674199069063528
1 0.25724267832180664 0.5637197913749071 0.1637097684261109 0.10492495202099902
0 0.26961695626703835 0.6725680800445434 0.12558505183796279 0.07950678134945388
0 0.28416888887768665 0.7744033000477251 0.14576085080120355 0.07818063868554467
0 0.48981506423180565 0.05966064206713327 0.20474487153638865 0.11008516669318061
0 0.49808760254462997 0.15282029606936043 0.20786987153638864 0.11012152936027149
1 0.488567048114769 0.23482427406904227 0.2646857995288886 0.15292719470081667
0 0.5312932073983341 0.37217937074313284 0.2542171912348145 0.14031810669954387
1 0.5408452817149083 0.4864691374124509 0.3241387119699997 0.17234990404199807
1 0.5304368790757419 0.6411930000795418 0.29437329952888863 0.15327264003818009
0 0.5723134378409274 0.7793202560868596 0.29023260367592557 0.15946809603754364
1 0.5635064914223167 0.9200146973663166 0.33011530989648113 0.15997060526736676
1 0.08847957375092644 0.2669249653484993 0.07646404665416653 0.07113066000954502
1 0.061235694156019406 0.462119286680454 0.09663984561740728 0.06980451734563572
1 0.07789480532481552 0.37003178401495385 0.0743547425071295 0.06486247867599956
1 0.07043574542833435 0.5357386000159083 0.08331963939685175 0.060284066677272284
1 0.06879604151685303 0.6170522346833174 0.08488213939685174 0.06030224801081765
0 0.08282029382592725 0.6891635920194081 0.056073634213055466 0.052162484006999674