1 0.2832305049921527 0.4087953795760558 0.13558637021614822 0.1582525199665911
1 0.04126604378144709 0.4971024866889393 0.08253208756289418 0.09112684151404729
1 0.05635455314084977 0.5090499349002782 0.11270910628169954 0.11446049792002064
1 0.08385356655631337 0.5203409877289291 0.1282312666388259 0.11264828868539638
1 0.384198431156921 0.4388661316560352 0.20156734608959823 0.251149548668692
1 0.1121961534948098 0.5734548764560866 0.15756521381017502 0.14481550457555095
1 0.5410727042434813 0.4590711534948098 0.244026777869907 0.3077753240430276
1 0.16533105324525263 0.5932766462148817 0.19383646713794017 0.168337048668692
1 0.9127301173049848 0.3686156607747379 0.10773330199645699 0.2083143415140473
0 0.2739644022470241 0.6822637903497839 0.24461024043229643 0.3140253240430278
1 0.3661704902255102 0.7813033408906593 0.3290692845254375 0.3559853373540884
0 0.2925683290351803 0.19262893906023704 0.06535549126449017 0.06960539434269823
1 0.34627679159756963 0.18141950727992812 0.07662674459225531 0.09079308818628214
1 0.5547048764560867 0.11394654118197764 0.08302261023285276 0.09293905074867145
1 0.4041832354411536 0.16672041139812588 0.08927261023285271 0.09352251331106073
1 0.46263111980055627 0.1628129498757263 0.10123116971703397 0.10548107279524195
0 0.6107879997922041 0.11877869530017544 0.07487635690508761 0.07204308818628215
0 0.6544440559486201 0.12399652454315176 0.06350125998329545 0.06633452870210091
0 0.5210159710901031 0.18446793989243077 0.08302261023285276 0.09293905074867141
0 0.579734575707415 0.18595629554973256 0.08658520715464454 0.09791828202986608
1 0.6311722210901032 0.1741844122303196 0.11112781073196701 0.14512703535763127
1 0.7119636131450259 0.17980771609896024 0.09916925124778579 0.13316847587345002
0 0.20579281114856873 0.4253177959653246 0.11464838560718835 0.1330646322794232