1 0.40060965684108873 0.18410248656890596 0.11205102942120146 0.07177637426177289
1 0.35283683818956185 0.3369436306872641 0.14650524511086366 0.09693588161382527
1 0.39699833330042544 0.25749775072311776 0.1564172058990488 0.12259278308423574
1 0.3503302695503754 0.41362812020907846 0.19372794119461823 0.1357449665390961
1 0.3166639460035418 0.5243216411654497 0.2026848039409262 0.14437859337710907
1 0.2902577450059698 0.6341916762760326 0.22189254903944935 0.14947429778834048
1 0.28248710773376706 0.746813665797847 0.20420769609609515 0.13376954411231434
1 0.2582353920317645 0.8473908135922313 0.192812450997572 0.12949496653909592
1 0.5855105882265832 0.1186556396889954 0.13850348040643307 0.10532552940820956
1 0.6136422303694117 0.21363261193046484 0.20127196080052556 0.12423031874471172
1 0.6306273038853941 0.3034716439149146 0.21876754903944934 0.14914584705313522
1 0.631107107789299 0.41934062295854346 0.2863027451232039 0.19008986175724013
1 0.5971877205109261 0.5696714327015238 0.30082299022172715 0.1946928900656637
1 0.5884972057818146 0.721067348326146 0.3044453431650814 0.20891961543326634
1 0.5387833577214266 0.8546658163416962 0.27536524512320393 0.1889402841840216
1 0.49745419103419247 0.9454366222354256 0.2722402451232041 0.10912675552914877