0 0.9140445036501527 0.40990530703134437 0.11144778896022593 0.12512036831702952
0 0.8390035933417271 0.4031933044710955 0.09782166558343128 0.14930132096198284
1 0.7582075608743232 0.37975653349499533 0.13449555113509035 0.19358194198043527
1 0.4794416327089901 0.3268388469174062 0.12789099512873606 0.17290542093374786
0 0.3693262930174156 0.32276672596954087 0.09752165665497756 0.13211382096198285
0 0.2647342504037418 0.32213812343752696 0.10100121266133195 0.15260833148532651
0 0.9392472808425509 0.6263416491106016 0.12150543831489813 0.21380343671876342
0 0.8560895020252997 0.6219355991953063 0.14268988068039512 0.21591196828879458
1 0.7753207430968458 0.600061328219206 0.1921365016215578 0.2765456314006219
0 0.6313213271063776 0.6221120915145599 0.17788308684890541 0.26478908404557516
1 0.5156826903369023 0.6145964521508432 0.22129789610167058 0.3375587261107153
1 0.3621485872526472 0.582240436507002 0.1973421988616142 0.30650614718563746
0 0.21812189772322851 0.6027286998023559 0.20351037824476323 0.30218266823232476
1 0.09430256817792375 0.5736642841302798 0.17453199025747207 0.3410785682605596
1 0.8012057642034595 0.20509743871431488 0.08105117694751698 0.08276626834526431
1 0.60903585511285 0.15019929415951336 0.08296823295387128 0.10316977360693617
1 0.6993023449665803 0.1796508467056447 0.07477390340856668 0.0808397472985769
1 0.5340767654212755 0.1481747915992646 0.07178527110331849 0.0884702367752332
1 0.45345801095704863 0.1348942706231644 0.0718125446422686 0.0900327367752332
0 0.3793756286518003 0.13838402069375155 0.05884889448011297 0.0627421946818584