1 0.22155840032872226 0.460133742710533 0.17188361621110373 0.14595662822814393
1 0.5741460911897132 0.3228183210745629 0.17439218610347992 0.16637838887180562
0 0.6215497841176185 0.35416651006258404 0.13365587014004526 0.12770937278026234
1 0.7282385858130296 0.40445572318792034 0.27538110545773675 0.2949182881351714
1 0.32047539743323816 0.5776268813302371 0.2556464942090318 0.2390289210548925
1 0.85397063998964 0.49579055339353567 0.21018844499482006 0.23273536238870207
1 0.3967190279123655 0.7098873602950151 0.3166225355653607 0.2775558255140382
1 0.9430715655491501 0.5520566149097176 0.11385686890169992 0.23574039406758587
1 0.498942961534646 0.8315052702020427 0.3331208308506309 0.29739843195065563
0 0.643679726836127 0.9023594475379959 0.3651670434232436 0.19528110492400827
1 0.38662466645877275 0.2590896848006473 0.1300214478903042 0.1165533514929388
1 0.18992310256225264 0.39951867080279085 0.15836477171162175 0.12320754307885
1 0.46678735545773675 0.308302716983734 0.10985449710451575 0.11825796312533629
0 0.26107897270229785 0.5228576178365838 0.07649403349844608 0.07076025025210164