1 0.30813147010729136 0.7157909328349727 0.2044292361025528 0.13054839439121899
1 0.36134451617253227 0.42758492593756775 0.18018809793005203 0.20086753844375363
1 0.3756965557902813 0.7867861855485061 0.20298513527271583 0.13202900723608924
1 0.45993445890913653 0.5135401153312611 0.21562869046151914 0.21673155585660808
1 0.4931898638788696 0.9027531015364513 0.23350142946385705 0.1445223631835546
1 0.5735742582751479 0.971117501695451 0.2532685551888033 0.05776499660909806
1 0.6171181516457407 0.6025660730423201 0.27462518216314924 0.23538638059640907
1 0.7692349134685955 0.7274067000206845 0.2974706863123345 0.22880218792335522
1 0.8378278576550923 0.9090495256649966 0.20523471950581323 0.16171650723608905
1 0.8969525586900662 0.9972633401164904 0.06283188672260849 0.005473319767019191
1 0.03045432675992028 0.3184501068519764 0.06090865351984056 0.0561548247398008
1 0.03960661305367701 0.6883841485750904 0.07805506763635793 0.06478619629109836
1 0.05612698775293802 0.26334652702379296 0.06761447510489071 0.050232373360319826
1 0.055727597906830004 0.7551146251693421 0.06688076929603189 0.06108798620519025
1 0.09194701119815478 0.21502521370395286 0.06714087842423862 0.04398237336031983
1 0.10013952612128718 0.8107781269783644 0.08946616431701004 0.07160940637700657
1 0.12709252841959423 0.154903263228983 0.09176237012586884 0.06083568068726608
1 0.13969801097444018 0.8787369108995623 0.08705155933798818 0.08082063206674732
1 0.17228444541267468 0.9455459526226765 0.0907685551888033 0.08879690637700648
1 0.22622046450821393 0.606394921415012 0.1731559253146722 0.1491412641334943
1 0.2538178653287621 0.9774366824962885 0.1154366684661949 0.04512663500742313