1 0.6036378921119774 0.36917408739586105 0.15760117649018782 0.14363722800056014
1 0.8581317401476845 0.42348573200364115 0.10527284315274095 0.11112735083182561
1 0.1512985293718397 0.2810264560457054 0.08983710785717144 0.10002569294412869
1 0.5258122058311764 0.4009739470809647 0.15257475492615774 0.17217362274209544
1 0.8184090685651437 0.5100680171046577 0.19201578433501884 0.15860359640518668
1 0.44748477934715886 0.47963496027171165 0.17056769610843556 0.21120842975338175
0 0.7593686028693115 0.5656475390595125 0.14437495099757208 0.1266692718656847
1 0.3220028430663578 0.5055833682262862 0.18489867650252823 0.22524323676466804
1 0.6951630881525406 0.6293411838233404 0.20063372551729675 0.19648729815800828
1 0.19003325971657056 0.5975404779336826 0.21143034317742182 0.2806704472815976
1 0.5785852449936294 0.7573861049240769 0.24988544121929923 0.3022705174390456
0 0.45381637242585704 0.8653380698899378 0.21741186278332916 0.26912970166365147
0 0.2707464214344554 0.8937672696635115 0.24301926474145183 0.21246546067297709
1 0.6891527450923529 0.12199646456459545 0.05061617647784722 0.052246824539502065
1 0.7312808333251064 0.14387046454230293 0.050655784322678345 0.06299247366309127
1 0.6036333823460451 0.11944901723841288 0.06201142157637065 0.05671478067437761
1 0.5589678921489988 0.12032719269891082 0.051073921576370473 0.05537182453950207
1 0.7745136764593367 0.16906131539642116 0.05759240197046296 0.06844737716873443
1 0.5177707107758447 0.11924531991223031 0.053323039224155266 0.06025117541591287
1 0.47476235293101376 0.1250987716873444 0.05580102942120142 0.06669302629232367
1 0.6587346323398748 0.16677495141843363 0.06452901961824793 0.07390228067437761
1 0.43345073528322897 0.1247981489006639 0.07481950981529413 0.08130338593284234
1 0.623424338220413 0.1743689075756017 0.05180014706898621 0.07080497366309127
1 0.5828939705726283 0.17416421022712658 0.06452901961824793 0.07390228067437761
1 0.3848195833189362 0.14189072348475107 0.07275965687193989 0.06724088593284235
1 0.5398856127277972 0.18001766200224067 0.07500877451972468 0.07212023680925314
1 0.3309683578263204 0.15118464456319503 0.0707394117734168 0.06392403505643154
1 0.4875022548829662 0.1847200085188901 0.07344627451972467 0.07192838593284234
1 0.20461492645316642 0.13964689901212657 0.08319980392858577 0.054713192944128644
1 0.4292672303694117 0.20222397784451246 0.07794450981529408 0.08168708768566386
1 0.799192426440826 0.29377253905951245 0.10031686275864829 0.09824364907900414
1 0.8516308087930412 0.30498296885747933 0.07466985295569444 0.10123218418002074
1 0.22538078429182726 0.1716227630346992 0.058886421576370473 0.056331078921556
1 0.3653741911514268 0.20948961822628634 0.08042250001234041 0.08812893856207467
1 0.7704358333004254 0.31091949959873444 0.09319098040643325 0.1019718946969502
1 0.15708414213048807 0.19266312710185685 0.06452901961824783 0.07390228067437761
1 0.3001079166378723 0.22613025860806016 0.0784814706034794 0.10630338593284228
1 0.7298460538853941 0.3274088285648756 0.11445857844831053 0.12146160521387968
1 0.9105194852523779 0.38617658285775935 0.08819539216750946 0.0783425438205394
1 0.2194257107511639 0.24485456566393154 0.09841544119461831 0.12716374557336102
1 0.6815384068225782 0.3477223285871681 0.1544761764901878 0.14325352624773863