1 0.6252705535677556 0.7542407958102603 0.14356635382990035 0.09142364126984166
0 0.5522751283267977 0.8248524868955318 0.11770094904464372 0.06804669802510181
0 0.7080828570552875 0.036071786710961604 0.03714804425938691 0.04116522054263574
1 0.5239860789228362 0.9050103562661483 0.17724425861515697 0.11530123226282782
0 0.6801363910255251 0.07819872995570142 0.0683963401927663 0.05713018198597284
0 0.6394297923401994 0.1234704595976358 0.08158832320764749 0.0781435888335181
0 0.5909974045400614 0.1684615869878168 0.08679779258539462 0.06916910703211535
0 0.5210402684139159 0.23965426897378964 0.1183929320595249 0.08825906847545253
0 0.4704426645840156 0.32512020203949665 0.1640522756002758 0.09428782541528272
1 0.4211491321651728 0.426792126005905 0.3048421770375477 0.17467383713547502
0 0.4348196308589733 0.05901314312476813 0.0956491191410267 0.09300712523071267
0 0.29833650106100446 0.5758385001568835 0.22463781985966272 0.13695498920265833
0 0.32293086722183917 0.09565964682539595 0.16751900694116467 0.13950019586563348
0 0.18706579005321908 0.6977716617847907 0.2447768980892872 0.13669417334809958
0 0.12691284993022642 0.8242828994462895 0.25382569986045284 0.15608452344038462
0 0.2070559589660002 0.18918720620154977 0.21682361579304202 0.1504167119047624
0 0.11420790292736793 0.3110202382798077 0.22841580585473586 0.15332046884459274
0 0.07415760011412281 0.48436690314691744 0.14831520022824562 0.14689119370616516
0 0.037621644250912155 0.6353879850406052 0.07524328850182431 0.13859902991878953
1 0.831125996161625 0.35320232264673085 0.10172569737065125 0.09184514342930994
0 0.819747273435893 0.294978812467698 0.05329330957051326 0.046854016039128955
1 0.7828746984316556 0.45946161706348987 0.13089463612614552 0.07509773442229636
1 0.7666503905351346 0.5287623295865612 0.13922740143727202 0.08028588217054296
0 0.6926144346719241 0.6087490206718327 0.11787437081501899 0.0696091980251019
0 0.6459205247420927 0.6730210741878903 0.10711029258539462 0.07047079117755643
1 0.7791723468887357 0.013528866057584873 0.10294476196314158 0.027057732115169746
0 0.5080760407888046 0.01071175277777717 0.08697291842239067 0.02142350555555434