0 0.3967433481529213 0.31517375071608866 0.10557894448293884 0.08393974267981755
1 0.3712549374773359 0.8002203653723619 0.10705225477581219 0.12765338001272672
0 0.43355364686782305 0.2570799873885884 0.11355566985054147 0.0855931493475448
1 0.4385245501611372 0.8017834127148159 0.14586605771663308 0.14058973201781733
1 0.49935702628207634 0.1704526913987697 0.17596648014341482 0.13001585868872628
1 0.4527161167062769 0.7660549980505886 0.12012468455464624 0.1480931493475449
1 0.5100828944648075 0.7253669107256335 0.20663461433348013 0.1693874413589988
0 0.5793401772025939 0.12222482407699646 0.1637198952181441 0.08773745202099903
0 0.6312006871308864 0.058844124084950634 0.18650049374773356 0.0817601720241807
0 0.6019912565987159 0.6718157440722239 0.1783501069814278 0.13784654002227156
1 0.7265877702030347 0.6248872947564958 0.31541831249244545 0.2689703653723619
0 0.8723640244440632 0.43083894478035845 0.25527195111187345 0.21698969470081658
1 0.9093608459533492 0.2956286981221762 0.18127830809330164 0.2163897106938169
1 0.17180400347258268 0.7066050833465903 0.08658496543931005 0.06655224801081765
1 0.2524676459412618 0.5163715293602715 0.10869922646738858 0.11362724267981754
1 0.30367361340691906 0.43191526070177116 0.12851905036458078 0.10917610001590834
1 0.27079977920476606 0.8169982380251352 0.07959359227732313 0.07427384134309056
0 0.3539317464971985 0.36071297004295255 0.1074698952181441 0.08708292401336308