1 0.021575311613073276 0.5109375 0.04315062322614655 0.18125
1 0.798999726755276 0.3328125 0.24986198050347533 0.225
1 0.059039422815872454 0.56171875 0.11807884563174491 0.1984375
0 0.12273934438234506 0.6484375 0.12666127884380146 0.228125
0 0.20203483545927536 0.72578125 0.1453413464801594 0.2890625
1 0.3184984398135973 0.828125 0.2291728174358653 0.34375
0 0.4851647989418041 0.8453125 0.24688053569227866 0.309375
1 0.671409952261152 0.8515625 0.25945046805592076 0.2484375
1 0.08542432406062792 0.23359375 0.11995914772027053 0.0984375
1 0.18909377572030187 0.23671875 0.11323555103961844 0.0921875
0 0.2816122398275304 0.26328125 0.0947223493799445 0.0953125
0 0.3908804960513078 0.275 0.14983682448483523 0.1421875
1 0.0040568475058446836 0.41015625 0.008113695011689367 0.0859375
1 0.5618558468811448 0.2765625 0.246405093780867 0.2