0 0.3778112269789905 0.3216722686187295 0.08186715186945541 0.09149770401018138
1 0.2774219859020602 0.4002523492998197 0.13698162697434615 0.13897268801718105
0 0.3539485971048594 0.3782495326225475 0.09315984937994451 0.09631247334499946
0 0.2450606944102114 0.47882279197168315 0.12258724025173776 0.11382723734881743
0 0.7260468948204855 0.2839968092377771 0.08596265601864025 0.08373974801081766
1 0.17468991744050966 0.5304676553150918 0.1266361228251612 0.14665791868236297
0 0.7169096157761914 0.3388388505729134 0.11645563942190088 0.1153170120146357
0 0.15343206930996506 0.6214199193189097 0.120764631123531 0.13097837468172652
1 0.093122453957981 0.6510534226607275 0.09957671535662845 0.160393154678545
0 0.9463952836176863 0.3025451725414149 0.061814760997662074 0.07409202800763595
0 0.7019842780186089 0.4101689579090042 0.12739313942190086 0.11544428134945375
0 0.9167320170209468 0.3341678898790965 0.06626546265733602 0.07102157200827239
0 0.687236539016271 0.483842815245095 0.14346842531467222 0.14217041335136288
0 0.9351636309230382 0.4019820985439602 0.11164974025173749 0.11369996801399936
0 0.6543783400558894 0.5764939392505039 0.18260270290907385 0.18477608402290802
0 0.941913136934712 0.474611076543642 0.11617372613057597 0.12002269334818116
0 0.6169044186899095 0.7114234699236398 0.22928937137526867 0.24464198002863496
0 0.934888637247062 0.5855758485439602 0.13022272550587602 0.15639654535327185
0 0.5490918018880329 0.8381046959341394 0.2763545481398335 0.28890105736790767
0 0.9259527290535828 0.7223945958784601 0.14809454189283427 0.18027039735836253
0 0.4500874620558581 0.9143228452816843 0.25137601369695445 0.1652817440324533
0 0.34226422927729755 0.9773506512969561 0.1763974792540756 0.041080628023544105
0 0.8783415940045817 0.8491303658895959 0.19754061867597628 0.15528857869190782
1 0.33964560830301416 0.16885635128900206 0.0747883576783142 0.08048747867599956
1 0.2853850834079049 0.2164040606301835 0.07552206348717298 0.06956816000954502
0 0.3289099404615191 0.2026046426241383 0.039607874275053766 0.04885567067154524
0 0.26721542386477964 0.23460007729950155 0.05090057178554286 0.05367044000636332
1 0.23672336307689895 0.2552852946371832 0.06482136182749905 0.07256589067472685
1 0.5971019881771452 0.10956097792014004 0.10229805103961845 0.09329656134627214
1 0.19877399979950736 0.28074891864259205 0.05629846680652095 0.06309998400699968
1 0.5439895661864654 0.15162175592777605 0.0751435551888033 0.08517497867599957
1 0.15792477946850142 0.31953924598186445 0.0872883576783142 0.0806329293443632
1 0.49780165041956287 0.18187287726768483 0.0994098493799445 0.09638519867918127
0 0.1483255591374955 0.357965946650228 0.04898287427505377 0.04896475867281787
1 0.43499491971559473 0.24046717461013895 0.11309384108157476 0.11215564934754481
1 0.11260154668994087 0.3818397986553187 0.07287066016782515 0.07578179734245412
0 0.4939671780139645 0.22414219326863932 0.05546967261537983 0.052162484006999674
1 0.06868652594401647 0.42144773866168206 0.08101504689043355 0.10085452267663589
0 0.4200336931608115 0.2906853506126843 0.07466995850815117 0.07892497867599957
1 0.04844580353841812 0.4639079586648638 0.03342965186945539 0.09093408267027243