0 0.6583093576323586 0.351876676276252 0.0797173102575158 0.06470430913596861
1 0.6859845452074712 0.4161815157153739 0.1297009414878488 0.11543464947960161
1 0.6774735052360942 0.5429963212332979 0.1398802810014402 0.12217597241038014
1 0.4205664846495051 0.09032726537668961 0.14012754490702087 0.1361565852552504
1 0.6740454142775885 0.6188627804146949 0.15555146002862302 0.13541295680654794
0 0.3928898334334835 0.10439640942922432 0.0570379707439244 0.057307888964152065
1 0.6417028889342491 0.717269302915932 0.1805976390558058 0.1491412641334943
1 0.3463775449070209 0.14696568973237764 0.196872072718182 0.16706574852966197
1 0.6349092548140873 0.8333103827441157 0.1648802810014402 0.12348616689245624
0 0.2738516476037356 0.2044672512431954 0.14702697856939712 0.15358974672063966
1 0.6160952433763287 0.9302617893482648 0.25644815759657985 0.1394764213034705
1 0.7091695241988751 0.2707362189038772 0.06545372537911795 0.0624048247398008
1 0.7108392873819985 0.32591836386092304 0.08742108343348357 0.08838747060135788
0 0.6689466939556709 0.2717321528705036 0.07110047074392441 0.058044873360319826