1 0.6510981970617347 0.3983428534945875 0.15364303846084476 0.14787621266133194
1 0.5770291885846792 0.18461731859155145 0.10851032092583353 0.11742505357072242
0 0.7447627297316112 0.7641939500860209 0.08565070967712848 0.06238299756436803
1 0.4992016333746115 0.012356129465874513 0.07027826674922295 0.024712258931749026
1 0.7432944290696574 0.8166058839333967 0.10967040653397522 0.07529210064862317
0 0.6090412837033338 0.4522451493546722 0.11464900496239885 0.08162392126547413
1 0.7203877760503387 0.8787746473260774 0.1284204065339754 0.07561938311602709
1 0.5184568633156197 0.2364622366106147 0.14583053846084476 0.14773984496658024
1 0.5929133236119206 0.5424434553610266 0.17410108767505647 0.15135576866768635
1 0.6973719611203613 0.9385996607187579 0.10945208271265763 0.07060460064862326
0 0.4812865031003719 0.2777690750843732 0.10694782092583352 0.11739778003177212
1 0.40141910483856424 0.025406441559661243 0.08997433664159918 0.050812883119322486
1 0.5351051317174724 0.6106946233800898 0.1724272717116218 0.11541826866768634
1 0.43728610008105323 0.3403060312528834 0.1864940798171737 0.18279668344033873
1 0.5216676780362001 0.7250844058474939 0.21338191149637406 0.156725107141445
1 0.27767554383752824 0.06943224391421533 0.13390842721213972 0.0928887037328782
1 0.3753191011145106 0.43677765665827284 0.2598973465663966 0.21686376623205436
1 0.4647713227833511 0.8464878474055075 0.2601841368892682 0.1559808133099551
1 0.42967503887062025 0.9323259358792659 0.2806764193542569 0.12667514285525988
1 0.28497454507587333 0.5618924793037188 0.33268418320799575 0.2712160754848195
1 0.3911968897802431 0.9791287978919747 0.24200771753501132 0.033887624998352094
0 0.24782776364434192 0.6876425016248531 0.23340762117350247 0.21796261606989856
1 0.06843113047912738 0.1262528084419864 0.1292937018192456 0.09436938311602719
1 0.24433039019452787 0.8307885296280304 0.17842471463952717 0.1436250892845373
1 0.22546057381680837 0.9460550194817605 0.17973034946188077 0.10461713636243815
0 0.8044521753501129 0.28307458929112794 0.04571491439185813 0.042951159090609536
1 0.8104496182780183 0.311117768674277 0.06511988585581108 0.057340941558013545
1 0.8138507541338292 0.36735413190480176 0.057598484284234176 0.06345457386326192
1 0.8127634431327933 0.41115867898270253 0.058869885855810725 0.05723184740221221
1 0.8153640583104396 0.4502075422132273 0.06333906203449331 0.05262616801906326
1 0.8135318846129567 0.4948069760606032 0.0702440334984459 0.06679776217486477
1 0.8039599855225795 0.5411052776027307 0.07493153349844599 0.06687958279171564
1 0.653259894747151 0.10900761810508408 0.0643579065339754 0.07450116801906326
1 0.7969501602535197 0.5920501688364327 0.08310790653397522 0.07482845048646744
0 0.7791119968951189 0.6455297248427871 0.07307793507002262 0.06060230925276535
1 0.6183968972283503 0.14949229627041707 0.09310364474715094 0.12183981818121903
1 0.7815863335367179 0.6986547248427872 0.09702485731976367 0.07194891233702023
0 0.6423524356891951 0.29450478734196334 0.06319351282028159 0.049501168019063256
0 0.6540198358130296 0.34355989610826126 0.06370293507002263 0.06043866801906326