0 0.35061416025802894 0.3625428793927658 0.049713209677128486 0.0639413864894797
0 0.3962883792407823 0.3913280158822454 0.05937930810555185 0.07079216378737563
0 0.44772244665195904 0.41421360579549765 0.07380568114108108 0.07950582973421945
0 0.30332178329355824 0.35167642812846156 0.048005160462916766 0.060716256939830335
0 0.4979022291169478 0.44720538093392526 0.07053513192686936 0.07618057063492074
0 0.5561128354032541 0.4760103038205995 0.08063787799792799 0.09240634793281668
0 0.6146680440469252 0.5142402914820984 0.0888142510334573 0.10071949568106327
0 0.6700982526905964 0.5522700200442985 0.09699062406898662 0.10903264342931003
0 0.7309244367271617 0.5922127020302714 0.0903767510334573 0.10081962523071261
1 0.237093161705771 0.410902431367664 0.14717471463952717 0.1496366594684389
0 0.2674677123677248 0.46534890191029976 0.07569782092583344 0.12013082973421944
0 0.31490348449363126 0.5067842327242533 0.11345468610347993 0.16149630937615383
0 0.38197966853019655 0.5471274329088235 0.1202141083532208 0.1728343275747511
0 0.46208239144189134 0.5937904842654128 0.14303517824559703 0.19454864126984167
0 0.5456376000855625 0.6336225447213009 0.15844185442427944 0.19086243676633483
0 0.6217784150155399 0.6980540869785916 0.15775264970954977 0.20951230721668565
1 0.7250639268023642 0.7516878315799207 0.22003863399378396 0.2758172301033596
0 0.02624986104381723 0.7722347478405316 0.05249972208763446 0.17571949568106326
0 0.07876250744810728 0.832509716223699 0.15393413688926816 0.16097467766703621
1 0.4929515175777926 0.3011419093115554 0.07260705417661058 0.08721820018457009
0 0.519329927007252 0.3404442412052432 0.036194365177646404 0.04126535009228505
0 0.5530863428468521 0.3559283412975282 0.04771406203449331 0.054466256939830336
0 0.5875512340793465 0.37302500616463796 0.050984611248705035 0.05779151603912904
0 0.6261942030620998 0.40135955968069564 0.046224336641599174 0.055928627390180986
0 0.7012284363128769 0.4390784076135124 0.0624315334984459 0.06942992288667416
0 0.6628572950803825 0.4217314188722794 0.054255160462916764 0.06111677513842757
0 0.7422879299027361 0.4660006554540441 0.060796258891340216 0.06776729333702498