1 0.7265987715067339 0.18916131007862202 0.08630568114108109 0.08565749855508561
0 0.6645610361890423 0.35401178082254653 0.12547949710451575 0.12642103563663384
1 0.6990624305219086 0.08010284252497671 0.132200377997928 0.10398896002862301
1 0.5913095492187208 0.8596652469312774 0.10702059553293922 0.13025801709585955
0 0.6210700554194648 0.2873880771744817 0.12326202564056317 0.11215745075823591
1 0.5408408223780847 0.809470882796804 0.14408825599585598 0.19249438442061226
1 0.6370954315553659 0.023307446033595542 0.14008565260503386 0.046614892067191084
1 0.5828658881321225 0.22396682645202456 0.19165246071058561 0.1799780156509453
1 0.4392997471090251 0.7720617772102605 0.17119871960192587 0.24102424247497786
0 0.5078723502904502 0.13344090525031443 0.14608309553293922 0.13528513905580572
0 0.4669627140203546 0.05242486202788006 0.13761562406898661 0.10484972405576012
0 0.35136525351916587 0.7593048652789374 0.14855743217453857 0.1884101390558058
0 0.377377983250777 0.013508351673807215 0.160869033498446 0.02701670334761443
1 0.2009157973566941 0.7048929758011249 0.30285113399378405 0.2999017873819986
1 0.14566956348674456 0.9240056872746623 0.17500430810555184 0.08930683662376246
1 0.11891578112194515 0.5954077853361834 0.2378315622438903 0.265790420057246
1 0.0439039338316775 0.9089430199856885 0.087807867663355 0.11961396002862301
0 0.06428609315643843 0.4571332560801079 0.12857218631287687 0.1661329692990101
1 0.8429577481424824 0.6253720907796121 0.08027400496239885 0.0895406590414943
1 0.8299632884653538 0.6876166424891978 0.08496150496239885 0.09014391367668786
1 0.8195587894988112 0.5942144488339774 0.07522263192686944 0.08112490440630075
1 0.8336170971900783 0.37574298663798283 0.09164815260503403 0.10032325319027909
1 0.7968340729972573 0.5319073493275418 0.11417812406898661 0.1172009414878488
1 0.7668768992997743 0.49149833933469755 0.09142982878371626 0.09563575319027909
1 0.7897280101341945 0.28432036786831594 0.10349318114108108 0.08786943221746188
1 0.7187711931373024 0.42391539032182635 0.13187504631872765 0.13035037515022516