1 0.6133376402073475 0.36907474696873965 0.12300148801421251 0.12463475430759594
1 0.6373350621881864 0.4417614377153896 0.13730964947960161 0.13096592482450756
1 0.6386762341690251 0.5117999926292377 0.14947545680654795 0.15568183522654983
1 0.6369742933049938 0.5830357874282166 0.15959408525525037 0.14133524562859207
1 0.6390557717082677 0.652384407370782 0.15457903663473135 0.1345373554562883
1 0.6509460193334184 0.8051847325143685 0.18796474672063965 0.14931008666241502
0 0.6117739767057933 0.7392654911933724 0.1924065852552504 0.14517047683471915
1 0.6342741757104251 0.8870942267390014 0.18163285956551006 0.14701706643267656
1 0.17076728064183758 0.19155846094448248 0.2338371687014785 0.22455359821314974
1 0.10795742141501194 0.2820515534460768 0.19953741180407353 0.2516031068921536
0 0.09238441033373548 0.4145596676132749 0.1511950870642727 0.18849433522654985
1 0.600921770126388 0.17661330188258773 0.11782266508343398 0.11471186413529218
0 0.5817114246943722 0.21008529610722046 0.0749048247398008 0.06621348264199219
1 0.5940786278828756 0.25345989148054543 0.07416119629109837 0.08165585258455757
1 0.6012194205105008 0.31563521662413196 0.108775213703953 0.11986608379068446