1 0.35370428368851536 0.50390625 0.10226370373287814 0.1296875
0 0.3324745714342205 0.825 0.03746481818121907 0.0875
1 0.3987863275167099 0.06953125 0.08107845048646727 0.0796875
0 0.40997937743727964 0.3234375 0.07307503571381506 0.06875
0 0.37606093020051845 0.834375 0.03902731818121907 0.0875
0 0.4610369115262415 0.0390625 0.07439207386326192 0.0546875
0 0.4136154772784192 0.83125 0.0407261858759707 0.0953125
0 0.4780532674531656 0.27265625 0.10487050649282174 0.1
0 0.4584736043053663 0.49921875 0.07422052434972919 0.134375
0 0.580597614855378 0.21640625 0.11591710064862308 0.10625
0 0.5631162398570255 0.45703125 0.10351828652459397 0.2015625
0 0.5970495401846324 0.88515625 0.09313416558343128 0.14375
1 0.6706243713481996 0.11640625 0.16813416558343128 0.14375
0 0.6935946724865854 0.41171875 0.14866714529089187 0.1921875
0 0.6820148754119801 0.89609375 0.1062614569792892 0.1796875
0 0.8212380259745824 0.08125 0.13811938311602737 0.125
1 0.8493731140445991 0.34921875 0.17078760714144475 0.20625
1 0.8082364561751009 0.915625 0.15138304220663662 0.16875
0 0.9335431570620145 0.04765625 0.13204093262955965 0.0453125
0 0.9492424748394918 0.2671875 0.09475121266133187 0.146875
0 0.9356483900224767 0.91171875 0.05585235389503396 0.15625
1 0.1544798051988708 0.59375 0.048238676947516976 0.078125
0 0.2321777057647684 0.26015625 0.028834112012708867 0.040625
0 0.25607885592692414 0.23359375 0.03988070616851021 0.046875
0 0.23804628165992048 0.5953125 0.030342064934808198 0.0375
0 0.2808158031669806 0.20390625 0.036728432629559826 0.0453125
0 0.26830830032760683 0.428125 0.033412517856907444 0.034375
0 0.2604531156694521 0.56484375 0.04125229139585782 0.0359375
1 0.24473879221322728 0.79375 0.06745232710967279 0.1046875
1 0.31585109659143334 0.0765625 0.06986821509696392 0.0640625
0 0.31728513717651224 0.1734375 0.050900026785361166 0.0515625
0 0.30553161079818814 0.39921875 0.06353639448011297 0.059375
0 0.2973491436726293 0.5546875 0.039907979707460586 0.0484375
0 0.2968643539016246 0.80625 0.03568412986961631 0.075
0 0.36022265949764665 0.13046875 0.057122753246410876 0.05
0 0.3491958360414218 0.359375 0.06526253571381498 0.06875