1 0.6363403440096188 0.2967786309029085 0.10912771381017503 0.1380241599070276
0 0.5611734673457361 0.291812261476841 0.09746088560718853 0.12944683540139543
1 0.7054871304072398 0.3383380641909465 0.1237118548251079 0.17785148441265974
1 0.7876234355236661 0.37584378200785984 0.12381569841913471 0.16233574505632148
1 0.8747179608980019 0.40749833757195697 0.14137897379347067 0.200819090849277
1 0.942061935835865 0.46893322828534806 0.11587612832827006 0.17403806956195353
0 0.2113587244168585 0.7141667707831204 0.24033811480840353 0.24654649011264293
0 0.50152875103898 0.857436897498655 0.31177551788661156 0.2468849797210826
1 0.26943104097317183 0.17381528637046068 0.08912674459225531 0.09005655347041022
1 0.4311299914722862 0.21283459168245628 0.0983360794507723 0.13882183540139542
1 0.3420984022460143 0.20254693772751345 0.11079405740420176 0.12261768119435104
1 0.49632850582333654 0.2373704159359869 0.12348194509136974 0.1421325056999832
0 0.28614013352720896 0.2096053208993359 0.05529318510807411 0.0768245799535138
0 0.3757761963391554 0.2347913551761096 0.06754347587345003 0.09165190445914595