0 0.38040139869069145 0.9863016352440319 0.07811835594746527 0.02739672951193626
1 0.29032959237979794 0.3353845507386847 0.08542624491161739 0.08016019867214012
1 0.342809461217562 0.3927385084860111 0.16559177973732647 0.14935562626704132
0 0.43720799864526294 0.9028180113146813 0.11264384215265544 0.09281473477649342
1 0.34308053539153593 0.13406749043383437 0.10655097241038014 0.12558178298109554
1 0.4718862138195538 0.9701090086824028 0.11421298620519008 0.05978198263519445
0 0.41962426673548603 0.418193026439992 0.1308958751693421 0.11322722872636941
1 0.4654158808235517 0.17072767398066396 0.15868003844375375 0.16649767447164326
1 0.5267064263918529 0.46257935157556523 0.23819712008095947 0.19351469242562427
0 0.5764795335825136 0.18387763465485665 0.11707903663473154 0.11783291549465283
1 0.6578977934205946 0.5688435079950318 0.27215604025277607 0.2155805899662962
1 0.772805741182031 0.6726684656441624 0.24091268430531051 0.18572037314378348
1 0.719366396427384 0.18627190251064166 0.24912797602842485 0.2232567345801019
1 0.8604551481248646 0.7896201371889393 0.2070290072360894 0.19489538524403188
1 0.8631772721625529 0.2754167366232053 0.21804175033868417 0.22619992739850953
0 0.9393192910457454 0.41809057083396495 0.08795145861557004 0.1879545179539809
1 0.14160997286466537 0.727607891294156 0.0678293091359686 0.07224770472226431
0 0.17891522105564306 0.7762771954506862 0.07843926051544958 0.06606133723582168
1 0.20454266282418562 0.8240970719141194 0.07054487336031982 0.06445338544042371
1 0.20879082881213068 0.6983021863755 0.08230124491161736 0.0801420179539809
0 0.25422175825620136 0.8603345537637468 0.09463747060135788 0.07708974082661797
1 0.25061980269284884 0.7501237616092691 0.09463747060135788 0.07708974082661797
1 0.24295662539648477 0.3147902496072166 0.07654256784239592 0.08948065651766246
0 0.3102504302370402 0.790326580792914 0.09216756784239584 0.08957156010845857
1 0.3348365931727675 0.9623970235131256 0.08337242198083886 0.07077610831306061
1 0.33185543532542283 0.8701640717177277 0.12374511646291486 0.0960033672900508
1 0.17814501639680175 0.6418567436552882 0.07835737336031982 0.06449883723582168
1 0.15868236544686204 0.5807874334486337 0.07523237336031982 0.06448065651766247
1 0.12364562415328932 0.5633908551898025 0.06429487336031983 0.0644170240041051
1 0.10986308514370875 0.5281437015990063 0.06857293758467105 0.05663179508134384
1 0.09156014247065503 0.5045925721105111 0.06372166327441157 0.05347952400410509
1 0.07901255484055543 0.47560450887879463 0.048758404567984304 0.03621021077238851
1 0.07583996721045586 0.4466709878015557 0.042426517412854546 0.03461134933607006
1 0.11952028889803894 0.686841990728422 0.062159163274411545 0.05347043364502539
1 0.10532499208654222 0.644559041958086 0.057307888964152065 0.05031816256778665
1 0.08669117876670214 0.612409617290051 0.05360967887824382 0.03936248184962743
1 0.0711004782917323 0.5818408733401752 0.04275406603337355 0.040861349336070066