1 0.5728286345883722 0.7490867703892681 0.10355114160816914 0.05525569361838052
1 0.5780843354179854 0.5920453758774624 0.13662744218251532 0.07453329476707289
1 0.5567369221442124 0.6823862862795046 0.13780439304403452 0.09778816470963836
1 0.5593241981174122 0.5218039018825681 0.17566965315890376 0.10529628608806903
1 0.5633725073388562 0.4080559322271758 0.18283280344607675 0.1138393063178075
1 0.5584618064454313 0.2984374278876738 0.20470780344607675 0.11639612712189207
1 0.5359983454371369 0.19395285417995262 0.18743913292916528 0.10050732654754593
1 0.5306817991703867 0.09439928481173335 0.17650163292916526 0.09922891614550364
1 0.4089994799936031 0.8915279408742738 0.12228085258455756 0.08364449419272688
1 0.3550323629227684 0.8192369582003755 0.18634335258455756 0.09113232654754597
1 0.31485380076578173 0.7476460550095659 0.20002030344607685 0.11584823694958821
1 0.28232540478620466 0.6435673266751697 0.26213475430759603 0.14622567913210355
1 0.27416795532864485 0.49579947262284085 0.2789569941927268 0.14510960976388426
1 0.24184248564134664 0.3570210694320311 0.2764610548819421 0.16331171959158047
1 0.2537743208678965 0.21538145960433494 0.24981738436503065 0.14632713867262667
1 0.2571124060944463 0.07655234467134528 0.24640829476707288 0.15310468934269056