0 0.3714947675611974 0.3375 0.08015110831306052 0.0796875
0 0.046840201206222905 0.396875 0.036182939695149685 0.0421875
1 0.6557243218159235 0.3125 0.05998405405833438 0.1046875
0 0.2990294151018694 0.3703125 0.058194295081343925 0.065625
0 0.01181576141287736 0.41953125 0.018959078258831207 0.0359375
1 0.6004328338179761 0.34296875 0.0818863251355733 0.109375
0 0.24535042407885985 0.409375 0.08961701190385671 0.0953125
1 0.5397544090517451 0.3875 0.09304199375348396 0.146875
1 0.16897882161953182 0.4421875 0.0835306383672898 0.1234375
1 0.45176405054229296 0.4375 0.1276260720123153 0.1828125
1 0.10049244203284073 0.4875 0.08516586123992673 0.1359375
1 0.3629606257760621 0.48203125 0.11988629488495217 0.1953125
0 0.051587309421087545 0.54140625 0.06611587939029936 0.084375
1 0.2797941226528041 0.55546875 0.1277260659621911 0.2
1 0.1862668364502547 0.59375 0.10729539129415602 0.1796875
1 0.10779237850653658 0.66796875 0.11219196955298724 0.215625
1 0.9420294604778009 0.55078125 0.11594107904439817 0.1359375
0 0.05507189948557957 0.7375 0.06493517447164329 0.15
1 0.9049476169954633 0.75078125 0.19010476600907325 0.2484375
1 0.8245582185710287 0.8640625 0.15276242739850962 0.20625
1 0.6639843329342133 0.9265625 0.17733518052176755 0.1328125
1 0.48984881606038694 0.13515625 0.05506020472226432 0.0640625
1 0.44696642447164336 0.15 0.04248748184962743 0.0515625
1 0.4127005087805987 0.16875 0.04560339149054773 0.05
1 0.3674880027304745 0.1859375 0.05354315651766246 0.071875
0 0.33643344545068626 0.21953125 0.05029998184962743 0.0515625
1 0.24668968940056207 0.23671875 0.05981133723582168 0.075
0 0.29751639119596013 0.24453125 0.04249657220870695 0.053125
1 0.6284982256031114 0.1984375 0.05665906615858276 0.0703125
1 0.5708220809893058 0.221875 0.07387383723582168 0.075
1 0.1587266019683487 0.29140625 0.06601588544042354 0.0671875
0 0.2141908067888089 0.290625 0.05030907220870704 0.053125
0 0.5506323008368806 0.24296875 0.06133747579950324 0.06875
1 0.49366013817089804 0.253125 0.07559996369925485 0.103125
1 0.423493083916172 0.278125 0.07252041549465282 0.1109375
1 0.7373783219141193 0.24765625 0.09283291549465282 0.1109375
0 0.12541919827935666 0.340625 0.04714771077238851 0.046875
0 0.08334532776785189 0.36015625 0.03777271077238855 0.046875
1 0.6836629694547913 0.28046875 0.07242042154477701 0.09375