1 0.7818681863486734 0.5662943242051142 0.07432215687193988 0.06743273680925306
1 0.8282237745999375 0.6732563417333299 0.07184416667489364 0.06099088593284243
1 0.799806103023567 0.6206663549017842 0.06582303922415508 0.06178598242719922
0 0.8599799020630166 0.7538754031266702 0.05530367647784758 0.05282237716873439
1 0.9040863726664959 0.8559580697784751 0.09044450981529409 0.08322189469695011
0 0.8792514461886485 0.8068767846997511 0.05217867647784722 0.05243867541591278
0 0.7501362500678724 0.5225037847443361 0.05755279412563201 0.057701728045145194
1 0.607317279433542 0.21266500409225103 0.06155367647784722 0.053589780674377606
0 0.7239478922168712 0.46942032422740676 0.06917691177341681 0.06373218418002083
0 0.836080269704631 0.7164169426097406 0.06044892157637065 0.0565229297979668
1 0.6751935294582229 0.37750775406995857 0.07409328432267834 0.06587023680925315
0 0.6966745833868087 0.42464283739586095 0.07275965687193989 0.06724088593284239
0 0.9459085050372217 0.9732915348892377 0.057095049027108755 0.053416930221524696
0 0.9221035050310515 0.9318213987223236 0.04947181373153953 0.044434324539502155
0 0.9041303677711892 0.8981594162728321 0.04699382353449337 0.03799247366309118
1 0.636485367684806 0.3175166619799482 0.08305014706898639 0.07464199119130707
1 0.600767965714343 0.2517551970809647 0.07051053922415526 0.062361535056431536
1 0.6741524510777849 0.7003707014630187 0.1853080392364955 0.15471119289954344
0 0.783866250135745 0.9570439426543256 0.08465225491381716 0.08557949119130726
0 0.807616225634531 0.990062716945109 0.07142602942120142 0.019874566109782065
1 0.5098172059299 0.36410688573220956 0.17097705884240302 0.1406763858882572
1 0.47102982846682107 0.28262449539502077 0.14570857844831048 0.1252986227420955
0 0.7480938236578976 0.9066197014407262 0.10744274511086367 0.09451540346105816
0 0.6128980883191366 0.6069233242942842 0.14483269609609514 0.12979427186568468
0 0.7126801226664957 0.8324563374181537 0.132293088251264 0.11751381573080914
0 0.5370200735900251 0.45030446905811206 0.13027284315274096 0.11419696485439843
0 0.6821079657945559 0.7703954251484026 0.13496034315274094 0.11477251748363067
0 0.5631732108560576 0.5240979778222199 0.12916808825126402 0.11713011397798745
0 0.06911963238306638 0.1995193727866805 0.09887318629314146 0.130288745573361
0 0.09209274514171471 0.2882664034833506 0.11918568629314145 0.1327828069667012
0 0.1650481863548437 0.5296854999554149 0.18657122551729666 0.1947606402703112
0 0.1170508824139175 0.40104033330361 0.14026401963058827 0.16145566660722
0 0.3627812746554696 0.9488745876856639 0.19864431374387995 0.10225082462867227
0 0.30266688738326686 0.8511609516636515 0.19796647061581982 0.19922859640518667
0 0.2164037501048938 0.6917325657308091 0.19579656865769718 0.21584054377595444