1 0.4284756531986382 0.34454567819874615 0.11535148441265974 0.11661315727678297
1 0.24313908673877777 0.32077398304023647 0.1396959205506893 0.10927888939893551
1 0.4577154029465366 0.4207891848667059 0.12334965471124751 0.14212334030732113
1 0.2404186423028749 0.4046228245555056 0.18225476114786482 0.16246753333979883
0 0.5195109265796486 0.5146186753238082 0.11669546312533612 0.11361570303441759
0 0.2637143946486634 0.4984524439505617 0.10779035668871888 0.09735297424624481
1 0.600750218902194 0.5888211919937076 0.19704923466476137 0.19630039940087513
1 0.2937082612247394 0.631328587891425 0.2355325804577168 0.21342399758410407
0 0.6749093487198218 0.7418024129059726 0.14773764951546742 0.1798464809142047
1 0.3211509281691325 0.8119247547111058 0.24509325075630456 0.23906172637227668
1 0.7401469466064643 0.8871878984224482 0.19295159654926017 0.2256242031551036
0 0.4218397069980246 0.9225598815230278 0.14603303788306993 0.15488023695394446
0 0.8226156031592973 0.9729896715307863 0.12258483020561535 0.05402065693842743
0 0.571867204148033 0.9837044177377645 0.16796303218308672 0.03259116452447088
1 0.21156629466833393 0.17676902046292126 0.10273151609154337 0.04722542848861026
1 0.35785678662256226 0.20835334455938487 0.10288433540139544 0.09384533697334119
1 0.19511648600214357 0.22099738152302772 0.10480746832111638 0.07691292848861027
0 0.3768528050598941 0.2625465080450856 0.06766810124083715 0.056791876063015945
1 0.18422290864651986 0.2868934484924896 0.10622785668871892 0.09722542848861027
0 0.3673960415662408 0.3191313478933647 0.05873014381548423 0.0622766015172088