0 0.4379058814294881 0.2781582402879244 0.06217533235481909 0.0685266015172088
1 0.49602276726228994 0.2962866158918984 0.11049108379068465 0.11116038273097573
1 0.5786729406509321 0.3826070110407098 0.11783686413529218 0.12104556576151389
1 0.14931010108488038 0.2922516596926789 0.13033686413529216 0.12206593182259011
1 0.627851112603709 0.4322245027057601 0.13179790459476912 0.13456593182259016
0 0.14565750714742073 0.3217318656020344 0.05529627166560376 0.04939396424430509
1 0.6797585909061994 0.5186882901284449 0.14336446528398455 0.15408120636839726
1 0.1529627094448053 0.3842318656020344 0.16063313580089594 0.16941916394474266
1 0.7558442339502338 0.5960800954289771 0.11864855488194195 0.14123052000387942
0 0.15799518774729554 0.4745220257537552 0.1447646242501614 0.12633884364130096
1 0.8275569073388759 0.6832933108812302 0.17915992769623806 0.22200203000581914
1 0.9314073120453159 0.8113229739078891 0.1371853759093682 0.18753143515656986
1 0.40700083809828047 0.1891913351371734 0.05915179189534232 0.05589905575957421
1 0.4463575794192766 0.22225905559039633 0.08285309246968833 0.07330969636645772
0 0.3892857441608209 0.2198194528652396 0.058502442182515324 0.06358401000193963