1 0.4303166255903089 0.5942158770794745 0.1361201444798999 0.1332525199665911
1 0.33815953749202843 0.3677040873540884 0.1296063439055537 0.11718992304479911
1 0.6132001876515778 0.9319786186561636 0.13271105488194213 0.1360427626876728
1 0.4561181574026879 0.510852036813213 0.1573457947670729 0.14296127329435623
1 0.36974434964901504 0.2941528440096188 0.12676543350351138 0.10610655740420186
1 0.6848113870772317 0.9270641339428011 0.10846186413529217 0.1213978040764367
0 0.4801847108806706 0.4721443011642634 0.10801543350351146 0.10435616971703396
1 0.35510351151882863 0.20855899708782683 0.13632306356094598 0.1085442512477857
1 0.7149858957562355 0.8943356780359419 0.12838881499681137 0.14643982612300732
1 0.5021611632099611 0.40233243115591116 0.2212662571793267 0.2138374363558599
1 0.4015016329291653 0.1162997757899277 0.148823063560946 0.10971117637256426
0 0.5174411849074708 0.314895464225767 0.145698063560946 0.10941944509136965
1 0.7925832946075433 0.8706706913470027 0.18993508666241504 0.19700348918451063
1 0.4202922109763884 0.06550862603948485 0.15308442195277686 0.06683637021614822
1 0.5234375216336978 0.22736455345203885 0.24058443637524202 0.1940045553242223
0 0.8627435908742933 0.7767661374783621 0.2217126878111074 0.23087907071526245
1 0.5834922976707095 0.12633480573981432 0.23885959534141907 0.16602542096481968
1 0.6039874205169115 0.07029370445026743 0.20797484103382297 0.04723339891824911
0 0.926770527393112 0.7252579823201746 0.14645894521377584 0.22633743635585973
1 0.9266335476388037 0.6154874074449531 0.14673290472239273 0.2494832050746652
1 0.3258016183471704 0.6586406181361688 0.11103897396298841 0.11700203535763123
1 0.33112831633695894 0.6050471104406487 0.0882711126994268 0.08087664767046335
1 0.3278105345564859 0.5568284089015447 0.09212663292916527 0.08741837895165805
1 0.41562507932355885 0.69329866118932 0.13179790459476912 0.13593992304479913
1 0.330976112603709 0.5045786027451286 0.10801543350351146 0.10435616971703396
0 0.43542012268667235 0.6511012614388771 0.07394481212508061 0.06408472254568487
1 0.34421677013402063 0.4393602888931924 0.11968345373324984 0.11162722920121518