1 0.1635454476428721 0.899327844287552 0.08121033524981476 0.05579862141421188
0 0.19950136295870524 0.7999354794967619 0.059061933176296225 0.051909729581580064
1 0.39692635226180595 0.20811502332882692 0.14966639227157383 0.14386410580511527
1 0.20296882408023312 0.8582291291339423 0.1039055414703702 0.06593751324684405
0 0.3359137739392139 0.4781745521847675 0.10622945909527762 0.09250001324684405
0 0.23972723883041844 0.9099081910221745 0.06476512902925916 0.045877984390903494
0 0.3508464153623159 0.5656646285009701 0.12790896946287011 0.1088343413771451
1 0.4430112488687043 0.28672860744957784 0.16890440782296262 0.1679018065307547
0 0.2513879087644 0.954675053998866 0.05232391762490742 0.02830853847458741
0 0.374138360932455 0.6466318863055184 0.11288956220555538 0.09740576805616748
1 0.35635624717176073 0.7430530185195036 0.2157602839774997 0.13371034500534193
1 0.48616663510801006 0.3810217552726596 0.20892381508027746 0.18020339908902622
0 0.44689448133754794 0.8388069734214941 0.14224487153638865 0.11245041469812271
0 0.591958722384075 0.47156985500250714 0.21646291300675885 0.1773512176006804
0 0.4591805763893074 0.9209374271423585 0.12599515494824054 0.08695934137714509
0 0.5059291458049093 0.9652578568166057 0.14621061866166657 0.0331448606144388
0 0.6468232967006493 0.5833679613557765 0.22079909849212936 0.15569447241000384
1 0.6459751132415292 0.7087945472906261 0.33359162441111073 0.1985764315731638
0 0.6975294683780573 0.8495261854950609 0.16447118605101832 0.13503474282842376
0 0.7103917618746778 0.9339731073647599 0.19576085080120365 0.08316470798203354
1 0.09349111955662118 0.41810018085537354 0.0468941238454629 0.037465283665263985
1 0.09461483067814906 0.4764756760460501 0.0618547425071295 0.06602679328391084
1 0.14774868407125077 0.39439729682728986 0.06884703628657399 0.05692461179556503
1 0.10221342572990848 0.558769820873907 0.06572203628657398 0.05681548439090349
1 0.1353375754943528 0.48284223793428244 0.059061933176296225 0.05190972958157989
0 0.1533644055603712 0.43703866461330476 0.04771433006601846 0.04684028366526398
0 0.11139364462713079 0.6051810294040947 0.04798773213953696 0.04996528366526398
0 0.11211681456111237 0.6503298382971021 0.047851031102777684 0.04840278366526398
0 0.16025010113051028 0.518578841292327 0.05988213939685174 0.06128472958157989
0 0.12007628605023282 0.6928893605296207 0.04206992280870363 0.035739092558271325
0 0.16188166017851965 0.5800520546318382 0.05634703628657398 0.05648810217691817
1 0.11349480391069586 0.7414087060831169 0.08290953628657396 0.057415685116542645
0 0.17153077078166792 0.6389086994596951 0.054511134213055444 0.05330853847458741
0 0.29503237012226907 0.2599627547245054 0.06939384043361105 0.06317461179556512
0 0.13993087332629783 0.7864384638876654 0.04431592799249993 0.04360615626060227
0 0.29313838798273206 0.3083184091710091 0.06374943317629622 0.05207342068857255
0 0.18121883760537172 0.6884176261387174 0.059335335249814714 0.055034729581580066
0 0.15067359222352014 0.8327951087155222 0.032421520735185096 0.03228671034428636
0 0.31434971517402843 0.3418476717848809 0.0899797425071295 0.06700893992586625
1 0.2973679752587971 0.4024131495523623 0.14673688190398124 0.12818454210278443
0 0.1896472008004181 0.7434225846689051 0.05695262902925915 0.04560516587924912