0 0.23952616160592183 0.23692704800841619 0.107565213810175 0.13457838584218218
1 0.3622567635198665 0.6656001411148418 0.19069166763705442 0.20756450725639403
1 0.2824751121050362 0.18559023730131025 0.1316281984191349 0.15877977767481416
1 0.47281848814553074 0.6991169908446894 0.23023378660541702 0.2307490361123346
1 0.3685176672214625 0.13975689292894033 0.16862877994988662 0.18810517912609298
1 0.5928281455914937 0.7315252083605517 0.24156686148063838 0.21868554573098162
0 0.49073632029967057 0.14016114229596816 0.19069166763705456 0.20756450725639414
1 0.7334210232953661 0.7686655658949475 0.27154609276183306 0.2228472560752678
0 0.6013412784943049 0.11071921207356679 0.2379424430113902 0.22143842414713358
0 0.8710569891855204 0.7373833056433285 0.13156637687167888 0.19148315027015245
1 0.12457129887749774 0.575783706083117 0.07848097587345002 0.08995536660488845
1 0.15118572067451114 0.582641341292327 0.08746040099822858 0.10272818511654283
1 0.08928514059934106 0.311478158622855 0.09185616971703395 0.0997668762235353
1 0.18307110503391383 0.5830852853945444 0.10283569176360449 0.11728175843752062
1 0.1378796175127808 0.27473956125526017 0.09971069176360445 0.11717263103285873
1 0.2278619640189808 0.620456310622288 0.125190310731967 0.13986608656782168
1 0.2863407591521116 0.6363243580825501 0.14398233277853745 0.1576537872934612
1 0.19790111314502587 0.2407167361201839 0.12206531073196696 0.13975695916315994
1 0.7811227223378888 0.09845233585003142 0.2627545553242223 0.19690467170006284