1 0.49626262984336833 0.3157668450184268 0.14488000816812524 0.19429161818710822
0 0.5904321635627087 0.40844829471886446 0.14517094889756965 0.2067916181871082
1 0.7149425075025351 0.4646181595719927 0.1455709924005557 0.2239791181871082
0 0.11775577013597245 0.2684945216708693 0.11137652393569457 0.16192565727678296
1 0.8231199898351047 0.5561037710911412 0.16079725531833367 0.27512703000581895
1 0.17284396684934053 0.32367610030926075 0.13804812670923622 0.16878143515657004
1 0.9195718634586634 0.6550192453373859 0.16085627308267333 0.29502494182452993
1 0.26563414494534765 0.49110245849442924 0.18550631458888914 0.2646677621279716
1 0.38451339114562544 0.6068546174382021 0.22013719414791694 0.34547122303829686
0 0.5188910039871534 0.751943461079503 0.2165757830537503 0.3264661315230278
1 0.6672213608447576 0.8374273368284092 0.21759407560680585 0.32514532634318166
1 0.8334288955140285 0.8945141141042223 0.2171927256830557 0.21097177179155543
1 0.4885540069338542 0.0515767992607923 0.048983013867708355 0.027391418486670593
1 0.5364466462765278 0.06562319486864562 0.06351829255305556 0.04885183030538141
1 0.44941877175149314 0.0452631553199289 0.04883754350298623 0.021141418486670595
1 0.5953858883927431 0.08524991077994071 0.07038654160312507 0.07592451333591957
1 0.6687331226251737 0.12086828850994658 0.10218205547083344 0.10191292848861026
1 0.8339782225489237 0.2185718201827555 0.08837412860909737 0.11170251666989943
1 0.9222244113785072 0.29127560973147226 0.09796733415618064 0.12184279121570665
1 0.975201981382639 0.35439723412749824 0.04959603723472199 0.11696410151720879
1 0.36522822254892373 0.18030809289239494 0.11275718597979179 0.1542407030344175
1 0.40501872758291685 0.24827671395444106 0.11926175911805573 0.1656883860649556