0 0.4730156991331585 0.3416859676080796 0.10741870181924576 0.09278746369925477
1 0.39730506968748835 0.3741490096643615 0.13096751778268026 0.12885222872636942
1 0.8487969491331585 0.3394997362494316 0.12609592721213972 0.09133404800821018
0 0.3457917655108779 0.45723876561628984 0.1056764193542569 0.12245678298109564
1 0.8342934933849715 0.4161258687629889 0.1611258986760924 0.10559653590796181
1 0.28010895347638465 0.5091694251590143 0.14172523531769157 0.15859427088084707
1 0.8249313019048081 0.4997514350197676 0.1476455955329392 0.11801472267624522
0 0.05123262862160975 0.6104738916869396 0.06388702564056317 0.09722043364502539
1 0.16894666749673926 0.6152563195764283 0.17995728949430206 0.2416067587805987
1 0.015170042908769416 0.6482466024593281 0.03034008581753883 0.11747839149054791
1 0.7934201286216098 0.6061559711241211 0.18311221463952698 0.14165221057599683
0 0.12148085442878867 0.7623676689124984 0.1626927067816443 0.17277494554888229
1 0.7873605655536592 0.7530264259445814 0.21854460049533805 0.19809310811666875
1 0.051357945928088046 0.8378267320460191 0.10271589185617609 0.25067268657189173
1 0.6893874842887435 0.8777815071302786 0.1950343258882322 0.1963942527304745
1 0.5725683970234626 0.23332350088376277 0.08972177956950453 0.08174996974937895
1 0.4931505707209457 0.27830472365820386 0.11232452564056317 0.0975022347764936
1 0.8433153906133217 0.2559605284039093 0.107744033498446 0.06623405405833438