1 0.20596209104645066 0.4267316579991598 0.08823631908544902 0.13730614907900413
1 0.1400961965308408 0.47619564480841287 0.09297836123992673 0.14725670170823654
1 0.7346188770526083 0.27047981177231323 0.15416130093507635 0.19692638588825728
1 0.6803126512531051 0.3458486670084855 0.16359084308955402 0.207452491146722
0 0.1154183833973201 0.5580755833927801 0.07080337939029935 0.09300828943848546
1 0.5806030218628058 0.4424061976605705 0.19210672852997773 0.27809330692211626
1 0.9204740429400445 0.39599113204122405 0.15428856596219093 0.2188013858882573
0 0.5307888533430909 0.5507932502675104 0.14026242739850953 0.22332472800056014
0 0.438900814311871 0.6448290265375414 0.14962833703942988 0.2229133332590248
0 0.9322922660090732 0.5116438250299378 0.1292885659621909 0.21573177186568468
0 0.3398678957921561 0.7592593817514212 0.16228287314378348 0.2510106402703112
1 0.22472870912206852 0.8241416711676142 0.2142180778660477 0.32140421919186724
1 0.851259913746137 0.6183991451650933 0.24872034289316253 0.34749993847290456
1 0.7209451789696434 0.7421352679071888 0.24698512607064949 0.3176205875964939
1 0.4382276068591322 0.8947331010993361 0.19121587334017515 0.12496830692211632
0 0.6094031700908488 0.8596629301323547 0.15856699980360833 0.1490644385174896
1 0.5762938135263042 0.10957985116621367 0.0770170179539809 0.08752569294412864
1 0.5206841629605702 0.14060930727879667 0.06298178903121965 0.09048653505643153
1 0.48138985880403984 0.1852493291890664 0.09590337334017515 0.11326540346105811
1 0.3849234040817755 0.26111065808832984 0.09280564441741398 0.11756920170823655
0 0.338461494539051 0.3300515089424481 0.07396474082661779 0.09964199119130708
0 0.2710012837666625 0.38517609662811203 0.0912613251355733 0.12050235083182574