1 0.6317368881027597 0.40471839325956516 0.07564770715464456 0.09414614767057934
1 0.5541434288681357 0.41464559192551265 0.09468943843583943 0.09825379353213637
1 0.4931131965469514 0.46042508141006316 0.10400261688838305 0.13139384215265526
1 0.4043634388514312 0.46743531999010235 0.10625242304479912 0.12218261646291495
1 0.30960349064009246 0.48501456637205786 0.12171175790331609 0.17119332654882308
1 0.21946922088129733 0.5354881999091429 0.1196078173874973 0.18196705223856355
1 0.12987639163832101 0.5751062206013579 0.11335781738749731 0.18163950361804454
1 0.07224187957504599 0.6156216779737326 0.05156734608959823 0.23593085594746518
1 0.8474435091511019 0.3336157564431197 0.05368866306150366 0.058788501809022266
1 0.8209749529946858 0.34155773122834904 0.05325106613971178 0.05410100180902226
1 0.7938500014555817 0.3424684560135784 0.05823029742090604 0.057471663274411534
1 0.7538813968382696 0.34737063998020484 0.0565639538268794 0.07293288896415202
1 0.7185483704239441 0.3602900418346557 0.07018885690508761 0.06898237336031983
1 0.6732778924705147 0.37502092718076313 0.07760578202986608 0.08180992198083885