1 0.34206791521591845 0.6489041835992293 0.11160108767505647 0.160673713848119
1 0.4242039032242064 0.28739848998084855 0.13638276385373888 0.15890829476707288
0 0.4703511571531479 0.26629458825781016 0.10516699710451576 0.12262582367581523
1 0.5611002816364191 0.20777184984045066 0.24768844499482015 0.2465097687300612
1 0.47566166521591846 0.6332893136885698 0.19278262117350256 0.23543021671984973
1 0.6890411910658786 0.15511355507337773 0.1982663337461151 0.18634336700702286
1 0.607367583536718 0.6446022038927796 0.21884000702931328 0.29441966758136895
1 0.7979217313887501 0.08438510485002637 0.2101841368892682 0.16877020970005274
1 0.7455396716260593 0.6260956938098163 0.23660970388616037 0.30892859821314966
1 0.8976220167492229 0.052922030440325486 0.2047559665015541 0.10584406088065097
0 0.8957107220831253 0.5779727025207261 0.20857855583374948 0.34908687855775733
1 0.2844030026860872 0.40585427029355026 0.09259422249741008 0.11960228321633833
1 0.2828191937519658 0.6416903107530272 0.0924144400324213 0.14910715315890374
1 0.3595827851510759 0.36721789747925426 0.09938787799792799 0.09864043350351145
0 0.4066034501621065 0.6515726012444101 0.05610875889134017 0.07027192195277684