1 0.33413781800823195 0.5911640860518613 0.1785710233378593 0.1222760840229082
0 0.3778874311943703 0.4767203253898611 0.19263352333785927 0.122439716024817
1 0.3757186375627677 0.3500123747214975 0.20956593182259012 0.11951471069381689
0 0.45143804875325866 0.9264396094048148 0.1511476539428031 0.09229768268618095
1 0.413393593931165 0.22376804805854275 0.2587687063683973 0.12945333203372575
1 0.4780800392103609 0.8587163074076785 0.1548784318225902 0.11887836401972648
1 0.45881727742074513 0.09839587806331526 0.2784115266718391 0.14060900803627105
1 0.5906592717915554 0.7153577534213597 0.24531198424818434 0.15583401869827113
1 0.5228157466660202 0.023287337404496726 0.2293685066679597 0.037011293364089495
1 0.64620725437275 0.571335580760632 0.32547771637033696 0.1817430853755436
0 0.7210472419549143 0.40173215276890434 0.3066001706127025 0.17996240937299818
1 0.7557246151429924 0.2355713507717679 0.3498399875821644 0.17422148671227064
1 0.7727680781793496 0.0746793041056315 0.32008884364130097 0.13484990404199806
1 0.07594306754919003 0.7078045040181355 0.06463632697140151 0.04602157200827239
1 0.07358321315704336 0.6600755286839537 0.07359673879011235 0.060174978675999566
1 0.08676925512165604 0.7955135893539081 0.07177914727484327 0.057031797342454026
1 0.08622699224477845 0.7446777953532718 0.059821281213766994 0.044404528007635946
1 0.07771247482597296 0.5999101880171811 0.08022937606301594 0.06493520401018138
1 0.10693849178573649 0.8645635813574082 0.07110946757828503 0.06795111600890849
1 0.0800559669500652 0.5233022346833174 0.09489765394280306 0.091643154678545
1 0.1007186375627677 0.3468124600174992 0.10312474212409221 0.07768974267981754
1 0.1293216118090125 0.24548631735359 0.11144742515463038 0.08403064934754481
1 0.156904219994181 0.15666017468968077 0.1096298336393613 0.08088746801399935
1 0.19127896211827325 0.08042493869349877 0.14126247091226488 0.08593859468490825
1 0.26612178633542305 0.7538089893777707 0.14371779121570666 0.0968942760184536
1 0.31087604800435265 0.6941163633831795 0.15347542848861026 0.10169086401972649