0 0.4181548976970485 0.820517783707843 0.18842572780418312 0.1442338052100677
0 0.6421865773846201 0.034219699649887095 0.11143625269929239 0.06843939929977419
0 0.5398060159720396 0.09863847560229114 0.1804482070582587 0.18278688296032675
0 0.372875857254107 0.2776817744022181 0.2642330564382032 0.2816653387085138
0 0.20598066471799537 0.4870846612914862 0.2822493506293443 0.2934033593866782
1 0.10423260103032964 0.7097666441279784 0.20846520206065927 0.3054667117440431
1 0.0406535078741625 0.8326626426802364 0.081307015748325 0.11279971463952725
1 0.8058417226060911 0.2863202963232368 0.17102474025173758 0.12006855913900916
1 0.7734660078741624 0.3540001019475893 0.18771533278320512 0.1348588052100677
1 0.8527185678368505 0.18137593114559034 0.12935745850815117 0.08387419396136275
1 0.8666752466760077 0.14102275889584934 0.12466995850815117 0.08365587014004516
1 0.823077689412612 0.22323809946638992 0.1509723493799445 0.10200776385373889
1 0.875329118876469 0.08846068507453178 0.12059776514684692 0.07101032092583345
0 0.7009980894079676 0.4165407973566941 0.1570806394219007 0.12097608767505648
1 0.525601467407999 0.7586834096388564 0.25362559793005185 0.2033220148871962
0 0.6449480763357129 0.4884372220876344 0.17869553029369403 0.13910965756743252
0 0.5982847186573987 0.5700168618723869 0.18144202199532417 0.15480743217453857
0 0.5444833672028618 0.6636063500855625 0.19777741701630233 0.164910178245597