1 0.35064276159534896 0.3413752659443463 0.160920459333793 0.1601859427870375
1 0.7804891987994484 0.2763351853287067 0.15050663277816093 0.1356967791963367
1 0.301259110158077 0.40767644891363125 0.18018902057829872 0.18124960268657975
1 0.7534115456881841 0.320265527274744 0.15067835048191558 0.1511114464781964
0 0.03895927272149447 0.4933291359070095 0.07791854544298894 0.08825096124283185
1 0.7603637531027896 0.3862210217380057 0.19893902057829874 0.18377359530426193
1 0.25448274950960964 0.500495046396407 0.21317153421543278 0.21493342433124316
0 0.03657600142879718 0.5606218022660796 0.07315200285759436 0.09492162667911223
0 0.03423651159534895 0.6384313031888692 0.0684730231906979 0.11201895570609359
1 0.769664822717257 0.4953105134328982 0.2789648437859462 0.2668864003387107
0 0.2135270946017554 0.6337433065470938 0.20396825191918752 0.22908609530426177
0 0.03424162379521105 0.7324066312930608 0.0684832475904221 0.12659229211539264
0 0.7720187971169812 0.5812630088189497 0.1968545512005516 0.19272792986798154
0 0.15494782916803135 0.7471749077210283 0.1987570784748197 0.25147193171356114
0 0.10339896170099698 0.8544165897675235 0.19788656148970088 0.2713637662772805
1 0.7774161728313798 0.7112359177957022 0.34701093230472 0.35300404362803767
0 0.7280487100270047 0.8846070311703766 0.2859068268008274 0.2307859376592468
0 0.35774964604750215 0.2487671005080659 0.09356464976327965 0.10802263406143
1 0.289957725951119 0.26660079270524806 0.09321610215590788 0.1187498013432899
1 0.4230252464068201 0.2393168255927436 0.09113333684478153 0.11385196862514961
0 0.2343206663806056 0.30351497936569194 0.08800833684478153 0.11343130318886922
1 0.17876776159534896 0.31823866694892555 0.09512544569665886 0.1220851340614301
1 0.7703252804996553 0.21074027542916457 0.11457254091140232 0.10315479211539265
1 0.08320279723957888 0.3719798683740049 0.10866597631891177 0.13314279580655147
0 0.12712451494333368 0.3620338517637899 0.07811307153365508 0.10748180688002815
1 0.7282287515513948 0.23996212383472995 0.10051174497802293 0.08740963037027116