1 0.3725993339180267 0.8276554130335931 0.11724584980971961 0.08944293494769226
1 0.40643582304361175 0.88278383774314 0.11093218281352524 0.08726027412864071
1 0.288126105209746 0.3211739693144783 0.11045202174882984 0.11366773392387772
1 0.43477172867109964 0.9381508717360166 0.10292868182494193 0.08179757310482608
1 0.36999818771926 0.33321983006453093 0.14922536167271766 0.14863869883818745
1 0.5760506446787109 0.9429599095537406 0.17527852570316255 0.11408018089251862
0 0.558076577492236 0.8766514675027605 0.1540746877564411 0.11488385965723893
1 0.4610542692401909 0.350883432043161 0.21908687551288214 0.22093042764299256
0 0.6365769677966847 0.9842135855430557 0.11542868182494193 0.03157282891388853
0 0.5591933388981236 0.4257272752503686 0.16392453163466172 0.16565906068105374
1 0.6618607410655704 0.5049424890718648 0.27935321345960346 0.24869695542398293
0 0.8182579796968639 0.5745853198553 0.19781937056996632 0.1954774049810748
0 0.13406205182625458 0.5600352704762908 0.045469008897248565 0.04652862573336147
1 0.1558641145641051 0.6602496838548788 0.05678851087441492 0.056988907166701706
1 0.20555109676960798 0.7498960508168176 0.0519100098858317 0.051836286552413034
0 0.19524760813831446 0.6947494791787143 0.05041117688202616 0.053243746347650146
1 0.22514867235903974 0.7887078435811168 0.04827567391627667 0.03902620614288725
1 0.26821824003980616 0.8675002796216227 0.05634284190105419 0.04605140716670171
1 0.2666212479484716 0.8296901992120969 0.05516234387822046 0.05527136696193864
1 0.17053935718691235 0.30009343385487874 0.08156301779449712 0.09212701023814543
1 0.23348904886050503 0.5840203435811169 0.10413835475263547 0.11148507310482607
1 0.34072063973579503 0.9554884795526236 0.08223417984777566 0.07040705044290832
0 0.2824730355146322 0.6524179203382928 0.0936173488211364 0.08242983187624872
1 0.21650577319452355 0.3077921198953845 0.11226918973360744 0.1200727741286407
1 0.32326517878483035 0.7678515862764171 0.11281301779449712 0.09522781433340359
0 0.3208696906478285 0.7111364656621284 0.09830484882113648 0.08289495249053722
1 0.14093679292900602 0.6030754916024867 0.06173067885919252 0.06370402778099056
1 0.1150865587463368 0.5252072478143729 0.061921679847775656 0.06839152778099056
1 0.10511865114168255 0.48107569627865115 0.06004084486680372 0.06042398757622749