0 0.679504609725196 0.34777559528810054 0.09421666442319179 0.13136616013203692
1 0.7012850183424001 0.2125311623946283 0.09969377461060631 0.10535046427907384
0 0.5678961376345075 0.716732063902499 0.11199519780928675 0.15318237153638864
1 0.7118611539983506 0.12072437120708197 0.08444920783841656 0.06349515494824058
0 0.4625196305083715 0.9211941501886802 0.12325094655564542 0.15761169962263963
0 0.6220892633278352 0.2492410590015266 0.10111988229073816 0.10079966531583313
0 0.6400459899708701 0.14327402299777656 0.08017088479802048 0.07714755183796278
1 0.4687706643566848 0.6309128496234251 0.2951667136444042 0.3422037897269439
0 0.6015314077592743 0.07834279863393404 0.0874378155185486 0.0590810570217591
0 0.37769834962955917 0.8754256843075918 0.15054087226160834 0.1924006964186109
0 0.5609267913036536 0.15583352012305446 0.12492109514371955 0.11535018086722201
0 0.48294053213245364 0.07342226984023056 0.11588106426490725 0.0724791756834257
0 0.21797635715140654 0.7959938795949071 0.21895590314042074 0.24046634099925884
0 0.3034231460142848 0.4652701428372216 0.2342459340192331 0.2838841503300923
0 0.1566665032987053 0.2957990984921293 0.272473359725196 0.3121649752123143
1 0.10512936467325393 0.7206631059849998 0.1795249932695754 0.3850762119699997
0 0.1215604144231918 0.13375842827532386 0.11523986975432585 0.2111315725731479
1 0.8527017319868044 0.5421584567397206 0.06762542069139812 0.07449144354388863
1 0.8255602219576745 0.6270611370412947 0.09219952335696498 0.11560445909527761
1 0.8358802933487176 0.47289104689050776 0.08397784639736088 0.1008584539114814
0 0.7914292628656167 0.5788779152693504 0.06744356426490725 0.06824144354388864
0 0.6862322636570395 0.8735862395859246 0.06803459765100221 0.08855394354388864
1 0.777187254948058 0.49113390749365593 0.12270537727617334 0.14632677879370348
0 0.6584649648315384 0.8298560719610173 0.08902905925034225 0.11376855702175917
1 0.7756210917785074 0.35696395904879485 0.09817673871722885 0.1067762632423146
0 0.723047672736462 0.4248356727622209 0.07938127461060632 0.1035733508012036
1 0.5678663600544004 0.9291282998117125 0.18496133636823106 0.14174340037657487
0 0.6156493275262354 0.777795994486897 0.11525659012915472 0.1581432736099071
0 0.7285582236735342 0.2928433789827764 0.07056856426490725 0.06851484561740726