0 0.507581080359379 0.28466371861705514 0.0835955243497292 0.14100737939699587
0 0.789066859580372 0.2928917093640215 0.0730204886359143 0.07149210485118865
0 0.42769298295716673 0.3473547793775992 0.08419554220663668 0.17538237939699589
1 0.21971684172346465 0.3736933651429924 0.08983761606989857 0.2304525166698994
0 0.7420224898570256 0.39580928633542306 0.09862050649282175 0.1079078369733411
1 0.3291270235422456 0.45213761635094035 0.11401150162155779 0.27455320303441755
0 0.7060695787378212 0.5337077701245656 0.11602619480442442 0.12181084030732095
1 0.7017115409954113 0.6939915658822 0.22616485389503396 0.17448904334173854
1 0.7050772378251354 0.01855185407803676 0.04465002678536116 0.03710370815607352
0 0.6284329172082843 0.02047405967328226 0.023982970779006862 0.03316318636451804
0 0.5986635965914333 0.027584929068338433 0.028834112012708957 0.04292082363742163
1 0.5402238051955754 0.06824162210081625 0.07674550649282175 0.1061221963664577
0 0.5776828948871501 0.06752427391758739 0.032095479707460586 0.0509884151526907
0 0.6735039094976466 0.07530520982306346 0.039826159090609534 0.0469386439408634
1 0.8437754991892211 0.0637464722408991 0.06647047970746059 0.05379442182065049
0 0.4751794577933633 0.12972099816383217 0.05901253571381489 0.0734691930324778
0 0.6493982077933633 0.11549964618758149 0.05262616801906326 0.06514651000193968
1 0.8468089959428102 0.11342760784681279 0.07579093262956 0.05143469636645771
0 0.61669875608908 0.15639558421908945 0.05273526217486459 0.07139651000193967
1 0.8406447706995765 0.15371776799853365 0.07606366801906325 0.06705969636645767
0 0.414822610391151 0.19081773695394455 0.06575345941492113 0.10210437606301595
0 0.5713765734595201 0.20534313831167372 0.06575345941492117 0.10210437606301595
1 0.3366470174531656 0.24478750195685403 0.08066143912238158 0.15168978788172677
0 0.7973936026805133 0.2180990034546661 0.07126707386326192 0.0604270590935541