0 0.6114530244539822 0.8785959924445041 0.0727234104104042 0.12877246543931023
1 0.6008450792780137 0.4129358336220412 0.14162459983059072 0.19191993087862008
1 0.5577063981738577 0.9106765553136176 0.09256547355046649 0.14949316985054145
1 0.5055850581607391 0.3345387727792749 0.17976163666229378 0.20679883970108293
1 0.46672508240295973 0.9171509353794857 0.12343604195220052 0.1656981292410286
1 0.4002597923051363 0.2535117470470915 0.1959480787839034 0.1914178187447117
0 0.35259396394475595 0.8694675567900718 0.1416245998305908 0.19191993087862008
1 0.27838406328123655 0.15974074227127938 0.23143055247554417 0.187382502199572
0 0.23715867974388888 0.8675532422712793 0.1812177208490433 0.23179883970108292
0 0.10401339483715018 0.11704663841598469 0.17445251038216938 0.16897038896587765
1 0.8015367820641413 0.5975241455645935 0.057766268345264396 0.08527116249848916
1 0.7782280846808597 0.579353652366753 0.06309080517696727 0.09670133860129689
1 0.7700768665332396 0.8677568918885674 0.06897678413027997 0.09110824007170741
1 0.7483963715125628 0.5652137576985019 0.07466534200867017 0.10878841617451532
1 0.7156777928698336 0.8840482293900782 0.0700688472703419 0.10985824007170741
1 0.715371039886062 0.5114365742436416 0.09294490514873247 0.1293448952181441
1 0.6650294056428425 0.4715600244289539 0.10626395250377918 0.14472119815896498
1 0.6515319928839511 0.8922408520021723 0.0883484104104042 0.1304147191153362
1 0.0792241963855058 0.8313155996293755 0.1584483927710116 0.260496269479917