1 0.44140625 0.6794767459084667 0.1390625 0.11891866950744615
1 0.49921875 0.9135268528947084 0.0765625 0.08704862141421188
1 0.5140625 0.8929514580668517 0.096875 0.10025794954451328
1 0.5265625 0.8652629676854984 0.0953125 0.11426588584218215
1 0.48125 0.5839931203179036 0.21875 0.1732639183263199
1 0.58203125 0.8367312291182438 0.121875 0.14019346878180663
1 0.51640625 0.43365830362034785 0.2703125 0.20943952050323808
1 0.60625 0.7852332165043722 0.1390625 0.17204366950744615
1 0.46953125 0.06952139255042218 0.190625 0.1129067716843644
0 0.70234375 0.6784326341977197 0.2765625 0.21122027531256152
1 0.80625 0.5875298704027216 0.309375 0.29049111306150943
0 0.2359375 0.6801141190519593 0.0609375 0.05681548439090349
1 0.23046875 0.6299231460938012 0.078125 0.06679068511654265
1 0.18828125 0.43391867613086815 0.0796875 0.0730952488188736
1 0.22265625 0.574962827582147 0.08125 0.07939981252120454
1 0.22421875 0.5203298912844778 0.0921875 0.09071925843752063
0 0.19921875 0.38117562204718414 0.0609375 0.0661904843909034
0 0.20859375 0.33853425426116923 0.0578125 0.05514385698624169
0 0.25234375 0.46349953792643317 0.0796875 0.07309524881887378
0 0.2609375 0.40754963828925295 0.084375 0.07638393992586626
1 0.25390625 0.35886660162876405 0.128125 0.09509922359113024
1 0.26796875 0.28201392494974176 0.1171875 0.08534227767481414
0 0.44921875 0.752405814420121 0.1171875 0.10252977767481415