0 0.5680542173301235 0.28841789705649923 0.07885705417661057 0.09290847047072912
0 0.30552429218489835 0.22438479185847154 0.07187930810555195 0.07644213959816833
1 0.6277909363128769 0.3059961710490319 0.11436221463952716 0.155137957551673
0 0.3476197468996281 0.23735064210961632 0.06050516046291676 0.06559481057118699
0 0.44583676902553454 0.2621705981486443 0.07544095574818713 0.08623780503444874
0 0.6717913393321955 0.36140493950482616 0.09364730024766903 0.11042646493399078
0 0.7282382384225727 0.3996112125745691 0.09535534946188076 0.11376179765213097
1 0.8654984898703149 0.43625518430102217 0.1514641083532208 0.18497561006889743
0 0.788756207405326 0.41708432020803166 0.10375004631872749 0.12731346124283185
1 0.14620279611383982 0.2613585627497007 0.05788958271265772 0.0761116451349066
1 0.1731634024001461 0.28257257382317735 0.06741013192686944 0.08049864144374777
1 0.20844593093619337 0.291797421305953 0.06406680810555185 0.07539047600746737
1 0.359477583955512 0.3327983985691444 0.10018839867609249 0.11751779580655146
1 0.26696475227631156 0.31885586165755575 0.10672949710451585 0.12460912667911224
1 0.49043217742153666 0.38814728480908806 0.1309332845319034 0.17755378473307495
0 0.41428920843878336 0.3727775043570275 0.10011562406898662 0.11595529580655146
1 0.5764745312266436 0.44100206987509727 0.15041103060296185 0.19570277735075722
0 0.6395888072814916 0.4860743457132094 0.1295891083532208 0.18203095201493474
0 0.703467216710951 0.5147403715513215 0.12566358767505648 0.16442278657865436
1 0.7906910808551402 0.5588962402582606 0.1514641083532208 0.18497561006889746
0 0.8414145188206469 0.6033074278414942 0.07580482878371626 0.09405030503444856
0 0.8830005512856356 0.6272107780926389 0.05937930810555159 0.07475947785304679
0 0.4812541923087329 0.15181911014491054 0.034267992142117266 0.03566698708094398
0 0.5180628335412273 0.161614874909546 0.03455909057054054 0.041916987080943977
0 0.5993106794884513 0.184060990848116 0.040736315963434674 0.04119581795350471
0 0.4494412661300505 0.1514434308667844 0.027581344499482085 0.025450656208383205
0 0.41557568837979153 0.1451332506658686 0.027799668320799498 0.030138156208383206
0 0.6311771095960752 0.19995650376717203 0.042298815963434676 0.0414061506716449
0 0.6753616031859344 0.21807560494110656 0.04407963978475227 0.04630398338978514
0 0.7118427586864524 0.23490261970574206 0.04407963978475227 0.04630398338978505
0 0.7473607276692057 0.2557410508294476 0.052328787427387446 0.05673064698048602
0 0.7889103728306415 0.28042565108059236 0.049203787427387624 0.056309981544205724
0 0.8229386164205007 0.2999119149224382 0.044225188998964174 0.049428983389785054
0 0.8640708846174657 0.316889181532653 0.04742296360606986 0.05141214882606544
1 0.5257254762214637 0.23045504588256466 0.11130998924663302 0.15627979211539264
1 0.9180841424753486 0.34067237003867634 0.09030397642635143 0.10531829949771039
1 0.401562384203181 0.22931291333377982 0.09491870181924558 0.10438679765213096