1 0.6049342346136802 0.42795256783703667 0.11283122758291686 0.22190436305535766
0 0.6975022879003122 0.4841941335373477 0.10846972948277803 0.16859735253201397
1 0.06529050636517328 0.3879164999294128 0.11148562670923626 0.16409186305535756
1 0.7977198402370135 0.5142827229151818 0.11566528685347244 0.2095863735787013
1 0.09281544111069409 0.4153358446395061 0.09829464247680567 0.13367632096198284
1 0.14112565454156215 0.42362575775133343 0.1000026128415279 0.1400173262236546
1 0.899372606004583 0.549931067554688 0.10396406743868099 0.17613683674699843
1 0.17573573746347182 0.4827501287697859 0.13597778685347245 0.21076944198043535
1 0.25954638658979123 0.5455224155309017 0.140448387727153 0.268763952503779
1 0.3568383074676037 0.6004744970162281 0.1433915497712503 0.26113346302712265
0 0.49847964038951337 0.6658327284592025 0.15051437195958356 0.29899748407381
1 0.6557823409026036 0.7305385125188951 0.1828190321038196 0.3461300893072471
1 0.7924816006862494 0.8065612281768537 0.17591572188333354 0.38473756299888784
0 0.49471047511437494 0.15554767584248394 0.028997822188333446 0.03913809471009326
0 0.44478321029673606 0.14951050746898475 0.03368532218833344 0.039411110495108835
0 0.5179297695672915 0.1662877547675617 0.029070557370694416 0.04226309471009326
0 0.6067195126334374 0.18319380468285706 0.03691942496187508 0.04428062101845254
0 0.5519956450422568 0.18157112052434235 0.03364895459715278 0.037848610495108834
0 0.6477439029260414 0.20201169411716108 0.037246733282499986 0.058343121018452494
0 0.743019382124479 0.2427647677099798 0.040153527735416715 0.04915013154179624
0 0.4155308149701387 0.19630991275889148 0.027835365691319502 0.05623458944842143
0 0.3757234325613193 0.1924267785862593 0.03888196846486114 0.06155912628012441
0 0.5143495214671526 0.2192762468750539 0.0356478656913195 0.056689615756780665
0 0.6105699048259027 0.2530435730987085 0.04680357123840295 0.06670165258848364
0 0.6758130451185067 0.2732720440889262 0.05345361474138901 0.08425317363517104
1 0.7903113030022915 0.2948046808218071 0.05690592306201392 0.09849768415851479
0 0.7324260678199304 0.2945624861399487 0.053780923062013916 0.09831567363517105
1 0.860732252565451 0.32785167022787626 0.07434799620027803 0.11043624203690508
1 0.23179028818465258 0.2591452997741211 0.09640483415618065 0.11952281570031094
1 0.22772038402434008 0.2659490366199414 0.12035148043270842 0.14276289462538871
1 0.36285779701836784 0.3082414943853923 0.12685605357097227 0.15406441567207613
0 0.23594980490215253 0.3157138181899725 0.04429682028847228 0.0930821420651399
1 0.5093866516917706 0.36527899161338206 0.11482883225631965 0.17364887357870132
0 0.28722136417270805 0.3312169918251436 0.047930966565000066 0.11513915258848365
0 0.43831108548736086 0.3603570022073129 0.06700827488562525 0.13029371572854584