0 0.3838342420258157 0.581679116264995 0.21261410580511528 0.15690013019944365
0 0.3009547323223508 0.9258160029121733 0.07836310217691818 0.05870991638926881
0 0.4619443730586744 0.4856150655163237 0.20184029691210786 0.16056657071526245
1 0.6016517469199572 0.23117485170614865 0.3572569724100038 0.24048640349380007
0 0.5713144277753306 0.36405038477600443 0.2642857332097771 0.16483869633915535
1 0.7027554338505985 0.1048433691766634 0.34243058057737163 0.2096867383533268
0 0.5586730070019401 0.7483524519557058 0.2048760168750409 0.20289993635585973
1 0.7734796508183066 0.05084256957187967 0.322152796912108 0.10168513914375935
0 0.6957315520999494 0.6366621896846348 0.24949903611233476 0.23198417429258492
0 0.8501412883049515 0.5186799053669933 0.2607440709587251 0.19721359941736338
0 0.8962499403892024 0.35785614871146293 0.18229168874473983 0.1805453173874973
0 0.9666096027250723 0.0629798265396089 0.060669659888799285 0.1259596530792178
0 0.9377529380269497 0.1951262389777245 0.109980179126093 0.16133549792002055
1 0.08577125345856104 0.5542165692596808 0.07260417549789593 0.0721889538268794
1 0.11961302931927671 0.47708050644773436 0.0970783858421822 0.10406443843583926
1 0.18305551434315226 0.28816266056593215 0.1170635036281971 0.0965856917636044
0 0.18051830218476744 0.3608189105659322 0.08683036660488849 0.07818924459225532
0 0.11158473059307028 0.6623826220883318 0.062212312521204495 0.08679289434269818
0 0.12775287841615204 0.7122676672214625 0.07164187622353535 0.08923058818628213
0 0.2593204031805594 0.22264029263755933 0.10401786660488846 0.07979376663882591
1 0.2804166423807861 0.1537024049503915 0.13252481252120454 0.09335684816957768
0 0.16356140364389551 0.7572043918471267 0.07007937622353536 0.08908472254568486
1 0.3350520678786821 0.08319090599038123 0.1329613221398514 0.10585684816957767
1 0.3874255889300743 0.03199670465907321 0.1438988221398514 0.06399340931814641
0 0.2119790562763007 0.7978491913480126 0.0704613221398513 0.10002222254568487
1 0.2203967022852839 0.8912864490435325 0.10667164065150558 0.11118963227942302