1 0.11940940768984128 0.7261327099922413 0.10223215315890374 0.09346269970043757
0 0.22205755794510842 0.5761489433223419 0.15265829476707288 0.14091152667183912
1 0.11430590338224526 0.8426187083252514 0.15184660402042294 0.12072657242947357
1 0.4360186560944463 0.07724873537154352 0.14519076585833054 0.15449747074308703
0 0.24224829495850853 0.6549755739272858 0.1447646242501614 0.12633884364130096
1 0.4630580130504118 0.1494595422544768 0.18827112712189203 0.20726985030926076
1 0.15793414039564535 0.9195321525656773 0.1364448121250807 0.06839879788366617
1 0.2599532371729298 0.7285885460474987 0.22798297683471896 0.20277354000775852
1 0.5453733454371369 0.21315563831167372 0.22656252884493053 0.256823311219586
0 0.30434242795148564 0.8387131030150208 0.17268670516911522 0.1533795757634536
0 0.3210429048500165 0.9209198251352337 0.15085228321633828 0.09897911818710839
0 0.6225648989151196 0.24786573603586062 0.18928573694958822 0.2027098960668953
1 0.7403408959795771 0.062485184987392174 0.18206170516911513 0.12497036997478435
1 0.7460835550095659 0.34301925512165604 0.36428575137205355 0.33615960910325243
1 0.8732447037970618 0.09654151400023665 0.22081982654754598 0.1930830280004733
1 0.7967430348117334 0.47894103754337103 0.31008526005105724 0.2961406448589473
1 0.9346083309827655 0.16668054041830896 0.09389206643267656 0.18099465060882314
0 0.8085327891831412 0.6296426681483148 0.18066154620293834 0.18188721303635713
1 0.13412131509252917 0.25601139969073927 0.09965504333120759 0.09789510818516849
1 0.16266231218889254 0.19719450908385577 0.10452517338864223 0.0998402454580721
1 0.1474329986279465 0.2943883734779421 0.09249189304403452 0.08957242515463033
1 0.0726866258455564 0.5101885877222473 0.11361608379068448 0.1114154742462448
1 0.15033477610082352 0.3622455531745004 0.13906251442246526 0.13051616061076282
1 0.1663656142629159 0.4104599125676168 0.11150569361838066 0.10660042848861036
1 0.08761153194000268 0.6142065369636429 0.12015017338864217 0.10111570303441741
1 0.1916598411614468 0.4919651330208398 0.15789368493937675 0.14598166394474282