1 0.6460361962910983 0.01686519852824961 0.11815685775648746 0.03373039705649922
1 0.6336866824962885 0.05461306937569589 0.13015889077317447 0.10922613875139178
1 0.6296443136585244 0.10957182725741506 0.15943031094499088 0.14092510637773853
1 0.6208259136130959 0.19651590536160665 0.20605300542706678 0.17202475520380398
1 0.6298910543862701 0.2944275735662562 0.19700555404758582 0.1770127588949629
0 0.5568397359780475 0.41676812583233575 0.23014560266810485 0.1876797459759068
1 0.6048865688584486 0.6880272223923217 0.2633675384437538 0.19990923305685088
0 0.5538862336031982 0.570584204859317 0.2396024898232348 0.19050424228474797
1 0.598896597691264 0.8139286341374431 0.24388055404758582 0.18332274043916855
1 0.5813239953618433 0.8839556258323358 0.26091756784239595 0.12355706577499107
1 0.06224877374443262 0.19696527030137376 0.11254202283992146 0.19356945939725248
1 0.052878175033056564 0.3634465965599859 0.07627697421940245 0.18248180688002816