0 0.6671822524342769 0.3478090632082984 0.08650518577927464 0.0949650192218769
1 0.12499209384103946 0.3380245431934521 0.10477502471457933 0.12242827792830413
0 0.7435736560845985 0.40539251187424596 0.10783635771838504 0.12102955223856356
0 0.11822082901229188 0.40854176108127654 0.04623301285158127 0.06323034034363313
0 0.1663081605332227 0.4145970092722542 0.0662271778706093 0.056482373360319825
0 0.8270944688224489 0.4984630811869799 0.12750687056996632 0.18286781094499105
0 0.15704856566641903 0.46965300147033806 0.06829901384016442 0.06906426051544941
0 0.16449896832815739 0.5355269849619947 0.06542868182494202 0.07515048620519008
0 0.2005545320545911 0.6264076125061859 0.10550985376405224 0.1021976650834338
0 0.22291501030576125 0.7281405308689802 0.09326452174882985 0.10779256784239592
0 0.31654299349984727 0.8027510272509357 0.12709569368794008 0.13451219810012063
0 0.4445950562376978 0.8934878126424716 0.16755886760421673 0.17093437697836436
1 0.30536397923975334 0.08222384328430912 0.061921679847775656 0.06561171189493058
0 0.48350888387865804 0.1297971268668228 0.04709517589344294 0.0461247274987628
0 0.5196546309129084 0.14193527872127362 0.0487850098858317 0.049331614653892596
0 0.565016210456673 0.15748835764494595 0.060422846843970035 0.0670923247398008
0 0.6228459565023403 0.17316758932758025 0.060486513840164416 0.06865482473980085
0 0.6810112835746469 0.19974337743264967 0.060486513840164416 0.06865482473980081
1 0.748184196122217 0.21571253618450545 0.10697419467652339 0.13813516508343388
0 0.3809303705327852 0.1983191547951269 0.045787343878220456 0.05229284034363309
0 0.4161038665784525 0.2151857502271426 0.057106845855386903 0.06224105042954131
0 0.4668386956279254 0.23279597410786082 0.0652376808363588 0.07046298620519006
0 0.8104812662744413 0.2748142192466208 0.08388952174883002 0.10730124491161738
0 0.5250040227002319 0.25937176221293023 0.05905134783255335 0.07169793758467105
0 0.5938203482896638 0.2924055902320914 0.09100168479069151 0.09052318068726609
0 0.8771939223962208 0.3212111844209117 0.09007585475263546 0.10606629353213641
0 0.09671331315778002 0.8789770918139712 0.12904019566510647 0.1439690852552502
0 0.0857505913324005 0.7462431569428334 0.08222886266130083 0.14307497060135788
0 0.036974851712523835 0.6996857394845504 0.061441518783080316 0.09209232473980081
0 0.04551420498228451 0.6049088280191611 0.052928681824942016 0.07449538896415202
0 0.04401005479200409 0.5270294894845504 0.06574701680591397 0.08296298620519008
0 0.04945890015309938 0.4698344651742909 0.03408583992388783 0.0329696302577247
0 0.05082774057127879 0.4362407151742909 0.022893671939110266 0.026146420171816585
0 0.02244807258650123 0.4439646839666265 0.024901840912471006 0.03716580732694617