0 0.17696265998254299 0.4904419955064833 0.08335437606301595 0.07365504382053949
0 0.17053834830391507 0.8108088814616183 0.06591178454774686 0.06841968418002083
1 0.1821122877125489 0.41768982006827804 0.14751247091226488 0.10164157887697094
0 0.174811131184672 0.7584651314616183 0.057334010001939675 0.058085429797966805
0 0.1783821545225312 0.6373852279559751 0.07528678454774687 0.06957078943848546
0 0.22905080271545838 0.3453341928549585 0.1001272878817268 0.08963605258464735
0 0.2566493863548197 0.26823667968650416 0.1016897878817268 0.08982790346105807
1 0.264046782421715 0.10028177618086101 0.17063097758022466 0.1385106402703112
0 0.2612090827212774 0.19304482881009336 0.11444487939699588 0.09448771047234442
1 0.2461287954192788 0.9759493310679979 0.07063123545613248 0.04810133786400428
1 0.2619449851177767 0.9380270129901142 0.0716516015172088 0.06293708768566404
1 0.26310874345272645 0.8947704866754979 0.06827151000193962 0.059428385932842075
1 0.2711916657324188 0.7087509077316494 0.10506987939699589 0.09333660521387976
1 0.27801600845563595 0.8184819164957574 0.11183006242753404 0.10035400871952271
1 0.299092880435766 0.5409463156193465 0.17015274545807219 0.11370249114672201
0 0.3019790222505974 0.6312558463160165 0.10363492515463033 0.09470725433746878
1 0.33554017665244246 0.4231140305183299 0.18431084030732103 0.13554979815800827
0 0.36800160347406274 0.3347773945409025 0.17940019970043758 0.11329109640518667
0 0.38263780150751037 0.25214289892295644 0.15790783697334126 0.11529268413543574
1 0.40860998333010057 0.13696983312526972 0.17063097758022466 0.1385106402703112
0 0.4437181780295683 0.0742087497770747 0.0844386439408634 0.049038745573361006
0 0.05497660543091679 0.6411708595959336 0.029113415152690704 0.03451146489898349
0 0.05633168240231832 0.5955705832813174 0.039795823637421644 0.03272942103385894
0 0.06130583801211131 0.4959681315284959 0.0341835524255943 0.03977451752821572
0 0.061545598762957024 0.6766969648543983 0.020790732122152544 0.027302210516929472
0 0.06298068194327636 0.7171162674836307 0.027040732122152567 0.02806961402257251
0 0.07034586922587831 0.4528896095959336 0.03431109818322886 0.041337017528215725
0 0.07962501650072158 0.39721516222516595 0.04056109818322886 0.04210442103385894
0 0.08833020786620943 0.34857196485439834 0.04056109818322884 0.04210442103385894
0 0.1025041492316973 0.30060024555106846 0.047448826971401514 0.05068432453950207
0 0.11887831938535784 0.24500787712414937 0.04706618969849789 0.04599682453950207
0 0.1305171921143939 0.19909213150620333 0.04199605242559432 0.0407337719102697
0 0.1395412478739681 0.14654268413543567 0.0453761439408634 0.04424247366309127
1 0.12780794073726803 0.5609473464051867 0.1516897878817268 0.09596713150620335
1 0.1516583527251567 0.07543508764107884 0.09518469636645772 0.08593549995541494
1 0.15349398270188072 0.7006120920008403 0.08944487939699583 0.09141809644977172