0 0.39106432410063563 0.7161453083104397 0.1443927474237597 0.10157111621110389
0 0.43359442888249156 0.8044843703449329 0.11511816985054146 0.08932367328319835
0 0.5352673496595942 0.9724840646181366 0.12087549374773357 0.05503187076372669
1 0.33855825515248045 0.20732677233079427 0.1790867621278646 0.16538105913900916
0 0.5181079314587318 0.9041997340748373 0.14315869815896498 0.10462334160399785
1 0.5000518981710526 0.3514514156302032 0.2681351080812139 0.2581550641014079
0 0.6403673194980483 0.48045832712657727 0.2717480661684714 0.2925300641014079
1 0.7598752057144609 0.5982901441234694 0.3173092632276505 0.28221330231458347
0 0.8208410138077623 0.780126649085868 0.22825148124320088 0.2485231989237615
1 0.8172632145429676 0.7768197125681034 0.23704933344881632 0.25826207195929063
0 0.08681782832655484 0.6305330241928211 0.051965986395681195 0.05062073821317572
0 0.0775178639870308 0.5845655527288683 0.050075035660475956 0.04742296360606986
0 0.10738374340128409 0.6738849179065148 0.06027116249848906 0.05567211124870504
0 0.07385087501510938 0.5372902923897861 0.042511232719655026 0.0346318651776464
0 0.12285159505700682 0.720924737798891 0.05763883860129693 0.06021406203449331
0 0.15702721086694135 0.7617702156729844 0.06323193713088644 0.054255160462916764
0 0.18425604836845227 0.8164234824222074 0.058872887866091704 0.05716183664159909
1 0.09027577078314644 0.395956816996892 0.08559961323369429 0.05996150496239876
0 0.2097980373403737 0.8647175872607719 0.055583662498489075 0.05545378742738762
1 0.08611610570841717 0.3533690566578098 0.08888883860129693 0.061669554176610394
0 0.11832337611489536 0.42788105913900915 0.06709831029287336 0.046660984284234354
0 0.24598895241510296 0.9087972270455239 0.07531901470410478 0.06570208271265798
0 0.2834537935926401 0.9482257541338293 0.051965986395681264 0.050620738213175545
1 0.11480174044837566 0.2597111019430801 0.0948103878660917 0.05883565260503385
0 0.3043903952483628 0.9854410020669147 0.05648926102807863 0.02911799586617079
0 0.239051383843616 0.7208413087247244 0.10261816985054147 0.08874147642635144
1 0.1377090465153298 0.28825563296032675 0.08749056396889957 0.06315927956950454
1 0.19173043530798273 0.4988164514049608 0.16741732499697815 0.11352746071058561
1 0.23940555737018365 0.6203682737785364 0.17136345183499122 0.12148550992479734
0 0.18254066545139752 0.36963621960192594 0.09439746543931005 0.06970037799792798
0 0.17147173989848266 0.3180908362273144 0.0918496132336943 0.060252603390822126
0 0.35504965572654845 0.9952355330841612 0.05468278198444976 0.009528933831677477
0 0.20701283052612682 0.41317004983338423 0.11520264154211793 0.07533394789030408
0 0.31048537961769684 0.7956101763835701 0.10467334595334936 0.0935017510334573
1 0.3656891457982558 0.9364405758882322 0.15770915624622264 0.1271188482235356