1 0.8504101226246685 0.49968799274347064 0.1796427236549981 0.1585137119699997
1 0.08081875042420726 0.3803607347314351 0.1102774170163024 0.16486216531583314
1 0.8069579657808358 0.6022081085304152 0.20473781203728053 0.1824392275213885
0 0.053974675738879416 0.5177049098492129 0.04022502614450914 0.14165981969842587
1 0.6958913338321121 0.6522484818102303 0.19967180373891083 0.1975174233743516
1 0.6094471162003986 0.7711851180495359 0.2650152290535829 0.3429269596609254
0 0.4924274047924623 0.867087983859722 0.22169035892771408 0.2658240322805561
0 0.37178486330061356 0.9298962697220599 0.1957413203356504 0.1402074605558802
1 0.5620874481351891 0.146185118049536 0.11311715186945541 0.09992067049962942
0 0.5187644232400798 0.18895908694675828 0.09931476099766208 0.08163956220555538
1 0.39548121120744356 0.20067925400601777 0.10937684523075966 0.11201056738935167
0 0.46680010415382933 0.2201120506601843 0.09124215186945542 0.09800685598499985
1 0.30921274710021496 0.21951814542911982 0.1438469336130419 0.13675628916129606
1 0.9177221414964933 0.36237250339388716 0.1645557170070134 0.14085732026407366
1 0.8662584203402947 0.4118264077764799 0.17942923610255299 0.1352129130067589
0 0.2557343948204855 0.3126243049955088 0.10802783278320494 0.13517466531583314
1 0.16273067863866447 0.33475429175319416 0.11690592531467212 0.1499206704996295
1 0.196572298363548 0.9554673329407404 0.16567346680652095 0.07658020678620332