1 0.7457701225924531 0.22294561330682455 0.13499995099757206 0.12063097758022465
1 0.765598431428686 0.3043391345186519 0.15397882354683362 0.12372402667183913
1 0.7618550000678723 0.38133206921618 0.16568215688428048 0.15092425546001173
1 0.7529861275309513 0.4611151640654289 0.1796654411946184 0.13045225879399175
1 0.7492426961701378 0.538108098762957 0.17539607844831054 0.1223846672787225
1 0.7487320589411267 0.7073363308851096 0.21560294119461823 0.1333858112195859
0 0.7097356128512017 0.6354134045225311 0.22227107844831054 0.1262110400077585
1 0.7218196079744057 0.7988699977047903 0.2075615686453567 0.1311855824314133
1 0.2715250490332791 0.0717078379517682 0.2415580392364957 0.1434156759035364
1 0.1504400735530038 0.1418849978739681 0.287147794150313 0.2318550042520638
0 0.13252848043728419 0.2840723689360142 0.20417686277098873 0.1818552621279716
1 0.750924264716771 0.031896876956854024 0.13004397060347941 0.06379375391370805
0 0.7248238970751565 0.047562976033920956 0.08301053922415527 0.0608096963664577
1 0.7350439461022654 0.09574538451865187 0.08286088236455562 0.08086710485118861
1 0.7380830882697748 0.1650693404280073 0.11937495099757207 0.11935552000387935