1 0.7333826990222784 0.23144176459953672 0.11419767466313395 0.14833622550495618
0 0.0790457179591743 0.36954666666255315 0.04228042195200952 0.06128519608375473
1 0.3193835780889649 0.4116836519211013 0.20891897683203328 0.22342421571434307
0 0.11341230142941346 0.4665713235221527 0.11263517466313386 0.1481073529556946
1 0.4585981283272004 0.471822352881652 0.2524662998684926 0.3155016666995746
1 0.5704520529903343 0.5925794362005881 0.2912332009529422 0.35178686278332927
0 0.16611082114676978 0.5975880637130289 0.1877280966151434 0.21419887257394238
0 0.23883890925879717 0.7519828921366584 0.21619094824181798 0.2642780882636046
0 0.39525362680725407 0.8040208087807008 0.21245783232003568 0.23771558826360462
1 0.6506546194133671 0.10801303911926141 0.07438346754845675 0.08282127451972468
1 0.7049367229707055 0.13115786754289094 0.10670610819912678 0.10591985295569466
0 0.7718539586755979 0.14208659302316626 0.06366556260267942 0.08278166667489364
1 0.5792652704978168 0.15036335775844792 0.12228043895824144 0.12962583334978728
0 0.6519891078293837 0.20828151951335405 0.08880915379557415 0.12013200981529411