0 0.6399529994202718 0.676252210419492 0.10778029121570665 0.09938718775644109
1 0.7296550333397989 0.1427155157429687 0.13756338606495558 0.12084569368794007
0 0.5712187169985569 0.7464638927387256 0.1376909318225902 0.12240819368794006
0 0.6595658028846362 0.12911061357552192 0.06983401000193971 0.05423651384016441
0 0.646140902734855 0.1759047005336602 0.06667705909355419 0.07279551285158128
0 0.4651119803344764 0.8197660829666246 0.20092425546001177 0.15301620653952136
0 0.5924579222796924 0.16163129490617234 0.0794321506088231 0.07642984882113639
0 0.5243616265220579 0.16283830924062836 0.08399210485118865 0.07505834980971957
0 0.4277735400077587 0.18950558000087503 0.1185582945496865 0.1169566897336074
0 0.3230062916747486 0.20239685224399645 0.12248052000387935 0.10777269072219058
0 0.23354492107174446 0.28756237250995154 0.15510157242947367 0.14491986364988402
0 0.124759465621431 0.4048692307226281 0.19773535364324063 0.19026153855474384
1 0.960091187741644 0.3441812207624343 0.07579696757828529 0.07005251482874764
0 0.8855211066873565 0.5157471560474174 0.05264651000193936 0.053536176882026075
0 0.867950840476499 0.5501685769979444 0.055771510001939716 0.05366351087441501
0 0.8463945759326315 0.5933747489370548 0.07723192182065049 0.0685536818249421
0 0.82273367744984 0.6492082548685538 0.07879442182065048 0.0686173488211363
0 0.7872264832094145 0.7039567632715107 0.07879442182065048 0.0686173488211363
1 0.761142086393613 0.7685113531953986 0.1535710233378591 0.12616986364988386
0 0.8319978807741217 0.40740541543895753 0.060331464244305265 0.052292011862998145
0 0.8096125688056297 0.44045533737806775 0.07072683030538122 0.0651740138401646
0 0.784596464413483 0.489289426807664 0.07917705909355419 0.0733048488211363
0 0.6928223921531872 0.8245968685184378 0.12015274545807202 0.09833402372599628
0 0.7490892701730572 0.544037935210621 0.08035692182065049 0.06868101581733085
0 0.7065986233572559 0.60926102859455 0.10491038273097572 0.10238485376405233
0 0.6367316309432995 0.886454881370019 0.11910042848861017 0.10452035672980173
0 0.19017833197237136 0.0688813218822449 0.1631691639447427 0.1377626437644898
0 0.3243460378817268 0.06516876627444132 0.1532203369733412 0.10279603064607841
0 0.37799732530441155 0.02965900714863749 0.10117960485118864 0.05931801429727498
0 0.4719704659112951 0.03955731813787695 0.08153678454774678 0.06405718281352518
0 0.550796967578285 0.044967718328157366 0.09349465060882309 0.07700285178688593
0 0.6072860836393613 0.05520753996325647 0.03887105242559432 0.03740184091247101
0 0.6413900166698994 0.06008869954507705 0.030165732122152632 0.02614600593149905
0 0.6374679201536606 0.031246116541271445 0.04148586939505616 0.031279174904859784