1 0.3696662562469993 0.9415074875619567 0.2117681394219008 0.11698502487608664
0 0.4507852790675161 0.9068220465843542 0.2276765593379882 0.08819047602842503
0 0.48742914502097817 0.03488284882291771 0.17798329004195632 0.02800324852966196
0 0.07751707428434253 0.42737472749876276 0.09664004689043353 0.10466756784239588
1 0.5172498060372178 0.859725718565193 0.33925452199532413 0.16407130257724784
0 0.6174255595617029 0.7645946822691458 0.2221136435710857 0.11746854025277606
1 0.6887309518833886 0.6889605964480685 0.35835971950581325 0.16974144843880482
1 0.8312592261537979 0.5571417876507843 0.31148471950581325 0.1672848337849125
0 0.12345469108621909 0.304500471505869 0.14675844606059654 0.10885045680654795
0 0.19377700124939987 0.19535452283992147 0.19375184523075956 0.11286957146044045
0 0.2931481939860041 0.1204131558111797 0.21969903859206372 0.1266797659425165
0 0.37579382800932015 0.060936336498445834 0.24533765601864027 0.09534123473485204