0 0.6894902553559239 0.9672663460729265 0.08214616249848916 0.06162266674839856
0 0.6737784246565723 0.9362790348284207 0.07129313419006547 0.046519636126145514
0 0.631600134393509 0.7284742031282139 0.1667604235265676 0.11734217703754765
1 0.649798935684651 0.8861957320764743 0.18337077573218324 0.1284513947413025
0 0.6222791652781728 0.8096374922430261 0.16289405036458077 0.12463441172642149
0 0.5799111531503082 0.9620714595176892 0.10270264154211795 0.07585708096462156
0 0.5702570152842166 0.9942761312880648 0.08666943713088635 0.011447737423870308
0 0.341960034010797 0.16046049187523337 0.1904419025701964 0.13695758182280443
0 0.3044765470652228 0.26141857177885025 0.17580225477581218 0.14459836411904964
0 0.22872124615074907 0.4181965053897699 0.25827686800950644 0.20934603086744802
0 0.21595862133908322 0.5772238098157085 0.24577686800950643 0.20795865670444408
0 0.14900353163800029 0.740511024048881 0.245119966539096 0.20170865670444443
0 0.07611677775853058 0.15111872117433708 0.15223355551706116 0.13661244234867417
1 0.14199823072352655 0.8980400587335172 0.26378549484751956 0.2039198825329656
0 0.14048976160819032 0.9686539167483984 0.18493799374773356 0.06269216650320324
0 0.04619237573822711 0.2836736446187049 0.09238475147645422 0.15484728923740984
1 0.7890603672863887 0.3357519532508115 0.10163281764492567 0.08540530622252866
1 0.7952799264794761 0.40441353829900295 0.10903239521814392 0.0970364933040305
1 0.7899098022177032 0.5081455144953171 0.12967334595334917 0.10241597631891182
0 0.7931685867783932 0.5748977560027578 0.09875651470410496 0.07273188445215303
0 0.7879180930306596 0.6549320995435087 0.07120866249848916 0.06040871435576989
1 0.7030711954095 0.25902710791347056 0.1137198952181441 0.09755675861515697
1 0.7732597994682383 0.786876638658321 0.14875179668855446 0.10762203756341737
0 0.7571303283265548 0.7147440621026888 0.10179704301252848 0.08696780622252867
1 0.6872515292349848 0.32682328817640544 0.12942464889417024 0.11474255454853628
0 0.6854544862224564 0.4040794752579073 0.10706169080691268 0.07828649330403051
1 0.6974971952362753 0.6354119259765433 0.17646387426177287 0.1215077076598007
0 0.6714436580993451 0.46970532729121767 0.11446126838013093 0.08991768038553243
0 0.6764737628812011 0.5572036232245969 0.13074316985054146 0.09790189808928726