1 0.61380648582522 0.267926665415913 0.11977127550517785 0.15036707694917478
1 0.7396770128430429 0.6253423505324557 0.14570277735075726 0.1466071598887993
0 0.7101396653602672 0.6600794490811769 0.1115982902698132 0.11275794954451293
1 0.6623329648579777 0.7439435283926044 0.2631905823852058 0.22224705534962846
1 0.5043562109098977 0.3270883558899333 0.20651991694892544 0.21715776206571755
1 0.577296677946389 0.8342832969969258 0.21072676996843942 0.16753970798203355
1 0.38206044614526213 0.3601414141499686 0.23440439480197242 0.2741170901960187
1 0.5220680527799217 0.9309648017214313 0.22112344278703766 0.13807039655713743
1 0.2699058366662202 0.42231897721932726 0.2532745565470938 0.28721729092165804
1 0.4498924497604079 0.9779017999073328 0.2225659796986262 0.044196400185334286
0 0.16379079514068293 0.5235863221398513 0.23040787450059858 0.32529764427970276
1 0.7982260746699538 0.47109384935132936 0.0990982902698132 0.11232143992586625
1 0.669515658643818 0.2543205224021546 0.10153211191447689 0.14195437622353532
1 0.7526279670364914 0.5309301516209148 0.10510796677957028 0.0876488221398514
0 0.5557084775201125 0.28689243102500955 0.05997580872560757 0.06430060217691827