1 0.37285627318341313 0.5405055721665717 0.15028696828879456 0.14485619665368965
1 0.3529210177099798 0.7602623152464896 0.10498987884037306 0.1165110207602467
0 0.43749854195220045 0.17838225695726326 0.08461719468185844 0.06112318380210833
1 0.34742769383481237 0.9603432282883512 0.07019067363517104 0.05430018083635879
1 0.4606406393637169 0.13412026239447072 0.10869173151356151 0.07301568874502422
0 0.433672675842484 0.5141460020143473 0.11383425782192061 0.08101918973360736
1 0.5072657394060691 0.09159452277459405 0.12744173151356133 0.07377969269935694
1 0.42830044930824573 0.7430694980600148 0.1425654735504663 0.1461003616727176
1 0.486426678543907 0.4430323473754426 0.17234397881213823 0.1488725346004111
1 0.5532915999717651 0.0521619496566202 0.10970819994353036 0.06370435574121862
0 0.47950663353734757 0.7256710924325269 0.10351838410204497 0.11800985376405215
1 0.4485652596057105 0.9785991618247232 0.08884966837349921 0.04280167635055356
1 0.5671915601562904 0.41125044817374545 0.17181335779368573 0.1129987015966055
1 0.5461635125188951 0.69253494026508 0.18197658404557532 0.180440869581383
1 0.6272652391943077 0.3186119620139099 0.21158848933548208 0.15358920950527094
1 0.5806420122365464 0.9781408819386727 0.13020271046687384 0.04371823612265473
1 0.6435320652062007 0.6380477115196183 0.25558068401734035 0.2130570514063251
1 0.7302544603256995 0.24019248475132288 0.2597529735504665 0.15087538638729703
1 0.8011137209196304 0.17215475056865367 0.28099093671876363 0.14082922433401848
1 0.7784083231692958 0.5718390741809192 0.3288963576525113 0.26748456623507266
1 0.8677328025461314 0.1249879318993041 0.2462673262236546 0.10667971741393627
0 0.8650900048381487 0.48106417695638826 0.2292001945406839 0.21509971247102033
1 0.9195035525108377 0.3580842747889415 0.16099289497832459 0.14118736859279987
1 0.9543227499294129 0.25120953368619003 0.0913545001411741 0.1321996877564411
1 0.9837071420651398 0.16732662361007786 0.03258571586972039 0.08746550790866539
0 0.18345213894019383 0.5670813651327589 0.044553636803468064 0.04234400889724856
1 0.18967204686093647 0.5400559501137308 0.06412268415851474 0.05717051285158128
1 0.20937062585660135 0.49019787155854944 0.0566742052052021 0.0631021778706092
1 0.22897049431480515 0.4520267095052709 0.057872684158514785 0.05691584486680377
1 0.24254787592718854 0.4175071294672148 0.062287168373499215 0.0524193458553869
1 0.26297449701622827 0.38014905091203344 0.06926521046687402 0.06517401384016441
1 0.29047787073610387 0.34385872383972693 0.07404371572854584 0.06692751482874755
1 0.25101688346676043 0.7904034599995624 0.06199874203690507 0.07423067885919252
1 0.31770822867096393 0.30288089676742036 0.08074874203690499 0.07499468281352514
0 0.3568393471291677 0.2655055721665717 0.07202618942018653 0.05905134783255326
1 0.29983381506502643 0.7721283038777831 0.08807539462538871 0.12049818380210837
1 0.3758931840173404 0.2179594101132932 0.0961007262518895 0.07094385277546911
0 0.3378280967762318 0.6349439802655176 0.06201415258848364 0.0477318458553869
0 0.3474614310335686 0.5862345662350726 0.061179694681858444 0.060168178859192525