1 0.31524995942458434 0.5279564926228073 0.15788899538185158 0.1496710306460784
1 0.2877039919879644 0.7800774081361268 0.11025257775694416 0.12126218775644126
0 0.39818463883120386 0.1087409190105418 0.0924212373233333 0.05981535178688593
1 0.27600719995194634 0.9894657011023138 0.07277311866166655 0.02106859779537231
1 0.42562542511777784 0.05497659045536046 0.11667894354388882 0.0701453567298018
0 0.3852787868987046 0.48925608996106884 0.12361244872768502 0.07821252471457943
1 0.4744531958529629 0.02560476684309501 0.13234360829407416 0.017848027680328882
1 0.37267431427828845 0.7498261754363325 0.1486506964186108 0.15085152866891197
1 0.4462640965123619 0.40157701783167815 0.1844514953818516 0.15075336958138305
0 0.4315216339767143 0.7224306872993305 0.10726427879370348 0.12269735376405215
1 0.3885365942497704 0.9970036284786318 0.0958005155513888 0.005992743042736492
1 0.5389197796886581 0.35517420311666126 0.18701056738935157 0.10882053756616061
1 0.5077710671530105 0.6753593691242725 0.19058391819055523 0.18525570357377177
1 0.6091919064088429 0.24200038247014538 0.22636559330833314 0.14934737847863166
1 0.5426185015070851 0.9887719758168932 0.13833933006601845 0.022456048366213465
1 0.6185807195093529 0.6006869743711996 0.27245863477870336 0.21350272037968593
1 0.7272180279452318 0.13861273870565557 0.284646985014259 0.1392667243340185
1 0.8064653220075002 0.07519883752679199 0.3040422425071295 0.07622289627312877
1 0.7733549853435657 0.5074210885153752 0.35339556795499955 0.266622403193211
0 0.8658438646556489 0.3912323558155807 0.2245679389257404 0.2177790434976597
1 0.9203734141845373 0.2429195312147321 0.13492038708777726 0.13627969269935694
1 0.9649032471252779 0.1192883716329115 0.06499886635259244 0.1022920118629981
0 0.10020186639907518 0.5842688651327588 0.04744092799249992 0.043970175893442945
1 0.10769173765263992 0.552428616121342 0.06898373732333321 0.058860346843970034
1 0.13092347756787132 0.49300453657757737 0.0587297425071295 0.06622717787060921
1 0.154555758670649 0.44692537403000737 0.0596087373233332 0.05847834486680377
1 0.1706783361447693 0.4060284599995625 0.06701113421305545 0.054109179847775656
1 0.19424226672916733 0.3607305474519924 0.07449144354388877 0.06842634783255316
1 0.22789409679518577 0.3166277203796858 0.07917894354388873 0.06861734882113639
1 0.17147410777490896 0.827087717908228 0.06593664976444429 0.07741934585538682
1 0.2596806304898616 0.2669606428130876 0.0859757476909258 0.07512201680591399
0 0.3055296641845374 0.21786656821223901 0.07679623732333321 0.059178681824942014
1 0.22797767747333486 0.7995967292769344 0.08919778397749971 0.12974584980971962
1 0.32841965150787067 0.16234873866847455 0.1024797425071295 0.06800985376405225
0 0.27415748477791785 0.6391831526989195 0.06646433006601846 0.04785917984777566
0 0.2852603715828715 0.583969070683697 0.06443293836009242 0.0602318458553869