1 0.4213892632021182 0.2428200152769117 0.10596167211208343 0.12307496801399935
1 0.4439559006449308 0.3058558172740482 0.14280836189159735 0.1625556386855445
0 0.40822299486909763 0.5500876226130025 0.15665265634451403 0.1533442706874535
0 0.5188299204965628 0.36672004459741225 0.15349128875333343 0.15174540802036277
0 0.4582061174942714 0.6159302512730938 0.20523562670923634 0.16015789202736244
1 0.6157347559839236 0.03342338329488813 0.09851154160312489 0.06684676658977626
1 0.465875106760695 0.7103978666056847 0.2344152868534724 0.20579765603118041
0 0.5652698158231602 0.4146302859245944 0.14117312670923637 0.15941245735199913
1 0.6899359753987153 0.06308487257323157 0.160358231382639 0.11121131468808991
1 0.634021122243924 0.4810359885821403 0.326713196047778 0.27872717337681613
1 0.7100959258148964 0.627065556572277 0.3249688580918752 0.27089649204327076
1 0.8730400693385418 0.10706049721518725 0.19313436379145835 0.11003062269254427
1 0.13292944129812534 0.4063761746499098 0.046439895326597244 0.04896475867281787
1 0.13514655793937536 0.4344829933163645 0.047893292553055564 0.04429544000636341
1 0.11467236341020878 0.5284966226527734 0.060611498100138925 0.05381589067472703
1 0.14599379217180594 0.464052314648319 0.062173998100138926 0.05383407200827221
1 0.18303723765090307 0.34327619064291015 0.05294446846486114 0.059974984006999674
1 0.17982262509371563 0.40661198464354653 0.060756968464861186 0.060065890674726855
1 0.15200936246027824 0.5546318613144554 0.06693423328250007 0.05701361600890866
1 0.18309374866881983 0.44642846264322833 0.06242857123840286 0.06477157200827222
1 0.14757708880892412 0.5992267459818645 0.07819904160312507 0.07120338534372692
1 0.19312401852045183 0.5080472153087283 0.07987064437666672 0.07590906667727211
1 0.15795219756638942 0.6420864079805918 0.06391833605604172 0.06166475334181776
1 0.2827079696991321 0.22724156329568354 0.07202177678548623 0.07425566000954502
1 0.17492279844007003 0.6997170946451373 0.07485583605604171 0.06179202267663584
1 0.21091289019569498 0.6008341519732739 0.07343880642076392 0.06802384134309047
1 0.3038757613022572 0.29732679662636546 0.1074150693385418 0.1184056493475448
1 0.216909623478195 0.6570296079726375 0.08150587955902786 0.07905224801081764
1 0.3214275904244447 0.3463546426241383 0.10705139342673622 0.1027806493475448
1 0.31930269918191 0.38935975529122924 0.10705139342673622 0.1027806493475448
1 0.3771840151019793 0.1901950019494114 0.0945877610179167 0.10419769867918127
1 0.33725457180708374 0.455575101289002 0.15469011284152784 0.13613858935390813