1 0.9285387658545119 0.34789885804241 0.12008168973360753 0.12493962114237397
0 0.6477715855124446 0.32049433187136367 0.10758168973360735 0.12325695939725252
1 0.8712674353221642 0.368962418613597 0.14055069863085592 0.16965111376005632
0 0.8322659437251211 0.41427481928524196 0.07662084980971962 0.0880106377525888
0 0.5894298449039848 0.37312339151976087 0.1291038626613009 0.15567878473307495
1 0.49191551634880337 0.40903060276259284 0.23461371642535309 0.2662254114121872
1 0.7646128701128557 0.4697283752424804 0.21548171444818678 0.2543264187945049
0 0.35409186418135663 0.4967105473952099 0.168994033611828 0.1812496026865798
0 0.6760371428502687 0.5900556719718215 0.16886669961943923 0.17812460268657962
0 0.5676463226980444 0.6674892949597749 0.20228137749004843 0.2354562570493833
0 0.22403163247014538 0.601412744796196 0.17581703657757747 0.1961534335591404
1 0.11626555342067246 0.6363433687069391 0.1910202253226017 0.30231326258612173
0 0.4158065914811247 0.7774799004147239 0.22871654349765969 0.2359069132577666
0 0.04679265323039204 0.7242488401004579 0.04048703163466159 0.15462731979908426
1 0.2788941818993041 0.8296880959701305 0.21726970752810457 0.22193458423078524
0 0.12813017794497142 0.8311300369115887 0.1233340237259962 0.12848528657865438
1 0.8255053132693231 0.19052182020803163 0.1157761917107738 0.13368362298795344
1 0.7653145711779885 0.2363299625745691 0.15423119665368965 0.16216910822331795
0 0.7302511630790427 0.2818977814508635 0.10295785672980173 0.12418846124283185
1 0.23142770802239615 0.16601617130595298 0.12913303756616062 0.19453095201493475
0 0.10098813292725592 0.22285178598879893 0.12396537650146526 0.22025212114237397
1 0.17171978558899428 0.14655989823621007 0.08226335475263542 0.11207913590700946