1 0.5186398095350586 0.12883424468447474 0.20149702492133237 0.20300324852966195
1 0.3850165179972107 0.8753086957252714 0.19899164832619273 0.15941702283992143
1 0.622823133698155 0.2087884175698247 0.23011655273249348 0.23243844301173802
0 0.5193126014306941 0.9536649898232348 0.17188844148784882 0.09267002035353045
1 0.672225136165977 0.3394142978275495 0.2437768829756978 0.23005042740790582
1 0.7930999688770032 0.4706819872212429 0.4034751361659771 0.3253297071452321
0 0.8656865172460849 0.6267073371758144 0.2686269655078302 0.27040983378491246
0 0.9290783908011704 0.7747630568726611 0.14184321839765915 0.22421650723608924
1 0.15272516006440176 0.2943408994796016 0.12505962051503167 0.12760710085908258
0 0.19522100812592297 0.353214610470021 0.10586127173105324 0.11108134215265544
1 0.20654284547214274 0.48339675542706695 0.13755962051503162 0.12826219810012063
0 0.22758369570103554 0.41776511137453215 0.11932051709585971 0.10713082654882311
1 0.2247573957368143 0.576693054047586 0.16854598783978414 0.1640292797373263
1 0.37934641439914496 0.05945572365357558 0.15869282879828991 0.08746677973732642
1 0.4293844090414942 0.09854920115233837 0.17439381808298843 0.16123182835784544
0 0.31910918673109884 0.6646677668470277 0.15807320539342945 0.13088923111680728
1 0.34087399626615744 0.7674618962002413 0.17686938442061226 0.14428998982323477
1 0.9579247215558286 0.9348806481786056 0.08415055688834272 0.13023870364278878