1 0.8271344472670826 0.40966213771332854 0.08560389227157365 0.14248290653397536
0 0.12211475659791593 0.39083051530148094 0.09603425287472205 0.08383565260503385
1 0.30012217940661956 0.433356271297337 0.14687358294074046 0.13133139081820958
1 0.06775873873745286 0.4365389675350112 0.07181479434509233 0.1449529350700225
1 0.20434007917106384 0.5035895345319032 0.15519322233759228 0.19085194003242129
1 0.14173135537286918 0.615049265301481 0.14046634099925887 0.21817641935425697
1 0.7830076321403224 0.8902976300648426 0.32146206277120337 0.2194047398703148
1 0.3248324876061572 0.1466225587247244 0.045272835249814666 0.05501713978475231
1 0.37171704952888857 0.16670177233079428 0.07021404665416657 0.07329625889134013
1 0.4263457609332404 0.18636360897239343 0.0707608508012036 0.07954625889134018
1 0.47744893115004594 0.21908837179267499 0.08449116013203692 0.09419095574818703
1 0.5328588925543978 0.23878659573782707 0.08740154665416658 0.07409677956950453
1 0.09305409877495327 0.22763915653397532 0.0781632476909258 0.07522263192686944
1 0.6069894596609255 0.2679154776646965 0.08945206220555538 0.09753427956950453
1 0.0462665731387958 0.2620291191065879 0.04759675287472207 0.08157963978475227
1 0.6802116376534254 0.31334144768090716 0.08802626324231469 0.09902400496239867
1 0.18729140579671238 0.31761564722835034 0.11902198501425901 0.13314644789030422
1 0.7477600140907864 0.35616895657224734 0.06886616013203692 0.0934632096771284