0 0.45745194322886845 0.7341890977063373 0.09206132535009015 0.13030465186945542
1 0.5074963018778238 0.8607506750909575 0.09800224267981754 0.10421574855010754
0 0.3650859139481387 0.35402984625644485 0.10948518268618086 0.15191954274124866
1 0.5440872352005515 0.9360340950070449 0.08332157733927233 0.05002515601864026
0 0.3468193613144554 0.11265948505364565 0.12054995202099902 0.16368583693238983
0 0.5529547998886415 0.7776887987413114 0.09951019867918127 0.09964664772027057
0 0.5908264225414148 0.8770725694872358 0.07894316000954511 0.07623245850815116
1 0.4875603506126843 0.36036051139864744 0.2896283107097254 0.33885454813983334
0 0.6544980238701879 0.9058119535105519 0.08655566534054522 0.05963695435896632
0 0.440678449315728 0.09618053484386421 0.14740335335772622 0.1906986228251612
0 0.649320722549369 0.814098050191204 0.12309314934754471 0.11392263527271576
0 0.7613752798775056 0.8438545599394661 0.115171561346272 0.10395563942190086
0 0.6081386693189097 0.08718773360375313 0.21497266136218052 0.17437546720750627
0 0.7042569546069573 0.3860905267459871 0.2296351453691802 0.2812303796736385
0 0.8848342452657757 0.43016872300707637 0.22211354670590716 0.3056383838228234
1 0.7875989026495918 0.10133182136133553 0.29042719470081657 0.20266364272267107
0 0.977202463916322 0.5418147727972948 0.03359539202736243 0.20393048340326042
1 0.22068828723745898 0.6889045215711169 0.06642497867599957 0.07372276514684692
1 0.201421213916322 0.6005999607832363 0.09031701201463571 0.11456125269929238
1 0.2685530752307774 0.7344528972960632 0.08234088001272663 0.09990675684847723
0 0.25195701591345854 0.617845737752938 0.06635225334181775 0.06747276514684693
0 0.19160350795672926 0.303950103729622 0.06658861067790856 0.08778526514684701
1 0.3074252185710044 0.6807708676270692 0.12033177601845377 0.1449358369323898
0 0.23588930995386576 0.3216694773799758 0.08717383068109026 0.11276195435896633
1 0.3748297998886415 0.7911863041398961 0.09645792401336299 0.1056598493799445
0 0.38448715790105004 0.6991288587039994 0.07768974267981754 0.10267655933798814
1 0.24026027864418284 0.14727312862473127 0.18201471069381697 0.21361590456874774
0 0.2958273839513204 0.3358611093286994 0.11266472668681722 0.15684384108157462
0 0.44483321721836894 0.8124208414825601 0.06947725334181776 0.06770956348717298