1 0.6657735162919071 0.8642342549792555 0.09929779258539462 0.0737517966885548
0 0.7689097892374098 0.03457742208033218 0.05416041842239068 0.056653486395681206
1 0.7459865903153637 0.09152184138098066 0.10849596268177777 0.10097119815896502
1 0.7183699271601454 0.1987524755710461 0.12047228923740985 0.12539405036458073
0 0.610561490814229 0.9008614562643539 0.0968681837335172 0.06577507132095199
1 0.5963221609106121 0.9292304353079828 0.11058554425938691 0.050229824996978326
1 0.717781695696659 0.0392586851196486 0.10346332320764731 0.0785173702392972
0 0.6137919464322443 0.7448202764855198 0.14426004091140215 0.10318588161382536
1 0.6825285104117469 0.12506391950409196 0.12845991507440607 0.11387940257019644
1 0.5836632237065126 0.8080545726241815 0.1300258232076475 0.0862470786730043
1 0.6262878827781607 0.0576707983533429 0.14825044569665877 0.1153415967066858
1 0.49774191233940923 0.6819330768501006 0.20553927225229102 0.15441049484751962
0 0.498263029683846 0.6795072141662992 0.2032830851707892 0.14799626947991698
0 0.45630924930678834 0.9067992922894106 0.11353201028914928 0.0906905996293755
1 0.44486852466186894 0.7609941161866027 0.24303927225229102 0.1583519036699826
1 0.3958146760991409 0.8388633421040984 0.19113333684478154 0.12201091727430118
1 0.3141251574400298 0.8932903500060437 0.2496395239262835 0.13433725587559806
1 0.9217312028830186 0.3789210829291423 0.05676515311126451 0.05229443713088635
0 0.8916874869758539 0.45716335443540645 0.041662122489011466 0.04144140882246283
1 0.8784869836278691 0.5091340588466379 0.054333840192766304 0.05821598639568108
0 0.8764951893684823 0.469825220795234 0.04044646602976236 0.044402183454860376
1 0.8450572830318308 0.5924743937719086 0.06804779258539462 0.07046728933650215
0 0.8520953492983135 0.5348284781472864 0.04739015311126451 0.05130908492527073
0 0.8404607540835702 0.5581815064557099 0.04287777894826021 0.03848063419006546
1 0.8257819055208422 0.6324377742859479 0.07082594904464372 0.06767074007170741
0 0.8900740614897009 0.15778509708335406 0.04114185717788495 0.03675390882246288
1 0.8809549339787125 0.19668101270797633 0.04825726196314193 0.05912158492527073
0 0.8821774067044442 0.1364848858699632 0.03645435717788494 0.03626123271965502
1 0.8865214712969347 0.10441375903195013 0.06666041842239068 0.05796728933650215
0 0.785066786502413 0.6643798345788212 0.05589804425938709 0.04448193713088635
1 0.7775101589914245 0.7031115248358409 0.07238844904464373 0.06783496543930986
0 0.8422409815860841 0.1896849215304392 0.05155397966689641 0.07491081029287332
1 0.8175801568270419 0.2594577915662929 0.08349766674839847 0.08444531764492566
1 0.7997737521643827 0.35538259818314005 0.10797399330403046 0.11018197279136244
0 0.8262742502451952 0.1455219991036575 0.06058213612614551 0.07277116249848907
0 0.7404394532508115 0.7465259970773104 0.09235410550389264 0.0668448952181441
1 0.8013549968972106 0.1987243937719086 0.07811647966689642 0.0777026415421179
0 0.8114347604117469 0.11151532667687587 0.04617449665201541 0.054269859557668096
0 0.8149125681856704 0.06451833715506146 0.052251074881639784 0.053364261028078584
0 0.7075368342323823 0.7776469305321705 0.10103371435576988 0.07547852205615709
1 0.8089278130410957 0.028720066646861504 0.07672910550389248 0.05744013329372301
0 0.7950319185449883 0.08478624230149812 0.04982146602976236 0.04538753566047595
0 0.76010768410131 0.3255660316380003 0.09790530622252866 0.10294662058574673
0 0.7761883913933179 0.14288259818314003 0.0812397756002758 0.09192936690972049
0 0.684615339376957 0.8203646244652164 0.08419476196314175 0.06289876838013093
1 0.7541263370899767 0.25743305627039764 0.10328649330403046 0.10968929668855462
1 0.5201167288510872 0.8550421261148953 0.13453819737065126 0.09907552940820956