0 0.39984984748277563 0.021136483665061757 0.08130998154420563 0.04227296733012351
0 0.40069127768369145 0.05120916563471243 0.07181481979908422 0.03750430810555186
0 0.34526810981197625 0.2610764712590649 0.16667646493399077 0.09626718610347992
1 0.3995796325487849 0.105605567206289 0.18179062852469174 0.10473465756743261
0 0.39030999756456514 0.18600154259918314 0.16168846124283184 0.10535108767505648
0 0.49792686224741106 0.04978575269059635 0.10237364144374758 0.06842897642635146
0 0.531009676509757 0.012311543425498067 0.08578714882606545 0.024623086850996134
0 0.3492059398377605 0.8835272059575839 0.18909229211539264 0.11283825599585598
0 0.4284274902582606 0.7967677605484791 0.17337712114237397 0.12297523531769165
0 0.5675948586322654 0.6683987038906694 0.2553181008410002 0.17803091645877273
0 0.6513234677783731 0.5193211949993293 0.2414659335591404 0.17893844499482014
0 0.7839403324612191 0.3819410113770487 0.24062460268657979 0.17268844499482006
0 0.6144254684442417 0.9433751251069531 0.20120181610792542 0.052846825888232016
1 0.8552290224798874 0.22723208664610833 0.24074476443170106 0.1851156703877142
0 0.8995647364910886 0.13433395720043828 0.16637596124283185 0.10556941149637403
0 0.9279449560390279 0.05615329921872092 0.12770413590700969 0.0835830955329393
0 0.7233195234786903 0.8668789375557312 0.20964511560563573 0.1386387766740203
1 0.03786877755523093 0.5926711894132488 0.07573755511046186 0.07289815260503403
1 0.05247205507245528 0.5255008060386372 0.10494411014491056 0.0841267510334573
1 0.10381717163888729 0.42836894086099087 0.1281248013432898 0.0867080955329392
0 0.13040956308263502 0.36346953287927347 0.09819697785304679 0.060470927212139716
0 0.17076395083522392 0.28861292804070926 0.06923064698048606 0.05291098428423435
1 0.06947285770947571 0.6892700535574379 0.11051663590700947 0.08278257485477489
1 0.24388565377294835 0.16642540488134547 0.14864763406143 0.08921666542531544
0 0.22629268237942957 0.23944552791687473 0.10008997231630853 0.07453342721213971
1 0.11407908463973279 0.6289661002904502 0.1268927958065515 0.10062504631872748
0 0.1503168896741815 0.5558539319696507 0.10664047600746737 0.06552230024766885
1 0.2433602192910182 0.33181281038186344 0.17647213037027115 0.0998288337461151
0 0.1923690338862984 0.4972216406133218 0.11258997231630849 0.07511562406898661
0 0.2270593343067985 0.41253627150673394 0.12905630318886924 0.08209337014004525