1 0.2574831974769993 0.4939980410344441 0.14630378473307495 0.1264560100679862
1 0.2946077168555834 0.5421984984813886 0.1520429483237759 0.13437761284152785
1 0.19968509689292022 0.24067497891409703 0.07935680688002811 0.06882404160312508
1 0.3536823124927796 0.5719756110385761 0.20270393725029923 0.16359364057694456
1 0.2705234286882707 0.23513218731097196 0.11126779580655147 0.09760365824437507
1 0.4179703392536814 0.63823508425309 0.25501759714984135 0.18194490349472225
1 0.5130576104778448 0.6897592570307634 0.29317858607636466 0.21086999050069472
1 0.3862385996612894 0.24334211797243022 0.1765321119144768 0.1427356267092362
1 0.6201791307792186 0.7386669228745827 0.25751159899542075 0.17733013867708358
1 0.6989052374898914 0.7960235215640619 0.2806485953042618 0.18721428495361128
1 0.6009171024296586 0.24535464038951335 0.31228907131172934 0.24869729882131963
1 0.7703295812815082 0.820840377187395 0.2540561045321592 0.16323127108590318
1 0.1721615015886583 0.42199771409645814 0.12127379396097213 0.10250936379145834
1 0.2210197663532938 0.4582430322007289 0.12148412667911226 0.10407186379145834
1 0.15525901325199035 0.2409302052627429 0.07445897416188796 0.06715243882958344