0 0.29443917342083425 0.5356218337339338 0.10888556738935158 0.11443193221746188
1 0.26990877365639 0.6083093576323586 0.14999858294074053 0.14289655417740796
1 0.5196899090007412 0.2817737406080564 0.1563264953818516 0.16224980881260143
0 0.3189621368514364 0.6707155359370841 0.11798716531583313 0.11251344148784881
1 0.2996954355318532 0.7464506069099015 0.2000177067862034 0.18486660052934312
1 0.3604976515543534 0.882263011316202 0.20144350574944409 0.18350518540774097
1 0.7329410561732873 0.23732373699577042 0.18480280989648107 0.1875432517453647
1 0.6385684651740284 0.4400711203934751 0.27343466588148113 0.2823746654220525
0 0.37858468727527955 0.9554032749213324 0.15468608294074054 0.08919345015733526
1 0.3760167618746778 0.9853462232117464 0.19263585080120355 0.029307553576507318
0 0.8257444193683338 0.3053602918956355 0.15591639227157367 0.15756230881260133
0 0.730259096229538 0.5569473450501359 0.2476732482565737 0.25279589224608473
0 0.7890791472190289 0.7154159994564365 0.21845463996249972 0.23667636443492376
0 0.2818010553248155 0.4091680605579661 0.062323634213055534 0.059002640500720106
1 0.27317861955662115 0.4625715983619715 0.13505708812453676 0.14869820539342946
0 0.5667023185671302 0.34944758403438414 0.1107214694628702 0.11775801709585973
0 0.7874695461350015 0.868081703376283 0.2318527586241661 0.26383659324743397