0 0.31705365403181746 0.852966320410571 0.061997255447881636 0.039573420688572725
1 0.30674921060432075 0.641937051173277 0.13922602698730663 0.11864585099579195
0 0.33031276072053634 0.7641493570710597 0.08852690445914595 0.06232143992586625
0 0.34149591517968225 0.7050198937315486 0.09968292574646949 0.06582838584218216
1 0.34529753041837596 0.4490600704105708 0.17025750569998319 0.11661212504240903
0 0.3692106417986718 0.5438740626060226 0.11850933540139544 0.08986608656782166
0 0.4270552648310357 0.3438393462712865 0.15866444183801282 0.10685517912609299
0 0.45241553377257054 0.24996286069925677 0.1555394418380128 0.1067460517214313
0 0.47906515110495124 0.16004718882955787 0.15041489926336576 0.10033236061443876
0 0.5017703136098689 0.08174113955519728 0.1485246173323805 0.0955902969121079
0 0.6127653557571874 0.9745573336150057 0.11665190445914604 0.05088533276998852
0 0.7522045501930901 0.9018379070632104 0.13759782500983525 0.1622321598887993
0 0.8757623824923926 0.9492263169520097 0.12501070767745476 0.07138890507947622
1 0.28562869141068425 0.8095784189592921 0.10099405347041017 0.08457838584218216
0 0.30654248892900976 0.9136855656012475 0.05062271287323465 0.03294147477225664
0 0.3084545501930901 0.8863418156012475 0.05084123416055819 0.03606647477225664