1 0.33122097545590073 0.5547279862764535 0.05770485141192587 0.05163670783841638
1 0.3120056256933276 0.463958233769171 0.055960494985435004 0.045341243731793844
1 0.3263348986545812 0.5080348427029442 0.05131845909205772 0.046767351411925874
0 0.29918502843803696 0.39485889278208647 0.04019910266556703 0.04019910266556703
1 0.28061453635559575 0.3087539082214926 0.07056856426490725 0.06450042069139794
0 0.29344950547678333 0.3505322312618885 0.04019910266556703 0.04019910266556703
0 0.35122358689695643 0.5916142208370472 0.0434604949854351 0.04497753087881229
1 0.4162191349310347 0.8527813898790926 0.049574102665567034 0.040471887305303156
0 0.36399035985821 0.6357362938774431 0.05288095909205772 0.04681281551854859
0 0.31309676425227195 0.426458233769171 0.04654003087881238 0.04350595909205772
1 0.3890609045270759 0.7130656720115462 0.05765938730530316 0.05007420783841639
0 0.3793054712992657 0.672758920757905 0.056142351411925875 0.05159124373179384
0 0.26716345328606994 0.20766878134103078 0.04493206677218975 0.041897994985435026
0 0.2802030108870597 0.24241585438142668 0.036892246239076346 0.033858174452321685
0 0.28954090696785145 0.2702453376883792 0.036755853919208194 0.029170674452321688
1 0.41182480311515013 0.7623609783588947 0.06413670783841656 0.05806856426490725
1 0.25859008683044943 0.12673703008738957 0.05940374373179384 0.05636967194503919
1 0.42971934527673367 0.8180426770261111 0.056051423198680436 0.04846624373179376
0 0.3700420638691958 0.07900056057049056 0.05935827962517113 0.054807171945039215
1 0.45595185398571525 0.4262045180131956 0.14706887978345567 0.1182451978092867
0 0.3860929612036288 0.11756295539764106 0.04341503087881247 0.04341503087881238
0 0.4099958109662019 0.20819631558505547 0.06592652837152993 0.06592652837152994
0 0.4005131623781278 0.15851456433141425 0.05462531551854841 0.05310827962517113
1 0.5351319224737645 0.7095960280423255 0.13737563103709682 0.10703491316955063
1 0.5534440017823666 0.7777549946562307 0.11522784639736088 0.09702341567683312
0 0.4314245300873896 0.2497245860390266 0.08325042069139794 0.07111413354437941
0 0.4919826307078926 0.50243439740094 0.1137562746106063 0.1001029515702104
0 0.4483105017158596 0.3132415167595545 0.1025459899708702 0.09040970282385156
0 0.527916467538342 0.6356500626820616 0.10245506175762494 0.08728470282385156
0 0.4632164361973111 0.36432664364001627 0.10558006175762476 0.087375631037097
0 0.5196015138565606 0.572664329375109 0.10098348997087 0.09036423871722885
0 0.6968606281341031 0.01802360814235037 0.11565374373179385 0.03604721628470074
0 0.9200033644770634 0.8154856975465892 0.11389266693047446 0.10479045157021041
0 0.7431074908288 0.05518680743638747 0.1125574874635877 0.11037361487277494
0 0.9081458736482635 0.7401136245061934 0.11393813103709718 0.10635295157021041
0 0.8798630639357029 0.5317388348518923 0.14025659012915453 0.15239287727617318
0 0.9071038623654925 0.6417897847727501 0.12399509263643722 0.13006323620994636
0 0.7921694649645525 0.13853205562243262 0.16038723370266403 0.14673391066226812
0 0.8214584967012947 0.2586710593833563 0.15128501834240007 0.155836126022532
0 0.8659633514784328 0.3924179220780532 0.14709762351524952 0.17288723370266404