0 0.3225711038203814 0.6098992716309786 0.06515352773541672 0.05285549126449016
1 0.3225542264455551 0.5436388872715758 0.10051045269729171 0.09825203535763123
1 0.3846386119885066 0.4216897429288776 0.10995818787965286 0.10225222920121517
1 0.4437862614960756 0.8948132891019981 0.10414459897381949 0.12041876663882575
1 0.42063196979604134 0.3489494488357366 0.1227127610179167 0.11435665432599382
0 0.4775254818607978 0.8854271778291558 0.040189895326597204 0.05208414101493304
1 0.49448900351538166 0.2570833793682598 0.144733231382639 0.12264877329435626
1 0.5406982822976382 0.8506863022052629 0.15603440729444457 0.13929483277853763
1 0.5493057497156595 0.14594688040824955 0.13946384992375016 0.09721117637256428
0 0.6361023544859715 0.804361430949125 0.10145601006798621 0.13887703535763124
1 0.6174037459159374 0.05157805917248727 0.22151393692972227 0.10315611834497454
1 0.23904878258197862 0.681619717762338 0.048038762917777866 0.05437596921791972
1 0.2605795968865272 0.6273797144345729 0.06261040919430556 0.07756375998329545
0 0.27792944462607583 0.6857855767474049 0.05879442496187508 0.04758452870210093