1 0.37433160968298057 0.35774300109630836 0.11352010818516849 0.09277283175849824
1 0.3600142760436193 0.4377033196079626 0.12286315727678296 0.11179565027015244
1 0.382670783919527 0.5132563911148418 0.15695111485312835 0.12856648801910034
1 0.36205565285554125 0.603563932584654 0.14913861485312835 0.12829366950744614
1 0.3492689972457483 0.7029463736916466 0.2011793469752808 0.15503970798203354
1 0.36709461284778266 0.809050040752022 0.2105543469752808 0.15536709019601885
1 0.3759278657227206 0.9107935900263826 0.20848166394474274 0.1490625264936881
1 0.39619269723605 0.9583853526402544 0.2368939642443051 0.05812999164729753
1 0.37574981484342995 0.12087048367311319 0.0722893303053814 0.06484623920022682
1 0.37495271832719107 0.14972216997078233 0.06747428454774687 0.06312004809323427
1 0.36809694044740393 0.1764483610777749 0.07254442182065049 0.06797123920022678
1 0.36002947787008877 0.21801830218476742 0.08673446757828511 0.07002481252120452
1 0.3607470839292254 0.25694439292894033 0.08775483363936135 0.08252481252120454
1 0.3605718696849203 0.3068079836731131 0.10102010818516849 0.09233632213985139