0 0.7859781645820145 0.6316551187262224 0.10691965315890392 0.09101450361804453
0 0.8164570807275181 0.7982694086403141 0.0842329624122538 0.06963747060135787
0 0.8365869578813161 0.8561671178217113 0.07743507223994976 0.06462242198083885
0 0.6500913799298109 0.5114388732487782 0.1686485548819423 0.14083744120271574
0 0.7486506717613413 0.8301202741987179 0.0965503323548191 0.06873006784239584
0 0.7101461992342182 0.7629670737237481 0.10911121384811899 0.10976450361804453
0 0.5360897470006456 0.4372378126424715 0.1952922253988536 0.15621013568479167
0 0.6277091038608933 0.7570689557904952 0.1579139739629884 0.11542800542706697
0 0.43726668343969954 0.34494849332973765 0.20282063580089602 0.1674751843053107
1 0.34682429907466894 0.2302109639310955 0.2227678756860268 0.1654147173219975
1 0.25259742048500555 0.13689473315297235 0.18538962425016142 0.12463258706427274
0 0.5029221674537452 0.7250930167354861 0.199046286088069 0.17504202283992143
1 0.3713069001276434 0.6683217955683013 0.24701706643267674 0.1868736374938141
0 0.19818391604978586 0.5657777289691008 0.26574677740906516 0.2142550090451115
0 0.13643471088067063 0.42752745646786366 0.1921469363752421 0.18244508706427265
0 0.08170661119974962 0.3022718289236723 0.11008524562859212 0.15795634215265536
1 0.9351461487555899 0.32750212799847656 0.05566153178047273 0.05105788896415202
1 0.90852276726229 0.2880235481702931 0.07568994218251532 0.0629780348257091
1 0.9672331863592891 0.47388912709396536 0.06553362728142176 0.08361808344622794
1 0.8779931357689901 0.24874968622993396 0.0643871820676459 0.0592798247398008
1 0.8440645591895383 0.2072958485998344 0.0652191618379078 0.05311171189493056
0 0.9289976227185782 0.4362972738600336 0.0643871820676459 0.0592798247398008
0 0.9075589016273206 0.40755147614402576 0.05860390172303838 0.049659163274411534
1 0.8891640100191515 0.3644975169626286 0.09790991327377299 0.09364818068726617
0 0.7987824927249555 0.16958116463320794 0.04683442195277685 0.05525406603337357
1 0.7586952311742209 0.12923612562362735 0.0842329624122538 0.06963747060135786
0 0.8375507730376572 0.31296599446139145 0.0795454624122538 0.06939180913596861
1 0.8087764161135977 0.2618096082107728 0.08863637281429604 0.0807387449116174
1 0.717228099680921 0.09053547376917655 0.07081981212508062 0.06116987336031983
1 0.7585937788449305 0.202342754976841 0.1001217629865998 0.08599945499752559
0 0.655073063560946 0.06313749208654224 0.04711851155073461 0.04439845318850331
1 0.8851563293235589 0.6193830907979183 0.11611202310146922 0.08994332654882306
0 0.9133219217932472 0.6855060577812315 0.06943994218251533 0.06265048620519006
0 0.6858259175813689 0.17157078980255008 0.08827111269942697 0.07761374491161735
1 0.6462561054562883 0.11547792006027487 0.0842329624122538 0.06963747060135786
1 0.5866477384173596 0.06279333333468642 0.09626624275686133 0.0795856806872661
0 0.8604099925973319 0.7102880517883376 0.07008929189534215 0.054919873360319824
1 0.7701502310785031 0.5365882801916116 0.13778410402042313 0.11592597241038013