1 0.7155574905006946 0.31522933222242766 0.11569904160312508 0.07828852698730664
1 0.7031652868534725 0.2519645077167955 0.10785017401194459 0.07617972376899793
1 0.6100621710652436 0.8093785339477975 0.1053797906531944 0.10408620248167458
1 0.6947157007974306 0.19053533482031773 0.10152743882958326 0.07261768119435104
1 0.5357154812857298 0.7651807836956961 0.14360714247680556 0.13795845792955602
1 0.5651178133546181 0.11829471204005548 0.17140483415618063 0.12586264951546738
0 0.5528918767092362 0.19621761624709988 0.1521093202884723 0.10111402179152655
1 0.45337445355031303 0.7126242302252858 0.2075618461240279 0.20482888367602553
0 0.5262176610941667 0.055516206592173836 0.11181032218833345 0.04525750569998319
0 0.3861304425323963 0.6049649135133238 0.1549083183886113 0.15434828243518836
1 0.31563414494534764 0.4916183255140384 0.2688993896270141 0.2262775487788332
0 0.19023214181121556 0.3650726149865921 0.18674019984750015 0.18153349530842303
0 0.8474679860353824 0.6543843033935357 0.043133057370694415 0.04357503737886681
1 0.8630910264042366 0.5548595507956456 0.05268989532659703 0.05204310124083733
1 0.8482453167730906 0.4532042156463517 0.05101829255305575 0.047246340597175515
0 0.8378176162600003 0.5078535108188886 0.046367160144236405 0.048481058666190256
1 0.8433571418112156 0.41074356403719736 0.04923758700597247 0.0377620799535137
1 0.8311461229095141 0.3217521198533961 0.054034189779513755 0.04277736188449897
1 0.8187013275066668 0.35676090438227137 0.05265352773541672 0.05048060124083724
1 0.7161134557345146 0.875292747073134 0.07689111474138902 0.08649451089576346
1 0.7602394365484727 0.5929062179921403 0.0975672906531944 0.10353989926336596
1 0.7927356267092363 0.21298912504917622 0.07947060087368066 0.06327553218308675
0 0.737272755602674 0.5109624493027068 0.09062630642076393 0.07341535668871906
1 0.6742162432535771 0.8513035900160979 0.10556162860909737 0.11189870248167458
1 0.7407042672861808 0.39030574187735373 0.1095945119678472 0.08410148441265974
0 0.7216282653863197 0.4420103535097512 0.09531380642076392 0.07374313861970413
1 0.8566423110735073 0.6129069975773369 0.059121733282500345 0.06029264381548423
1 0.8523016096104866 0.69450120500269 0.059230836056041625 0.06498014381548423
1 0.8462886521635422 0.7377595321062123 0.05745013050895835 0.05549588317182241