1 0.5899402430246159 0.3411467852482767 0.1355057055110173 0.1311056440165447
1 0.5230811937598212 0.33880358259073073 0.14381088161382535 0.13588405068427195
1 0.8282403650868169 0.45697868121423274 0.07128841617451523 0.0694954346753633
1 0.45264906324578186 0.3630319705999576 0.17546436800950643 0.18463063335454438
1 0.7750004525883277 0.5106582118873688 0.1073854235265678 0.10112724267981754
1 0.3515393625105766 0.3673296666136388 0.19807130514039298 0.23639312802354437
1 0.2337817917395176 0.40381315396245626 0.22841098859525316 0.2726397106938169
1 0.6748480222596006 0.5875121605665501 0.15408676212786468 0.15941245735199913
1 0.10948800607904166 0.45051652597868286 0.19058725587559816 0.23942722135581712
1 0.05171279761511579 0.46950343065722766 0.10342559523023158 0.2641181386855446
1 0.49876191160214656 0.7409382472549582 0.26878729153607406 0.28559424403245315
1 0.7133753840168409 0.3248848912317319 0.11322250109978604 0.11211928668045398
1 0.6464365810760198 0.3381485072406406 0.11289405036458078 0.1089942866804539
1 0.8643373724388692 0.4253468732097784 0.07252246543930987 0.06638861600890866