1 0.7030122947564958 0.6819502774470931 0.10416133601209036 0.092063131037097
1 0.7114873187459964 0.6048793120868291 0.11219201201463562 0.1110404515702104
1 0.6832799554025877 0.5298649402209323 0.1451681440165446 0.12605769780928675
1 0.6971055507240429 0.44279684923384777 0.1373556440165448 0.12583037727617316
1 0.7030277393777707 0.3476889377136498 0.1860658640197265 0.15067726458147632
1 0.6760374306969986 0.24303252995437558 0.1938783640197263 0.15090458511458976
1 0.6616016660168629 0.14342733504808275 0.19224313868554468 0.1446091210079671
1 0.6388721433402269 0.06935333755536524 0.2339942866804538 0.10833665188677948
1 0.719756541454449 0.9128282044066973 0.06633407200827221 0.06284699247815269
1 0.717866777450631 0.8846577403000746 0.06162839067472685 0.061148100158284535
1 0.7230355354471312 0.8590356146732538 0.0663704346753633 0.06597199247815269
1 0.7272594114417223 0.8193282569931221 0.08045111600890867 0.06794366943775679
1 0.724470218769859 0.780978810833188 0.08059656667727211 0.08044366943775678
1 0.72156284742995 0.7324731146732539 0.09478633601209037 0.09179034639736088