0 0.8299194229651048 0.6769645670014013 0.12798214247680556 0.13394696856846872
1 0.697101044071667 0.38047917287342276 0.19291746466513898 0.17443072745980875
0 0.7133677026003825 0.6761362752307877 0.15963218597979179 0.15258996071058561
1 0.5630702297671183 0.3343212644774206 0.2545823164887501 0.20851893713693723
0 0.5999403290252784 0.6415322969424093 0.20127547853284736 0.19823210049533807
1 0.4293478867772224 0.2678144687778656 0.26577438962701405 0.21996585938667818
1 0.26154148451677106 0.2154087144346394 0.2767118896270141 0.22047528163641913
0 0.40720731515757 0.6270460736164297 0.2490596683123613 0.2394778387085136
1 0.1169732137152085 0.18694772828837827 0.23001872758291686 0.22610454342324346
0 0.24535997216767408 0.5618492208447801 0.26875522568305577 0.28097613399378396
1 0.10084429312173648 0.4348415727878603 0.18612325721819462 0.21781685442427942
1 0.905690874809375 0.16898293900347322 0.07064111474138883 0.08445208271265772
1 0.9943916585287156 0.5868189483090982 0.011216682942568923 0.08241439371369381
0 0.8449709271460766 0.14756601137704872 0.0958229526972918 0.09342897642635144
1 0.9704268284565973 0.5472855674156859 0.05914634308680533 0.09397263192686936
1 0.7939156137914585 0.07095216150088321 0.08466724715020835 0.08354455417661044
1 0.9432824469977085 0.5071164857364856 0.11343510600458302 0.1136344685684687
1 0.7229303133546182 0.04532076882064681 0.09415134992375015 0.08866870181924559
1 0.9548576862641323 0.7121485880938504 0.09028462747173549 0.14557367328319834
1 0.887019488885174 0.47565247002071975 0.17205945079743082 0.15004715756743253
1 0.8138534393982642 0.4235313519475893 0.1677356267092363 0.16545383374611494
1 0.6534165939398264 0.03160304487324013 0.09585932028847247 0.06320608974648026
1 0.8983064002636812 0.6917676215922964 0.15977765634451374 0.1588399607105858