1 0.8987669018513558 0.543961529650537 0.12560061006889747 0.15429273392387782
0 0.23763456116104242 0.28796893641441507 0.11283029580655149 0.10523507310482608
1 0.39466561250433224 0.383715195559747 0.17800444094145823 0.16565906068105365
1 0.15609905285593495 0.3006905153572181 0.15207293909587874 0.16771087720008424
1 0.2864323477396968 0.4099747807144361 0.20213292064008437 0.21892700293344558
1 0.19971339908298663 0.4815347679167544 0.20039007869404704 0.24033688231915687
1 0.7260044922087348 0.8882669188715699 0.3734668948019724 0.2234661622568601
1 0.4901890411926029 0.15424099235030536 0.057992643289327184 0.06433628655241304
1 0.5291312801191264 0.1858543969574708 0.08728946862514952 0.0872844700333825
1 0.5763066844819301 0.22136800258845074 0.0896932994977103 0.09368951023814534
1 0.6161503351535751 0.26540388709323476 0.10763195939725242 0.1124274122857745
1 0.6633257395163789 0.3009174927242147 0.1035454667795701 0.09352237208101152
1 0.25124670293772444 0.1428648008168176 0.09396013406143 0.0910296308524341
1 0.726246305624304 0.3503264601980608 0.11274012483353282 0.11601753290006318
1 0.19173644647819646 0.15314696272868272 0.08521613221585059 0.09478688962385666
1 0.7833525325545612 0.41380397664809243 0.11274012483353282 0.11601753290006318
1 0.3172620796168367 0.249621147676375 0.15237344278703757 0.15849091740484714
0 0.13650801996843948 0.1723329550500737 0.07884597047072908 0.0818217690095679
1 0.8367027613303977 0.4722839126885982 0.09450096124283185 0.1064995906476712