0 0.7223010705064568 0.8920824761209392 0.08577183485851698 0.056977219115336195
0 0.710206545132121 0.8554857156427534 0.07664654409314106 0.04209359227732321
0 0.7034621803237174 0.6226755746505287 0.1755018415140473 0.10663461433348012
1 0.6937261507894228 0.7972602932159718 0.19156443843583942 0.11296436800950645
0 0.6775993092753755 0.709018920053985 0.16856453535763122 0.11518848749546713
0 0.6026857764133157 0.8699422660073342 0.10441799126449017 0.07440869815896534
0 0.5827181410139233 0.9264761218889763 0.09002173793672501 0.052782395218144276
0 0.4933235143510505 0.007967515630666019 0.18977202870210091 0.015935031261332038
0 0.43399174792002054 0.06374005993131447 0.17812742304479912 0.12748011986262894
0 0.3224113868549741 0.2169883421040984 0.2626284891845107 0.19469760808121386
0 0.27935232757858885 0.3895530433891966 0.24885772046570534 0.19634457977279035
0 0.17724091035712636 0.5549128332755917 0.25125339226271876 0.18886053050799562
1 0.16757781364313037 0.730278801841035 0.21321195174690005 0.19569239631792995
0 0.1451736959225536 0.8367704218768888 0.1415644384358393 0.10770915624622254
0 0.13713370923361431 0.9196626755529149 0.10798058818628213 0.07942464889417025
0 0.11794895049911429 0.04786507022116594 0.1546479009982286 0.09573014044233188
1 0.9459440422209575 0.22008807190106366 0.10358481946747702 0.08205697279136237
1 0.9405185257899277 0.29718312484188464 0.11085587895165787 0.09365137426177288
1 0.9154270049911428 0.4086906956129436 0.13287674459225512 0.09751302940820956
0 0.9072930744586196 0.4821258366051685 0.10198029742090639 0.06486947279136253
0 0.8869718862305763 0.5686756432220156 0.07341770049911425 0.05722591617451513
1 0.8674939771212358 0.12340773807557895 0.1138350133110606 0.0924173249969781
1 0.845610081321946 0.708716418404306 0.1544600133110606 0.09668718455464606
0 0.8420042508311839 0.6278371049852994 0.10373068510807429 0.08361947279136253
1 0.8379016324872192 0.1951536715304392 0.12935616971703395 0.1095203533054017
0 0.8213408286185786 0.2797304147282798 0.11193875998329546 0.07210482499697815
1 0.7919709170126568 0.5313257145429675 0.18502270715464456 0.10918246653909591
0 0.7945088198830688 0.34724164744793484 0.11764731946747684 0.08353500109978604
0 0.782948258318908 0.44312657722676885 0.13527241638926882 0.09002898014341483