1 0.7764268341408876 0.33691829794565403 0.0905371547112475 0.13849405347041016
0 0.8399158977507565 0.4057336359449394 0.0670232450563212 0.113526904459146
0 0.05780252027891728 0.29608803218308677 0.039794473516896425 0.03543475544788164
1 0.9175656503486467 0.42922004844985706 0.11303486758448215 0.1711644418380128
0 0.09767912126765299 0.3208584392401227 0.057386165102807675 0.06465236188449897
0 0.13897075678526397 0.35907398726265133 0.07690098960843983 0.07690098960843983
0 0.17893483908456626 0.40504740496334896 0.06796303218308672 0.08249542574646936
0 0.24258779365992772 0.47151899296263444 0.08566398441265974 0.11327553218308672
0 0.3233953972465534 0.5172081873985374 0.09352004307885001 0.158915814114072
1 0.4200465221205027 0.5608649882710575 0.1714479371464357 0.2949732824351884
0 0.04894741828177539 0.5686732263668881 0.09194683540139544 0.09194683540139544
0 0.5572573089951665 0.6756590978097681 0.13495342625067258 0.21778806956195354
0 0.0733850535472848 0.6795068195619536 0.1371607824351883 0.16041261213660044
0 0.6677252794099697 0.7799473960843981 0.13481131461827509 0.23799130891829173
0 0.7871201355944855 0.846391486933675 0.1528400487788332 0.2734589153549094
0 0.15434584042194857 0.7903675459288417 0.14836036238870207 0.20939641535490913
0 0.2649230714804136 0.882896758423924 0.14996642105489236 0.2342064831521519
0 0.43377697828534806 0.9174217188253195 0.14490758045771682 0.16515656234936102
0 0.5826461670212677 0.9501192403647444 0.13639595792955622 0.0997615192705112
0 0.7485389647916947 0.986198488018956 0.10255655347041034 0.027603023962088004
1 0.3936028985070612 0.15313461574289677 0.09071211733238069 0.09652507475773371
0 0.3336980207831204 0.1677873416055817 0.047137079953513794 0.05149679802252858
1 0.4958320340246722 0.19561132886823301 0.07414733020561534 0.12646394703379285
1 0.5648716111281944 0.20750467751118024 0.07949039406758587 0.1361667289647781
0 0.6368997944162323 0.2777021990506052 0.06858574505632156 0.11363616510280768
0 0.696668278324689 0.3211351247970746 0.06938342055068922 0.1028079257464694
1 0.027865778954942837 0.226332907057036 0.055731557909885675 0.10058986188449896
0 0.009829196025386688 0.49789655062041865 0.019658392050773375 0.08329310124083733