1 0.37490315301092336 0.9094769177218971 0.17104167549789598 0.07053512351524951
1 0.31294888938556126 0.1530019456977156 0.20084328130301127 0.20876254922121248
1 0.42991060074133786 0.8571164473470683 0.18425100362819702 0.0912113363682309
0 0.5203471169834066 0.7979664193712497 0.21377481252120453 0.08738765439406197
0 0.6033257972906261 0.7284328208623178 0.27180556733052796 0.09531982633910126
1 0.7241690653467934 0.6271551288590189 0.3368154976377472 0.1690133906040085
0 0.7655629355798789 0.47195080331134054 0.30967264427970276 0.19632003668480014
1 0.7950842883897693 0.29841401491068076 0.24642859981466553 0.21789350831327017
1 0.12814969329960926 0.8092339106622681 0.08781251324684392 0.10089256175762458
1 0.14473204729062603 0.7150891055685609 0.0814533858421822 0.09758570533113406
0 0.18135408276998852 0.6293478338609486 0.08548612141421197 0.07897209765100222
0 0.20599447342149416 0.5283990993003547 0.12763890507947587 0.12390416442319178
1 0.2781273567317876 0.9262121251646022 0.07858135698624169 0.06004024122451135
1 0.22952872105924146 0.3695469365265156 0.1774603450053421 0.20964308762187223