0 0.40358114732278205 0.1500811200382832 0.10319891233702042 0.1056209537332499
0 0.4016680454563429 0.2150161850670005 0.12485572402541774 0.0956777745373345
1 0.38561062297305276 0.2862824206126293 0.1644636948044244 0.1314935259731998
1 0.3540394744357501 0.531665946617735 0.14560460064862307 0.12305196528398436
0 0.3562684017903041 0.6273031214741486 0.11079322402541765 0.09403410402042293
0 0.3609501733006596 0.71641635124441 0.12800799756436804 0.09760553465220365
0 0.5916402548712639 0.09613426314612956 0.18178756249917621 0.14131495660498056
0 0.5917708940763712 0.17798288308869495 0.18173301542127546 0.13818995660498054
1 0.5772623348236058 0.2498477385768892 0.23246940097293473 0.18622161844288815
0 0.6024378384770538 0.37087046257178347 0.22287621266133187 0.1726258380982805
1 0.602254831984232 0.47068783251434876 0.28444100405718975 0.21568591033823042
1 0.5819541944039779 0.606381828174847 0.2559614480508355 0.1920860693044073
0 0.6079109480574258 0.7273132371410238 0.2560705422066366 0.1983360693044073
1 0.5878830458666753 0.8473822328015219 0.2888012215897856 0.19748380051053438
1 0.23078280113838573 0.2677353613273733 0.06997730925276532 0.07834822252712303
1 0.19350316924017455 0.43815947259093485 0.0871648092527653 0.08035715315890375
1 0.21519298295716674 0.3568790318442849 0.068305715096964 0.07191559246968833
1 0.19627756737373542 0.5025466474473483 0.07450116801906326 0.0695211126994268
1 0.18881389489044528 0.5728084176770867 0.07606366801906325 0.06970374275686134
0 0.19471329302400617 0.6368303324186311 0.05246252678536125 0.05758929189534214