1 0.263484611248705 0.07140913479143662 0.2177012303552929 0.091842748301957
0 0.2756614336222805 0.13216616208933257 0.11533820967712849 0.06814682757475113
0 0.46754310421488243 0.7566922000276867 0.12591614474715093 0.12802247532299765
0 0.5610063138920109 0.8234372139073471 0.14136136228216234 0.15861114126984158
0 0.6883179846940098 0.8978037631044682 0.1385274607105858 0.16466088217054278
0 0.6522303957806084 0.256778244905871 0.19968328453190337 0.17325343460686649
0 0.8077251102107386 0.9437730929955712 0.12137419396136276 0.11245381400885748
0 0.7515133041766104 0.13072448950720014 0.22820639081820956 0.15015589605020357
0 0.8031442706781643 0.0686040237449264 0.20628854135632874 0.047491971004061065
1 0.18464705934389697 0.569538149289406 0.0927397717116217 0.11810725478036196
1 0.14674668320799575 0.27423614126984164 0.09880568114108117 0.08110790252860856
1 0.2551821912707664 0.6457187199243268 0.10553087014004517 0.12515829117755645
0 0.16734597353086733 0.21480058451458142 0.06392125889134012 0.06796755243632353
0 0.20073636228216235 0.16241606415651583 0.06907963978475229 0.04493057063492083
0 0.23489950061917253 0.2604122755998529 0.0744948858558109 0.0608559592838688
0 0.2045484129441161 0.11047283235511311 0.08812073821317572 0.05238212523071266
1 0.3709035446615886 0.7388154827242533 0.13965331306795062 0.1553860117201923
0 0.2609482702638797 0.18418973704319003 0.10483735731976358 0.07682092072720588