0 0.37748279435600746 0.6143834100493158 0.09280705547083343 0.09480451734563573
1 0.4089159387326742 0.6897288553866794 0.135358231382639 0.11092041335136286
1 0.37309723356684044 0.2581788633831795 0.13590374525034737 0.13435791335136285
0 0.4881494970532992 0.7047095127307242 0.10668771751493064 0.0871556493475449
1 0.5242337738387853 0.7785470020687241 0.1829242156150695 0.14115335335772627
1 0.6632612126683688 0.8457719594207231 0.1859764804327085 0.138064716024817
1 0.5032535929898959 0.07849245806808777 0.16275718597979177 0.14716699602163538
1 0.5701729085287155 0.30264812074313285 0.23815853590354194 0.23239651869827133
0 0.7444761514979522 0.912324207431541 0.14157186379145834 0.10943063868554433
1 0.7828671574818757 0.9510418094366315 0.18277743882958325 0.06773403469127146
0 0.6186058360560417 0.0681191267504507 0.13721167211208343 0.12343859468490825
0 0.7192468413743752 0.3317190974299501 0.21722778685347244 0.20559766136218052
0 0.8712106912981253 0.41783950545031273 0.18583231648875015 0.19898403469127152
0 0.28164165786312545 0.5234487800365892 0.05574216014423614 0.045948846674090583
1 0.3124383693941324 0.5714504753739527 0.11388327488562507 0.12785337468172653
0 0.45482001225218766 0.2794367927275426 0.0928434230620141 0.09636701734563582
0 0.9400295072181948 0.5421315281269488 0.11994098556361052 0.2265090506842718