0 0.7084440751095351 0.3077438624803578 0.09207094606059663 0.11043066985054147
1 0.22561010955241398 0.3794503716855327 0.13714664772027055 0.11206820551101745
0 0.7832431655664098 0.3334312047576809 0.09735044191141178 0.11873584595334936
1 0.257026975529098 0.4463047029347772 0.15741252614450915 0.15449968455464624
1 0.8984663464801594 0.38119293122506953 0.14559961037760658 0.18270915624622264
1 0.2986108242843425 0.4530004251762466 0.16153134108157471 0.12703158602505676
1 0.3650296522936627 0.5010578025641527 0.18991829544054104 0.21526824117149346
0 0.9657694778041831 0.45087661155379655 0.06846104439163377 0.16651644448293884
0 0.46344476412116176 0.5827042119365086 0.1550930095477696 0.18525700845183835
1 0.5681341093519213 0.6960111847278709 0.3008576406713006 0.32923211543326636
0 0.8326953620512137 0.8121708703823032 0.24332856058738805 0.28598422756717456
1 0.9393640336176862 0.8569651977822967 0.12127193276462762 0.2860696044354064
1 0.2200901248997537 0.163412449258751 0.07502515601864027 0.09003841617451527
1 0.44248626577154687 0.20383783877452166 0.12488344606059658 0.11387940257019649
1 0.5496718037389108 0.23757930108769848 0.12341603444287905 0.13542595183499123
1 0.16014920768295862 0.28266692040043445 0.08236405933798814 0.08460954301252839
0 0.6430908396316821 0.2737489850924517 0.09675844606059662 0.11092334595334927