0 0.44593613876508637 0.6918482323543532 0.0520715773392725 0.04765717261537965
0 0.4612798754375861 0.7336921902378046 0.07263861600890867 0.07107136182749904
0 0.47374296542804106 0.6623732972914189 0.06309998400699968 0.05629846680652086
0 0.46204184941913234 0.5975770914825601 0.07421929734245403 0.07275226099766208
0 0.4706714147437692 0.532804196461582 0.09004429201145392 0.09112375269929238
0 0.47600325739972416 0.45342434978092977 0.12004087468172671 0.11993583693238978
0 0.47962714938731565 0.36166290227044073 0.11219201201463562 0.11621884108157472
1 0.46208456604072534 0.2652498435571525 0.19233404535327173 0.1613196987598889
0 0.49444198535963507 0.15645426139864743 0.14849313868554467 0.15019202199532425
0 0.4948863333465903 0.06130649013988042 0.12165791868236298 0.12261298027976084
0 0.4965664646721816 0.024345114102584203 0.1337579293443632 0.048690228205168405
1 0.4249156614417223 0.7669433207366356 0.09965564934754471 0.11214664772027057