0 0.2976362910676415 0.4442451273426803 0.15480774440092268 0.10896112602253201
0 0.4025535470909262 0.17069631558505546 0.08440015601864026 0.08508570533113406
0 0.3315717379534307 0.5313443105704906 0.18977474025173774 0.11777383636823106
1 0.28553349707699305 0.7376996106496329 0.24552783278320495 0.13342758010002492
0 0.4868208806993238 0.23138611150756266 0.12583063942190087 0.1174723079967011
1 0.39955029811661147 0.6423978193459792 0.29320831618646537 0.16599603919208264
0 0.6088842122331288 0.28707851887112545 0.14287642946385706 0.1366769490629279
1 0.7634882792447868 0.314540626155546 0.21413796805592078 0.25412051332783514
1 0.09856386410258419 0.21150213816323293 0.06340057178554281 0.05485263605166191
0 0.08266525434967756 0.28757890485628035 0.036624584233097446 0.03068771034569897
0 0.07879397053149857 0.31809311896290304 0.048035680913749566 0.03725595909205772
1 0.09821755413989611 0.3806696753102515 0.1194855510396184 0.09546091567683304
0 0.11109698505364567 0.344436658617204 0.05620337842423863 0.04217077962517113
0 0.15161708650818256 0.2520529303248164 0.05355197510489074 0.048329851411925785
1 0.19866079771562611 0.08386521997911743 0.06493976099766212 0.07516513605166189
0 0.13556234355715246 0.45363816237812776 0.08345296265733607 0.07258570533113406
0 0.18212080269000358 0.28156693408574013 0.07504846680652096 0.06454588479802066
1 0.24818720103497402 0.08866036856719164 0.06565015601864026 0.08454013605166186
0 0.21047002302100953 0.3189389019532865 0.08141686597668399 0.06629024122451135
1 0.2855212576736698 0.10004649795493595 0.07994945435896632 0.088074313011266
0 0.1748840300699794 0.5210924353393813 0.11396925684847728 0.08438702335696498
0 0.24244115082054823 0.37023697750096485 0.11396925684847722 0.08438702335696498
1 0.20046252529609462 0.6053166711536164 0.1657452444009226 0.10927937476889085
0 0.333058185888127 0.1516711824363875 0.0732258576783142 0.08164245658477531