0 0.6783693217202476 0.3714060544283319 0.13531302586424748 0.10460307960891138
0 0.6751834518994148 0.6393494698078893 0.06927884890464338 0.0813175873315668
0 0.6184882048689155 0.3084373214345639 0.16660848997087002 0.11055748069336105
1 0.5909529235943918 0.11698040219367875 0.2168358105039836 0.12539702242848066
0 0.5788025453937818 0.6160260181154611 0.10281877461060632 0.11092908347023922
1 0.5191581431112908 0.2376772147963581 0.2597507362099464 0.1563260888924878
0 0.44845581584775285 0.6115961576159273 0.11742684389007838 0.13165543895824144
1 0.2987058684341776 0.6412710328212862 0.16730247492717537 0.24136829058491607
1 0.9393703208623178 0.49867371553584416 0.05288095909205772 0.0525591367893421
0 0.9279267040109858 0.42889753586117896 0.031931961599340045 0.027829401084449756
0 0.9208583500917775 0.4016509160780689 0.04153428213245362 0.03695947140978464
1 0.8818580345732292 0.3553586973794087 0.09910274122451135 0.09017739336179416
0 0.8828809769722394 0.3905149473794086 0.04778428213245363 0.037837851626674635
0 0.8769468772096662 0.4831289701776324 0.04493206677218993 0.04677366151822966
1 0.8909819481384911 0.6419676498522975 0.051909492478152686 0.0726520417351196
0 0.8231900767348126 0.30712391685852947 0.07047763605166182 0.06903718238578946
0 0.8396370938235714 0.4679769539518608 0.06082985141192587 0.058344612060454534
1 0.8450700545649819 0.6546957039518608 0.04901181301126591 0.08002535162667464
0 0.8005829540109858 0.44679453278031167 0.06873327962517103 0.0625675873315668
1 0.8067206084050478 0.6577320327803117 0.06463681301126592 0.08222130216889952
0 0.764658511216264 0.2635766363376502 0.09882995658477522 0.08080239336179415
0 0.75415658339873 0.4148815393527638 0.0988299565847754 0.0808023933617942
1 0.7133938764182435 0.20018138054565854 0.1429891335443795 0.10101355488002381
0 0.7455414160060375 0.6310301923678774 0.058250420691398117 0.07665542195200956