0 0.4537717026433059 0.7595911627588915 0.12384422249741008 0.11629139988706036
0 0.36767572911243857 0.5504444049369709 0.11646837014004516 0.12521137357870132
1 0.4135918507002258 0.6162282996329467 0.18278688296032666 0.17738008930724708
1 0.5071728384991168 0.8187988337632266 0.13165672249741006 0.11674642619541978
0 0.5753620663732103 0.8609478073842801 0.1380522717116218 0.12023544724210708
0 0.4983136071103666 0.6453158311323907 0.15349748924663303 0.15074199459715382
1 0.651019191889939 0.9128813046828572 0.16490587014004526 0.12803253669052878
1 0.582710031841307 0.7008748573701628 0.19216188296032682 0.17792612087727822
1 0.3736644400324213 0.16044873649288452 0.15964048138875012 0.18226501038216938
1 0.6835683645539647 0.7753126862246533 0.24274407981717355 0.19333828925077742
0 0.7619759625681033 0.9364846756307225 0.10996150496239868 0.08587585779368574
0 0.8078063852321291 0.7996896018967293 0.2295891083532208 0.17854774715740263
1 0.5442145345319034 0.19219780738428016 0.25237594499482013 0.23285581555913662
0 0.8899851648038883 0.8626894018120247 0.2200296703922234 0.1837812787274337
0 0.6958669257643976 0.18622707039728542 0.22068929735218495 0.22166071032569964
1 0.8198181561196906 0.27135947554601786 0.1977954528527029 0.19851163666229377
0 0.30280205396721344 0.6463946707925736 0.08361732878371626 0.0890162683452644
0 0.3453555810555187 0.6901670575960417 0.09691784946188076 0.10693181043863902
1 0.2916932719165095 0.5249824023767221 0.1379452638537389 0.15139444198043533
0 0.3874724605011888 0.7245644443995097 0.10549232878371635 0.09029034200867017
0 0.27214059718556916 0.4732000944983318 0.08132708271265772 0.07330026308359247