1 0.1298512883930452 0.28768702849413097 0.07507035453816643 0.11429487336031982
1 0.1917069316692517 0.30957531659920046 0.09459555556198099 0.12309001922187682
1 0.24872608371688076 0.32229332259209426 0.11754373904295043 0.15071705223856355
1 0.3333930171978502 0.34455674694778227 0.1407899049810748 0.19701219810012063
1 0.432212068733572 0.3511575497521727 0.14892458334297148 0.18500352103089918
0 0.5393257712241094 0.44135210255656326 0.15249050805251835 0.22094102103089916
1 0.8183810124526868 0.43615118894346744 0.15746389255730228 0.2553979081860289
0 0.6920329258312747 0.46868812924167197 0.15185824928109568 0.2302341338757694
1 0.934808200851317 0.4626583779984766 0.13038359829736593 0.23607469810012063
1 0.9846828472334668 0.49322562528494307 0.030634305533066453 0.2600168091359686
1 0.21983128111725989 0.9175040032793603 0.16816389986200203 0.15958744120271576
1 0.38472835531489946 0.941059932723431 0.16961975146672287 0.09593437697836435