1 0.7299787142252423 0.2663887924813026 0.11901117328319835 0.11023315027015243
1 0.7369243810982999 0.3483109150766409 0.13939644789030403 0.11250497840045366
1 0.7216675622393811 0.42396567950461117 0.14681084160399785 0.13772323320977709
1 0.7010511552911209 0.5021551668907394 0.16454199710451575 0.11650299763774719
1 0.6857943364322022 0.5778099313187097 0.16105312406898661 0.10858137023308564
1 0.6590970574818702 0.7438540827699885 0.20189644789030403 0.11468752649368774
0 0.632166376340789 0.6696725383049513 0.20934507485477488 0.10714784500534211
1 0.6193860481762452 0.8321006164352525 0.19401117328319833 0.11285220798203355
1 0.2839983184446341 0.06615326229738563 0.22457196856846853 0.13230652459477127
1 0.14208695430044493 0.12728420789721556 0.2811173751024439 0.2079315842055689
0 0.10712125702931333 0.2670113960089832 0.19648550992479744 0.16597720798203355
1 0.7671746914801634 0.05693938141137693 0.1169392510334573 0.09924108656782163
0 0.7351455955329393 0.09170625101149033 0.0774015620344933 0.054181557711881066
1 0.7381828583532208 0.14011646916032489 0.07209763192686935 0.07427580290255768
1 0.7304110537623256 0.2084671650766409 0.10502144789030421 0.11130457694917481