1 0.3647422471920812 0.32008436296977977 0.0676948121250807 0.06207366510280767
1 0.36660912581365046 0.3571473203951328 0.07522322252712303 0.07344820767745457
1 0.37101252900446013 0.40565587621133153 0.10434254333120752 0.09718063861970413
1 0.5800933237396271 0.12835641283389373 0.10874595373324994 0.1083366599070276
1 0.554504841097635 0.20143327991417284 0.09486608379068447 0.10891581411407199
1 0.5866476951499637 0.22475616543178378 0.08118913292916527 0.08471348960843983
1 0.643232514518183 0.23784639129446875 0.14253248551372302 0.1587408514929388
0 0.6831675723356676 0.2939435719846167 0.1419034248245076 0.1401001121366005
1 0.7256391547223927 0.3614863510656103 0.22394482654754597 0.19232888367602552
1 0.7702211200701891 0.4838969466064643 0.28043833809828056 0.23812198491686284
0 0.8080457805041373 0.6044554650437963 0.22558849706445763 0.2063913836760257
0 0.7927150001914356 0.7488774544001344 0.1483969363752422 0.18239687278026223
0 0.7674105999361684 0.8924471379402739 0.06546267338864223 0.09601162252816095