1 0.46510028276940985 0.0576602529993544 0.12710932028847227 0.10523540459476907
1 0.24412869975059093 0.7618912067006983 0.13917421561506957 0.15495131499681136
0 0.32576055945798676 0.7688006937140985 0.08008884992375007 0.09350650287173075
0 0.417439566391841 0.7698355853541735 0.1105400693385418 0.12978897396298822
1 0.5348757606366672 0.4639102457881218 0.23256184612402783 0.21728898838545357
0 0.5323560515742021 0.7595372761327295 0.14873105357097244 0.16385959534141908
1 0.678025042171806 0.38764196547542007 0.2930642414506252 0.2726664305679689
1 0.8165225380877434 0.27979901030630483 0.3115233007211806 0.2623579912571842
0 0.6819196404800354 0.7232547906190065 0.17594817021222245 0.1950893063178075
1 0.8809428351061112 0.1753955926930299 0.23811432978777775 0.23455765890236507
0 0.8214347757386464 0.6254767704211741 0.2073072729857639 0.20342940746649987
1 0.1872155913743753 0.3024350433950195 0.09255248233256949 0.09340504333120761
1 0.22682229882131968 0.2539366619017195 0.08928201196784728 0.08678978321633837
1 0.2649756090418057 0.21030841046585413 0.09727634992375007 0.09551543350351144
1 0.397604964665139 0.1196022255264774 0.11450021751493064 0.09908686413529218