0 0.917952270201182 0.2975866848620887 0.11043445712440061 0.11766370435383652
0 0.8431525293004807 0.30333074257396986 0.09504928901808825 0.14518850362819702
1 0.7610514281284615 0.2928868050951744 0.13359015730897053 0.18706846878180677
1 0.480262503082319 0.2854662078123975 0.12750084361388012 0.16502977767481414
0 0.36997584515503956 0.2994964806778883 0.09697273442229637 0.12654763103285874
0 0.26765188155223407 0.31559768503172475 0.0998369185677376 0.14691469473518967
0 0.9539620165005542 0.5085861830479902 0.09207596699889145 0.20576390507947587
0 0.8851454719269117 0.5187548459320144 0.13967947100406092 0.2091071598887993
1 0.8031945650793665 0.510654658453219 0.19015913479143656 0.26699407095872496
0 0.6635603685954241 0.5554637053653269 0.17549585749354063 0.25712799763774735
1 0.5491672015688461 0.5665053874866447 0.2189640576781109 0.3272420901960187
1 0.3936786651716515 0.5594071940173995 0.19518659623477372 0.2967906983633867
0 0.2539944039128846 0.6034349909295074 0.20113620758582576 0.29232145317271013
1 0.12121218229051464 0.5963268737764646 0.18655207587670813 0.3323462524470706
1 0.7830802151439649 0.11124493549506094 0.0813687183831675 0.07767362141421193
1 0.5873776889258032 0.08754208458408705 0.08267040252860873 0.09798612141421192
1 0.6791541787467704 0.10234613984889743 0.07501858883351815 0.0758928666048885
1 0.5128783366740498 0.09797364229596814 0.07093186613141392 0.08510417549789592
1 0.4314280775747511 0.09768595481717265 0.07259449568106331 0.08672123920022681
0 0.35884167874677037 0.11353169882672287 0.05829216378737554 0.05815972958157993