0 0.2166429257261396 0.32825895317271014 0.07375651470410478 0.06484623920022674
0 0.09233970403456318 0.3379290751350762 0.04818408492527073 0.04371528366526398
0 0.51261232719655 0.34482149291324193 0.09892074007170741 0.06728175843752045
0 0.732350038409941 0.3470462249418926 0.0818177117632839 0.05267362141421188
0 0.16951686965918547 0.3538566646981227 0.05640478933650215 0.06268353847458741
0 0.05610891212182081 0.3709127007256394 0.03995866249848907 0.05432540145127884
0 0.1099306904302444 0.38680308475372305 0.059037113233694295 0.05810516587924912
0 0.46943003895983393 0.39313001814098536 0.10607162058574673 0.0908829495445131
0 0.7161830494380196 0.393184614960426 0.08263883860129688 0.06048612141421197
0 0.07620551487732952 0.43622024219545175 0.06865609227732312 0.07556548439090345
0 0.6917507612013033 0.4421479046161398 0.09973714889417025 0.10467263103285877
0 0.42698440586955433 0.46325897966639795 0.11059489521814396 0.08948414065150559
0 0.6310102863835937 0.4937351972670784 0.13509750109978605 0.11524803248413758
0 0.35316442424968536 0.538519385294028 0.12095052940820956 0.128764895460829
0 0.5866689845425588 0.5902629676854984 0.1554897547758122 0.13152779691210803
0 0.26947676652700847 0.608764908707673 0.16074968455464625 0.15194942431676955
0 0.5259589505317617 0.7087922236759482 0.15745574117149347 0.17985616950744615
0 0.4291917860069255 0.8027108600662846 0.1936325021995719 0.22782244355406328
1 0.2993242264673886 0.12253972122887746 0.06166943713088644 0.05352679328391082
1 0.21215267720259384 0.12260915389834955 0.038396162498489074 0.05427083774894799
1 0.1711147547758122 0.13207343393541643 0.047362958087257656 0.03590278366526398
1 0.25590031819481873 0.13892612386128267 0.06495866249848907 0.055198420688572544
1 0.18319475532570517 0.18776043874473985 0.049910810292873364 0.04533234736759484
0 0.2905122202151222 0.20162702050323805 0.057230634190065466 0.040917665879249124
0 0.3531318507291615 0.227165223042976 0.05821598639568126 0.05029266587924912
0 0.25300750219957197 0.2298958642426358 0.030583662498489074 0.05399801923729371
0 0.6400547029347772 0.2465253805695226 0.045715986395681085 0.04985615626060227
0 0.20719760808121385 0.25320438947037927 0.038893556616847194 0.0293799651536097
0 0.3096234707650152 0.2575595619730503 0.05426514154211785 0.0719494110699257
0 0.16661012591145186 0.27436013765628076 0.051473310292873366 0.04538691106992569
1 0.7483152841840217 0.2767709304768554 0.1346845786730043 0.1261309687818067
0 0.2690359885952532 0.2787153101589518 0.06421728933650214 0.06295635698624161
0 0.6109771505438493 0.2883210109694092 0.06668066985054147 0.08639385698624161
0 0.12803558399870948 0.30726191769334765 0.057230634190065466 0.040917665879249124
0 0.5608082071606963 0.3145908450901601 0.0903668669097204 0.07476687622353531
0 0.27576405806308263 0.8854389921954517 0.2680553544051877 0.2291220156090965
0 0.16839042957539055 0.7134300721398514 0.20407260808121386 0.2530952620657175