1 0.6333315626424716 0.4244117630059735 0.09701884215265544 0.1002528611687961
1 0.6042294815710927 0.6532592244103252 0.09924308344622812 0.08333876324231468
1 0.6345686725466657 0.07435297441032532 0.08698210085908258 0.11648345391148132
1 0.5657069713943275 0.497985255513103 0.1188119549975255 0.10060417568342572
1 0.5372190439864216 0.7151139669174548 0.10015048620519007 0.07097546427907382
1 0.5625265762101389 0.06899082261963072 0.06897572930778502 0.0993547425071295
0 0.5236489461795567 0.5288832324688436 0.07728619629109837 0.07986244872768503
1 0.5072615490748043 0.7970570340239826 0.11248671189493056 0.06894407257314797
1 0.5161085996158873 0.09404890268564915 0.08097776232447203 0.12062414976444431
1 0.46679475859488556 0.589849418237038 0.16230300542706683 0.15884590263916643
1 0.4153363206715303 0.8743118926008805 0.1278660504295413 0.06562358294074074
0 0.40747731230378725 0.6681398050419916 0.12317855042954129 0.0652134798304628
1 0.4301710996158872 0.10156745970740824 0.13105300542706697 0.15611188190398123
1 0.36604897162147 0.9392820731852787 0.14628850180902236 0.061013995381851774
1 0.3558495352799943 0.7480904366631489 0.19487648801421242 0.12747832544787005
0 0.3158762262555673 0.17533573331731542 0.15259381275401313 0.18132649538185158
1 0.24468298394594185 0.8363607076811579 0.20466756784239584 0.10656023270518489
1 0.17722881106059185 0.9363599991515283 0.19340251922187685 0.09935332544786987
0 0.19227827397157524 0.20403551470291706 0.1538287641334942 0.17521319641861083
1 0.11647601255161451 0.30009916187546326 0.19190197421940244 0.189431521300833
1 0.766096475012372 0.3840226259181959 0.07637879353213642 0.0922257476909258
1 0.7331711103584795 0.4335632961350015 0.06528416327441171 0.058593041470370366
1 0.7121282700148464 0.4789537085761125 0.06717421189493056 0.0649797425071295
1 0.6978687754419133 0.33555502309074214 0.09109639077317447 0.10595605702175907
1 0.6816694860936484 0.5259455772377791 0.0787668091359686 0.07843664976444416
0 0.6578678951841885 0.3717166984913439 0.056816566033373664 0.04540953628657398
1 0.6358346856641071 0.5843923557486587 0.08986808344622813 0.08251855702175917