0 0.3997323626540966 0.7289426909198771 0.0654808360560418 0.06804779258539462
0 0.3990608686380203 0.6904880191495015 0.11137521751493065 0.09807702392628351
1 0.384072954694062 0.6277295905605589 0.11181162860909728 0.1168270239262835
1 0.40740265834128425 0.5676574953458158 0.115045731382639 0.1218613674670344
1 0.5230951678405896 0.846809393435103 0.10025718597979179 0.15606464976327955
1 0.4058232809664579 0.5009044018050648 0.10705139342673622 0.11318175861515697
1 0.41390984432107614 0.42269183888656664 0.13721167211208343 0.13678927225229104
1 0.5666457992994784 0.8265784921204287 0.11399237765916688 0.14356294569665887
1 0.4386390470183678 0.33614395455701107 0.16075827488562505 0.14407809880792327
1 0.6262396580569438 0.7901130585095089 0.14720492116215295 0.16439230287454407
1 0.638432493163055 0.7037403000169495 0.15403680262104197 0.19008598995604586
1 0.7213554023573605 0.6408832320764744 0.19462674145062522 0.2600465342154328