0 0.6983091932111911 0.22527719301239996 0.0644079336450254 0.06535549126449017
0 0.7048682654198981 0.1715687304500107 0.06593407220870695 0.05925135690508752
0 0.6737904613615637 0.27910061044165846 0.07695338544042354 0.07433491638926873
0 0.6523876391528567 0.3341947965897223 0.07540906615858275 0.07731405074867137
1 0.5464633294371816 0.6907698616894441 0.14748405405833437 0.11839887021614821
0 0.6286092506873711 0.3949765311986821 0.10208974082661797 0.10010626663882585
0 0.600102455606027 0.46322711272943395 0.08641019867214013 0.08927261023285275
0 0.5747161153451433 0.5319672129789911 0.09741133118569749 0.10123116971703397
0 0.54775818472518 0.6024156788691455 0.09580337939029934 0.0932728040764367
1 0.573241015518094 0.2486651942601857 0.17262040944452864 0.14417022046570535
0 0.6047415212736306 0.06847706426853792 0.08473861436318479 0.07037674459225536
0 0.5896296056807818 0.11595653785421248 0.08318520472226432 0.07179337895165805
0 0.5580614431129952 0.1735613506661589 0.09731133723582168 0.08404366971703396
0 0.5009433138208917 0.32803126372766245 0.12720791549465282 0.12275261688838306
0 0.363355392767094 0.7586173916393307 0.10526019262201594 0.10821049792002047
0 0.45200584407151273 0.41849059858617943 0.1476294998036082 0.14339887021614822
0 0.42256780806535515 0.51259536293723 0.13662836729005096 0.131440310731967
0 0.3590587782075175 0.6918674885611227 0.12717155405833439 0.11650261688838306
0 0.3814201124182771 0.6062316195927602 0.1335124576491305 0.13271107945077248
1 0.8396098623200814 0.49864923689774504 0.029832945745273776 0.027771447171349096
1 0.8451922418085764 0.47860745715565445 0.034547716822512696 0.032896544093141064
0 0.8262013472929667 0.5217640948428223 0.026717036104353296 0.029042215890154564
0 0.8453785941697085 0.44657620715565444 0.02043067466803521 0.022208753327765153
0 0.8501888140172834 0.42504486023386245 0.023592036104353297 0.028750484608959858
0 0.855030850121637 0.3980447633120705 0.021993174668035208 0.022354618968362595
0 0.8598501603282914 0.37495091639027855 0.022011355386194253 0.025479618968362504
0 0.8006519014494969 0.48432712791267807 0.04556703005422937 0.047980103577322276
0 0.8078604134515495 0.4532019825299901 0.034565897540672096 0.03602154409314107
0 0.7871842990883647 0.5175982358577553 0.04555793969514976 0.046417603577322455
1 0.8350046964326449 0.35072226663983563 0.059693162567786826 0.06023039434269819
0 0.8199518681738137 0.3880454902255102 0.034565897540672096 0.03602154409314107
0 0.8088325609922213 0.4203165497096915 0.03928975897699054 0.04270914101493304
0 0.7658410850945223 0.4282341048261179 0.04873748184962743 0.05608433485851698
0 0.7403774767814618 0.510255455075675 0.06906816256778665 0.06110558818628213
0 0.7739081151487517 0.3837547766231312 0.04243293969514959 0.046125872296127746
0 0.7260740822658519 0.552974495841051 0.06756020472226432 0.07033472254568487
0 0.7850728741257421 0.34367121713895 0.048692030054229285 0.04827183485851698
0 0.7484308712970718 0.4681198768726883 0.051844301131468026 0.05325106613971151
0 0.7931126331027325 0.30387938893596333 0.04395907825883114 0.04002173793672501