1 0.05223378788858836 0.49204575234578857 0.10446757577717672 0.17719592055068922
1 0.7850613393023153 0.18580900787054472 0.2509349492933328 0.2411705752619368
1 0.10922484335481586 0.5265739356338266 0.1382791244111108 0.19602233020561535
0 0.18255574514551043 0.593657892807078 0.14202884099925886 0.22113159084927717
0 0.2654373041935198 0.6492034164401901 0.16712587728583284 0.27723947921687964
1 0.385633644061483 0.7308690436599277 0.25323832601351787 0.356249272043628
0 0.546571144061483 0.7196151973627691 0.2702112125356475 0.33724789976756886
1 0.722225254947455 0.6910263855944855 0.2735125783225921 0.2862317029858776
1 0.10534444500449118 0.22479826818523035 0.1196863663525924 0.10775750569998319
1 0.20140880070666708 0.2095396189218645 0.11445206220555537 0.10117972376899795
0 0.2915847413758338 0.21721037126765302 0.09726456220555538 0.09997785668871888
0 0.3957643934493523 0.20681953846414763 0.15136559330833305 0.1503491972858944
1 0.026906378180787387 0.40504277908099356 0.05381275636157477 0.08772922896477806
1 0.5567114553720838 0.17770620281065064 0.24433363477870335 0.21896779333095157