1 0.8596435257267989 0.15574867593416944 0.11389824505632155 0.12116768038553243
0 0.6990995096352556 0.21232677474209263 0.11705609604505725 0.09981294569665893
1 0.9228812170606087 0.19369075069321165 0.08566398441265974 0.11648358851877383
1 0.07080204194439307 0.4405502175811572 0.14160408388878615 0.20866427225229103
0 0.9531917939120292 0.27017079997457566 0.036898702481674664 0.10642001363713413
1 0.14052826692472262 0.4735455117179465 0.15042560694082044 0.17793453756341754
1 0.20718053536205447 0.51808528205105 0.1786705752619368 0.24928586411904963
0 0.2603987344895343 0.6106272938915941 0.16199652749150975 0.2768923028745441
0 0.3520727822599613 0.6299094876690655 0.1611988519971419 0.28765638110416847
1 0.4297393243304052 0.7608228685280387 0.23849332551403837 0.32879312608219136
0 0.6108800636867434 0.7422684431644834 0.23140209135348008 0.29389786077106483
1 0.7830992711120965 0.7293553375379931 0.21766737328446553 0.29702456483768563
0 0.887814268262105 0.7727712744968974 0.1109589153549095 0.1456474150744061
1 0.5336430264831036 0.004458040543609443 0.05458894703379293 0.008916081087218886
1 0.497448800368317 0.011704363689958086 0.047792643815484225 0.023408727379916172
1 0.45466036682817756 0.019861577147433165 0.04666718639013112 0.03972315429486633
1 0.40256798910423675 0.029736917932000395 0.05818384059717552 0.05606976196314171
1 0.3691874065528329 0.06367410333950994 0.057167643815484226 0.06370884019276624
1 0.597694818805649 0.0351469758898202 0.08740144703379293 0.0702939517796404
1 0.31518296756481173 0.11540406087671295 0.09263525025210147 0.08314911914102674
0 0.6509073001162156 0.04790976290154854 0.05662134059717552 0.055896340192766236
0 0.6831899223922747 0.06293119483847578 0.06519866510280767 0.06770094904464363
0 0.5343482308063635 0.10735784125377065 0.09430701089576328 0.08488504091140223
1 0.21144632634721755 0.20211088241036804 0.0968528566887189 0.09912096268177768
1 0.7493012414500253 0.0819498478271425 0.11157092055068922 0.11005675861515699
0 0.5640303769676361 0.13739644496107337 0.08718292574646931 0.0716913538299003
1 0.6387190205310189 0.1446104890978627 0.15081909084927717 0.13921888110416844
1 0.8014375418183424 0.12344962497881307 0.09550887797604232 0.10207254091140223