1 0.2687452880728603 0.53671875 0.14217041335136277 0.1328125
1 0.3155026567472691 0.59375 0.1485295013526354 0.1421875
1 0.17946242270049845 0.24921875 0.07739884134309047 0.071875
1 0.3839168494191324 0.63203125 0.19729426535645356 0.1703125
1 0.2568152633672712 0.25 0.1105931493475448 0.1046875
1 0.4606162567631774 0.7109375 0.2568692600254533 0.1875
1 0.572317372772086 0.7765625 0.2947147053628168 0.2171875
1 0.38515843936981653 0.26875 0.1720397266868173 0.1484375
1 0.6964821261139038 0.8390625 0.2599033533577263 0.1796875
1 0.7822929041215398 0.8953125 0.27371131468808996 0.1578125
1 0.6228766153723619 0.2875 0.3108306013685439 0.259375
1 0.16694588339431538 0.44921875 0.12156701201463571 0.1078125
1 0.22448621073358782 0.49296875 0.12002269334818116 0.109375
1 0.12942606003340756 0.24609375 0.07113066000954502 0.0703125