1 0.275431059933235 0.16496706129215682 0.086354228804805 0.07043451680591399
1 0.3438781450879243 0.2814953280980708 0.12086007310482608 0.10452035672980173
1 0.3268033424593889 0.2243221566532521 0.11524233187624863 0.0949543557412186
1 0.31098700839751325 0.178181985702725 0.10883729167148574 0.09313718775644109
1 0.39187472037837734 0.31953383897248566 0.15771571638103268 0.1309210306460784
1 0.41919539106166503 0.3920282628887623 0.2108165204762908 0.16420837452429887
1 0.4532432803116125 0.4757785217860109 0.21050644006676503 0.16108337452429886
1 0.5029161695615597 0.5601654506452034 0.218461882319157 0.17852554250907637
1 0.5650054897329403 0.6379986319758537 0.199413899862002 0.1590752055509382
1 0.600848439290032 0.7194688078692968 0.19067115863342465 0.14938187056996632
1 0.6354450182328348 0.8055946502646425 0.2133092617048682 0.17364704152049343