1 0.2040668614806384 0.22814964559048395 0.10245991638926873 0.08546030407643661
0 0.6335303017876515 0.9909376385188567 0.05837616306150366 0.018124722962286555
1 0.6169040418043558 0.9473903758316888 0.11573126663882576 0.10521924833662233
1 0.572047726704634 0.8433332065302469 0.13183588560718834 0.13466915432599363
0 0.22494060149734288 0.1696918614806384 0.09875145382687948 0.07891857279524195
1 0.20950227766211116 0.12875411917615848 0.11510578202986607 0.08818972920121518
1 0.6721651046163023 0.9695107409522914 0.10802261023285276 0.0609785180954173
0 0.3178079309481152 0.31001644197140044 0.14756472920121516 0.12064867637256427
1 0.645444416180463 0.8912304775368277 0.13579405740420186 0.1272942512477858
1 0.30272315994153437 0.2396829309481152 0.13189770715464472 0.10214838560718838
1 0.7342262961721108 0.9297218377696804 0.15556511688838306 0.13998213893495332
1 0.44810980428423264 0.31211290578157547 0.21175329534092674 0.17775407071526245
0 0.4490369199248299 0.3137483386018741 0.2097531984191349 0.1729207050746652
0 0.3416991928035942 0.09307986272842413 0.11812693843583925 0.10396059484181253
1 0.44084743302809465 0.21772752142217278 0.24529512354391336 0.18862974916780625
1 0.4314601102328527 0.1254670886018741 0.19179434816957777 0.14646204866869197
1 0.46492779409314106 0.0774782967965085 0.23923058818628212 0.0904839804490009
1 0.3017760372288049 0.7770568648084035 0.06120943178030895 0.05837616306150366
0 0.27771184109744557 0.6934940255821317 0.046125872296127655 0.046125872296127746
1 0.2557837077780326 0.6411082535355612 0.060084528702100924 0.06291779742090622
0 0.2815031362305763 0.6760358053242224 0.04470923793672501 0.0475425066555303
1 0.2312089819045826 0.5520766643092893 0.07375145382687949 0.07658472254568487
0 0.2603142308645928 0.6066813317385478 0.05154270049911425 0.05437596921791972
0 0.2555636977947371 0.5806812832776518 0.045834141014933036 0.04300087229612774
1 0.2208747439678576 0.5077432017469 0.07658472254568487 0.07375145382687939
0 0.462769093593017 0.9585911193839545 0.04397990973373833 0.0397300066555303
1 0.4459870682186812 0.9198512614388772 0.053834528702100926 0.062334334858516985
0 0.4820506343583929 0.9743310742508235 0.03929240973373851 0.03929240973373851
1 0.4980303987094434 0.9858632518716786 0.07116789434269818 0.028273496256642973
0 0.23354040910934062 0.46091022379347046 0.05891760357732227 0.05041779742090639
1 0.21605006655530357 0.42287868302809467 0.07814722254568485 0.07389731946747684
0 0.4813200946330067 0.9084353539929143 0.059834819467476666 0.07683443178030913
1 0.45734984234523124 0.8341745819463438 0.0906892445922555 0.09210587895165796
1 0.4123167508311839 0.7416842393923068 0.11646059484181248 0.11929386356061791
0 0.5198831761637586 0.9399152637266528 0.0690639538268794 0.07614712562389273
0 0.21775722067350137 0.3665038284107826 0.09406395382687949 0.07848097587345002
1 0.5066736474616576 0.8813734355236662 0.08370991638926881 0.08370991638926881
0 0.5530294294915237 0.9631450765385992 0.05183443178030896 0.05750096921791936
0 0.5787698689673527 0.988812081218553 0.056521931780308954 0.022375837562893963
0 0.22382923273677635 0.3237019550746652 0.10416828202986608 0.08716866971703396
0 0.5824672202568996 0.9770309039098969 0.05437596921791972 0.04593819218020627
0 0.46182723211237864 0.7494040070711223 0.10635626663882576 0.11060616971703396
0 0.5612993259142014 0.9189995016633776 0.08971020715464455 0.0982100133110606
0 0.21618239787825938 0.2749727237934706 0.08581385690508751 0.07306414767046335
1 0.5082658467129862 0.8071756965469514 0.11162722920121518 0.11729376663882585
1 0.3239924748334603 0.168871012478867 0.13760626663882594 0.11352348252898037