0 0.5321242569831696 0.404690346249139 0.11964529830757176 0.10835835959593361
1 0.463408050648953 0.42926710505783194 0.1481334845546888 0.1471736227420955
1 0.9060389490222784 0.43754923202593365 0.13683279830757158 0.11046871923645227
0 0.4308447311040785 0.5089556050801245 0.12047300928357654 0.136099657843112
1 0.9082053566791803 0.5130565522056743 0.17474665379557414 0.12894378939390042
1 0.37748326047475433 0.5553796709001038 0.16168079058491608 0.17801222800056013
1 0.9177197396071947 0.5971437758910582 0.1624409142293537 0.13971713150620335
0 0.17154156921610592 0.6360452718879772 0.07633448841601664 0.10611153505643145
1 0.29051116427032836 0.652188438495197 0.20947642351293042 0.26679979815800825
1 0.13160914804455684 0.6687628464720643 0.07137672412090898 0.1254647806743776
1 0.9049705166364891 0.7006119381831016 0.19005896672702177 0.1673753507872407
0 0.27532539689435337 0.795432118337749 0.18396964607291846 0.1945687893939006
1 0.9070102299333879 0.8481584162505393 0.1859795401332242 0.22960042094468883
1 0.21041410207836647 0.8634711008318258 0.15901189878404282 0.26828121923645226
1 0.86650363531037 0.9264798441361359 0.22029566694047845 0.14704031172772822
1 0.6078294606062618 0.30419487251917016 0.09935813292801435 0.09511864907900414
1 0.5379646097600477 0.3424504295750415 0.12342908347023922 0.11342956134875522
1 0.8825718636213754 0.3525166004528527 0.11613177744001177 0.0833583595959336