1 0.38125 0.3532524119716165 0.096875 0.11543964976327965
1 0.45234375 0.3814556025237007 0.096875 0.13262714976327955
1 0.51015625 0.4269347080275933 0.121875 0.14165189808928727
1 0.56875 0.4764067744166738 0.1015625 0.15658491507440608
1 0.6265625 0.5203233799205664 0.0953125 0.1512037279929041
1 0.7578125 0.6122345586321065 0.1 0.18609899330403046
0 0.68671875 0.6027813680800224 0.0921875 0.19304438445215305
1 0.81796875 0.6814112967915624 0.0984375 0.17967557153365518
1 0.06328125 0.6195235817002068 0.1265625 0.2202971634004136
1 0.0828125 0.7677851038299003 0.165625 0.2699452076598005
0 0.1796875 0.85431850359318 0.146875 0.19286414641529498
1 0.2171875 0.23426187608219137 0.0875 0.11283661914102672
0 0.23671875 0.2747108982118848 0.0484375 0.07412607488163978
1 0.278125 0.29258782512683496 0.065625 0.06978371435577006
1 0.33203125 0.3282583762047889 0.0984375 0.1015505715336551