1 0.7355169853572716 0.5027873609512256 0.13256156864535668 0.1318750340124641
1 0.6751451470936672 0.315253567285442 0.12818215688428047 0.15421455874135157
1 0.6787784069336421 0.5437839637281036 0.15893480394092627 0.1447635548800239
1 0.5978806127833293 0.32581942199298397 0.18748671571434308 0.20386829058491615
0 0.6210538971430288 0.6198396862880916 0.13122794119461823 0.13321793895824144
0 0.5230588480850689 0.3635094316463034 0.11266720589904881 0.12142739336179424
1 0.589493554021139 0.7125803821885283 0.22437931375622036 0.2258868817778108
1 0.4157128677033167 0.41422730257961693 0.24683088238923662 0.26423992737425817
0 0.48299262266649584 0.8108573729049517 0.19986789217984988 0.17347133618136334
1 0.2632084314410264 0.4700760718862558 0.27343299023406764 0.27869094824181795
1 0.36898289229091386 0.8927745108240102 0.27369269610843555 0.21445097835197977
0 0.18433953440289125 0.5898353334702391 0.22174289217984988 0.17654566694047827
0 0.2841633089719777 0.9630954486115609 0.17150524511086357 0.07380910277687817
0 0.18281877462461846 0.7518370150755681 0.13096823532025031 0.18368246368712918
1 0.7926275735530038 0.2606041117316859 0.0635430882512642 0.10993244668089704
1 0.8285474020074843 0.4117992172196884 0.10885558825126429 0.11630070325334922
1 0.7446280147291114 0.2515627125779001 0.09189696080052574 0.11544765765690182
0 0.7881556618166083 0.4390247106472362 0.06609151961824793 0.07509292195200956
1 0.68026181375005 0.2509334703005556 0.1124383333497871 0.11986489336179415
0 0.7313730882882854 0.43793094364100416 0.07119715687193988 0.06815880216889951