1 0.6161105235377097 0.4375961702833582 0.13543922412090909 0.12497342378986112
1 0.6018495973546294 0.2534767978275495 0.1307010548800239 0.14643898801421235
1 0.5463638867483676 0.4858831840781681 0.161756794446244 0.1356586182719372
1 0.5187583740141808 0.2735193029159321 0.19175681145247586 0.1946175384437537
0 0.4667692661847971 0.5706432864075888 0.13253381917513138 0.1263721494796016
0 0.4309331896977275 0.3216458644267499 0.1153716537955741 0.11461577792830405
1 0.4096366351874468 0.6691726396415205 0.22854735704892323 0.2136065558566081
1 0.30598806720349314 0.38750215852471315 0.25100513835026295 0.2520073145630355
0 0.2733063635394265 0.7824395222740945 0.2027703153138037 0.1626239099950512
1 0.13603669183375017 0.46262058796878386 0.27207338366750033 0.26433689620024126
1 0.13577480155282332 0.8883885498637145 0.27154960310564663 0.21310194482076028
0 0.06622036358040094 0.5959886086609988 0.13244072716080188 0.16385221732199753
0 0.055983816423032705 0.9653693724558087 0.11196763284606541 0.06926125508838261
0 0.021982587105720992 0.7605900192218769 0.043965174211441985 0.17612648801421232
1 0.7376097550115313 0.18346527023792966 0.0660557735786842 0.10582727611928178
1 0.7363892723875063 0.3321451096770516 0.11024496368712917 0.11124511646291495
1 0.6909543500657538 0.1794461555840371 0.09461996368712917 0.11042624491161734
0 0.6869171336675002 0.3649675757558536 0.06747468238578946 0.0717798247398008
1 0.6237921846861963 0.18694439506858754 0.11358955874135149 0.11297139077317438
0 0.6285683133421653 0.37135369459361767 0.07262670711467703 0.06429487336031983