0 0.31276837580913125 0.40923299125718426 0.06205571509696393 0.07118507223994985
0 0.35339337580913127 0.41398137275048424 0.08790119480442452 0.12254465315890375
1 0.41563427718910306 0.40644282504786877 0.10974892126547413 0.12353897396298837
1 0.4809144038123085 0.4390219724314052 0.112955741882325 0.1285917340778575
1 0.20325878246410883 0.5227374421506094 0.15166368587597073 0.11284498551372302
1 0.5481019038123085 0.4468750649010936 0.10341710064862326 0.11812095373324993
1 0.6302831582765354 0.46505689291641084 0.12586484496658024 0.1534902745373344
1 0.22826846509366866 0.5708807080408459 0.1363386948044245 0.12820618493937666
1 0.7221666952081662 0.5030845012763356 0.13098872158978558 0.17903816470963835
1 0.27154690665168224 0.6383117195915805 0.15253643912238166 0.162844985513723
1 0.3624037317327602 0.662185512922788 0.17918075973923261 0.17063719649011128
1 0.4350247999139792 0.757995180536063 0.2502023717519414 0.21948054907466882