0 0.3496661595755553 0.3416718216196525 0.06729790919430556 0.07340243882958344
0 0.3482523959921874 0.16758035818878442 0.057813806420763926 0.06849673328250008
1 0.38784538602111035 0.9154716911106942 0.09505923328249999 0.05843205547083343
0 0.38448726273034656 0.7578228452710066 0.07990701196784737 0.07838087955902787
0 0.38565755775194416 0.3720671832269094 0.08917290919430557 0.07391158510611114
1 0.40930411835367986 0.8322045962209371 0.10817748233256949 0.08528549620027803
1 0.4023164212590621 0.46147452213274265 0.12707425911805573 0.15912303970326397
0 0.4269981517886798 0.9442318175355899 0.052835365691319504 0.055887630508958355
1 0.4066097566495137 0.17637282351951353 0.16602765634451408 0.15534472948277794
0 0.4831949068226729 0.8781152018442704 0.09215243882958327 0.06773432028847211
1 0.5050322328107283 0.9463196879765621 0.12064111474138883 0.08401393692972228
0 0.52104758425309 0.49306740140743005 0.14204464247680554 0.13136171561506949
0 0.5234153969421179 0.19005150418097178 0.09778549620027785 0.10846842306201392
1 0.5917036167381593 0.5773138084175342 0.2826345813063892 0.20022343123013897
0 0.5881312071626039 0.22758656535138838 0.08862870174736112 0.11762521751493064
0 0.7141942529467007 0.6822169011230896 0.17827308320625015 0.14469817021222225
1 0.7051732367978818 0.23110899601284665 0.24767900626826406 0.24157447663298637
1 0.7404631993757285 0.8284009168906591 0.18750261284152786 0.13866637575930554
0 0.8486660508180901 0.37300294244187426 0.18565047853284744 0.19328114057694457
0 0.19675348622920086 0.6380409413950345 0.0429875870059722 0.03535692496187508
1 0.21492356440145785 0.5618778316876387 0.09455139342673621 0.10370818787965277
1 0.2377583863054508 0.7214158326375693 0.07830814437666671 0.0767820119678472
0 0.23963066404086747 0.6745226488419789 0.04142508700597229 0.035320557370694415
0 0.2685927718484023 0.6043549659963192 0.054797909194305564 0.07311149810013902
1 0.2775190558520831 0.3214879146095484 0.10461737765916679 0.1336138934267362
0 0.294609104770312 0.6607497831506595 0.0808148953265972 0.050292247150208344
1 0.31737315112308967 0.7226860854873609 0.10210932028847228 0.09295252583555573
1 0.33007056003305485 0.8481036595755551 0.09218880642076392 0.0692968202884721