1 0.9272510932153242 0.5418994262735349 0.14549781356935157 0.18242817550756776
1 0.1651477071387942 0.30191055829641966 0.1664725912589561 0.1857744185677376
1 0.8909840523712649 0.6358310965393155 0.21803189525747016 0.2091303778516064
0 0.10507416716741722 0.4251292103636029 0.12167098783978414 0.16275842072720584
1 0.7801323240415398 0.6675142882428958 0.23944537370531088 0.2229926187523077
1 0.6748781004077866 0.7707918776947229 0.3397984371531056 0.37663685533407243
0 0.5399676506724582 0.8494410475775197 0.2817550420171921 0.30111790484496054
0 0.40552191849077507 0.902857740591547 0.2333041005293431 0.19428451881690592
1 0.7048789368526555 0.1489948257198246 0.1339862717310531 0.11395997532299776
0 0.6544373088126014 0.1845027267072737 0.11614933806867693 0.09577117982650454
1 0.5240691012518004 0.1769231593115554 0.13403245075823592 0.1263598457733484
0 0.5961370017453648 0.20711010949612554 0.1117091019742574 0.10943316162790724
1 0.43250794540058524 0.18190295110742077 0.1700623088126015 0.15346256631598415
1 0.9755079692990101 0.4082544139350338 0.04898406140197977 0.1491569956810633
1 0.9419060349141766 0.4566826195182748 0.11618793017164677 0.15855058451458143
0 0.36574424103006326 0.26517772362495473 0.13664655417740787 0.1466723457733484
1 0.2659915049356439 0.27273180289774884 0.14979598783978415 0.16456075262089362
1 0.22064420629478043 0.8896713741509785 0.18277976246066618 0.10778912091177588