1 0.41875 0.391781852501345 0.15 0.14330152179152655
0 0.125 0.5024908514929388 0.090625 0.06727461733238069
1 0.821875 0.25512734856607266 0.0984375 0.10532092055068931
0 0.60234375 0.36946372813159883 0.0859375 0.09350933540139543
0 0.1359375 0.547005675998571 0.090625 0.0688371173323807
0 0.87734375 0.3011936014160642 0.0734375 0.08951025025210155
0 0.15703125 0.5805119446880044 0.0984375 0.07407092055068923
0 0.67890625 0.4123174996710238 0.1234375 0.1351940908492771
0 0.46953125 0.48673907342035144 0.1453125 0.11953623986054147
0 0.775 0.4830995292562205 0.1328125 0.14678715471124731
0 0.5546875 0.565350028499916 0.2140625 0.16965620818165766
0 0.19140625 0.7704156788485625 0.159375 0.1408320856534969
1 0.903125 0.5256526520364828 0.1828125 0.20809599530842302
0 0.653125 0.6675459490506052 0.2203125 0.20915575075630458
0 0.22109375 0.8537416310781355 0.1953125 0.165220080457717
0 0.9625 0.6469920564956289 0.075 0.16774451089576328
1 0.77890625 0.785716430865375 0.240625 0.23401363912390724
1 0.2515625 0.938565109286609 0.21875 0.12286978142678215
0 0.90625 0.8649336733238064 0.178125 0.18433071337743775
1 0.24765625 0.244661562020385 0.0859375 0.07475933540139543
0 0.578125 0.17948893815484196 0.0453125 0.040668558666190346
0 0.6125 0.19126767231540015 0.0546875 0.05382412252816069
0 0.28515625 0.3215025674682666 0.04375 0.04212179802252862
0 0.65 0.2017024277632818 0.053125 0.05058986188449897
0 0.44609375 0.2819751637654253 0.0421875 0.04513753737886681
0 0.321875 0.33032019259431744 0.0453125 0.05160605866619035
1 0.11171875 0.4093746360218141 0.1171875 0.10194454827463009
1 0.77734375 0.18248217022171317 0.0796875 0.08838479282674849
0 0.69296875 0.2218945954639795 0.0625 0.0668704257464694
0 0.48828125 0.3044564511442922 0.0734375 0.08169775025210155
0 0.34765625 0.35868549321473603 0.05625 0.0554958831718225
0 0.12578125 0.4627017318147697 0.0796875 0.06182229282674854
0 0.7515625 0.24474186960129454 0.0640625 0.07166718639013112
0 0.54296875 0.3278118236724529 0.0828125 0.08547831411407199