1 0.35258907809807083 0.39391279903093473 0.17565521049385407 0.2195033888718056
1 0.6209769807598091 0.3464632707062458 0.22865287650146532 0.22009325075630465
1 0.3186544298849567 0.4787905435830531 0.1770903765014653 0.21648764951546742
1 0.5868168394667773 0.4640442546147024 0.25355471741393637 0.2576696604112307
1 0.2669221280215211 0.6239666497675689 0.19867621642535313 0.2491580378830701
1 0.20832040224180887 0.7343853436992687 0.19944022037968584 0.2679080378830701
1 0.5759151260443547 0.6362252572125925 0.28540689528454555 0.31287061264080374
1 0.2117703488954985 0.8667393857697124 0.2110780573378241 0.2665212284605751
1 0.5318334980971957 0.8162134059717552 0.2892958992388783 0.331839133928127
1 0.4157057738003583 0.9125214153549092 0.22820720752810447 0.17495716929018174
1 0.3168318750929526 0.9960933860218141 0.10720500494291585 0.007813227956371804
1 0.2651859426993569 0.14162939716967887 0.08000051779449713 0.089728771539425
1 0.2152787846004111 0.1786487959288416 0.07324118182494202 0.07679172896477807
1 0.692505834980972 0.05621496514214862 0.056886669961943956 0.019558383171822458
1 0.18494929745199237 0.23729182241194519 0.09138368676785791 0.10143109604505715
1 0.7593259204562355 0.07101479249777236 0.07802684091247088 0.041291271539425
1 0.14293289380167082 0.29589664406758576 0.09925985376405225 0.10353989926336586
1 0.09984873866847455 0.34741558540139544 0.10407468775644105 0.10699268119435104
1 0.41275330387778303 0.2836033657428968 0.1793240385547438 0.19483117080279086
1 0.08879317494204084 0.4393463592866089 0.10802735870696814 0.1275237024816745