1 0.6511852303004423 0.6448996095291921 0.12017942252391975 0.17968934523075966
1 0.5997058333429715 0.13402130911427357 0.10332619883818736 0.15049875269929233
1 0.4800316410905795 0.12577294646158188 0.1366038194524762 0.15767263527271588
1 0.5070949050099891 0.6920258311095978 0.12520119883818737 0.1521563410815748
1 0.31052458699532137 0.10713245808394392 0.1576552266191779 0.2135441269743461
1 0.3504149616647837 0.7550613952214709 0.13208345760961002 0.1433733369323898
1 0.18051919046958867 0.8356280014498925 0.17427095760961006 0.14657011452679142
1 0.11984626279768174 0.09599866161771767 0.15219252559536348 0.19199732323543534
1 0.9427691337858797 0.18831218711430492 0.06508729167148601 0.09332487012586883
1 0.9090142946049313 0.19716696885789145 0.03573406798575327 0.06318708423309745
1 0.8863013706432031 0.4759557423031082 0.06617257310482608 0.10426237012586892
1 0.8673815332739725 0.19008909728213005 0.06178305556198112 0.12253877344521676
1 0.8596190077075235 0.5322891752914503 0.06852237208101145 0.09668666846619481
0 0.8116148008168176 0.17542386865275442 0.04366531433340341 0.11186138257342346
1 0.7974411860694202 0.5244067429278081 0.08851269371911492 0.11060745850815117
0 0.7672446399977659 0.17248904541731908 0.04835281433340359 0.11221658008391255
1 0.7466115442599366 0.5912283126387585 0.09552579679055846 0.13440015601864025
1 0.7011011951858377 0.14050626222384005 0.09817357822389887 0.14545605518880328