0 0.6794175807086125 0.14995011968781885 0.06690408008391255 0.03936402837152993
1 0.711429210382251 0.37694452870073436 0.14481743776222694 0.12114287727617316
0 0.673358680088557 0.24487617478152607 0.09188076929603177 0.06035848997087019
0 0.6672755460652409 0.3086204260351673 0.10317346680652087 0.06536423871722893
1 0.6895579008437702 0.58210339014179 0.1771563410815748 0.1158476235152495
0 0.6537961543682551 0.4805037862225817 0.12369945435896632 0.0893473079967011
0 0.6128671915104263 0.691344346330854 0.16550844606059661 0.10615437476889085
0 0.5946042888157784 0.7898129385715796 0.16394594606059662 0.10610891066226813
0 0.5753825373658858 0.885915048758994 0.1572223493799445 0.09967705423577726
0 0.5590606429696077 0.9606773960475383 0.1568671518694554 0.07864520790492335
0 0.2111994543589663 0.09189329796757122 0.13662642946385706 0.13649509263643717
1 0.7166225053985847 0.1985838479802065 0.10471265601864026 0.08567673871722895
0 0.683879015146847 0.08537915432755495 0.05236798340326043 0.032704851411925806
0 0.6845660993799445 0.11502119022093227 0.05416728174358667 0.03587531551854846