1 0.2569437041439998 0.3929498971047524 0.0784098079967011 0.12111808344622803
1 0.3318300438774431 0.4007867305509805 0.084250631037097 0.10738313206674714
1 0.18821643619731118 0.3885656122790434 0.057960915676833036 0.11536605042954129
1 0.4131566002247915 0.4293045561952925 0.07941001834240002 0.15549308344622811
1 0.49930704889200805 0.4533805433049937 0.08092705423577726 0.15401247060135786
1 0.5837131411327338 0.4836246432595653 0.0931088054894186 0.14373006784239592
1 0.6640993231069029 0.5175702753263123 0.0774838054894186 0.14291119629109836
1 0.10154549881286576 0.4630499559020368 0.0920918747688908 0.16239818068726602
1 0.031172128992032904 0.4542680981455492 0.06234425798406581 0.14603619629109837
1 0.7384173615075627 0.5449383587725404 0.08948370031656908 0.1263787935321364
1 0.2699174140939874 0.5117784622336149 0.10407504922121244 0.19890889077317447
0 0.1706388281214678 0.5355258214604405 0.08359741316955058 0.13855124491161738
0 0.3639281753767585 0.6152929658516595 0.09438180047485378 0.18748006784239593
1 0.5968626958307296 0.6501913455435574 0.10613765439406198 0.21617827792830405
0 0.4785075009244368 0.657290115331261 0.11120558762187223 0.17588082654882306
0 0.6886948431651626 0.6941261312737776 0.10214883636823106 0.18632700361804452
1 0.8453396482588698 0.7156370403643176 0.10305811850068461 0.21757700361804452
1 0.9176549174591997 0.731163543077851 0.09533654671392995 0.22029256784239593
1 0.7819447379923131 0.7162268605815627 0.11322272868809904 0.19158771370395283
1 0.27082801088705966 0.2653571636130958 0.07093227711788871 0.0786030348257091
0 0.3328733698208329 0.2842576498182859 0.05245506175762475 0.08699538896415202
0 0.3999017454476535 0.2932475474888652 0.059721992478152686 0.06865482473980081
1 0.46199256848804937 0.3105855336940553 0.07115959765100222 0.0864155348257091
1 0.5913618197416906 0.32831966756982467 0.044096992478152686 0.06783595318850325
0 0.5414300159016247 0.3233555286056727 0.059585600158284534 0.0639673247398008
1 0.661546287609237 0.36329553312822843 0.05875052586424747 0.08888543758467105
1 0.12727057600989675 0.3587685696514182 0.07790970282385158 0.10393058344622812