0 0.6278754983366224 0.5702357351593513 0.15664799792002065 0.12445877550517767
0 0.6249113173885071 0.8562032259314541 0.08585587895165805 0.09332913590700968
0 0.5637622880620085 0.4943645128430429 0.19175232612300713 0.13689859530426177
1 0.5342143885193616 0.285500448580697 0.24775261688838307 0.15832274043916855
0 0.5209951676380642 0.8169006010979214 0.1278356917636046 0.12983745386051418
1 0.4576284544512772 0.40255289077787915 0.2959824297003294 0.19567238926523398
0 0.3826619958410509 0.7903684891834445 0.14521107945077238 0.1506907810419161
1 0.22207804866970174 0.7988123846512855 0.21850513685497414 0.2747290897675235
1 0.9062267735031622 0.7493065370924966 0.06433443178030913 0.061117643289327186
0 0.8944053914315347 0.6725637944748144 0.037146447171349094 0.03431481979908426
0 0.8860934729622866 0.642966465447833 0.04866740973373851 0.042037148826065615
1 0.8446674234614008 0.5867616502626974 0.12110607279524208 0.10733145570609359
0 0.8458541480870652 0.624892648417118 0.0569175066555303 0.04777631241676659
0 0.8398625455497326 0.7229695638533984 0.05437596921791972 0.0536056469804862
1 0.8547236720058191 0.894258551857132 0.06623068510807428 0.08143014328932736
0 0.7822934896011124 0.5261548433826693 0.0846889538268794 0.0808291359070095
0 0.7991337019557058 0.7016655804636133 0.07614712562389273 0.07196497231630854
1 0.805046314060742 0.9010194875947862 0.06710587895165787 0.09080514328932701
0 0.7576446193849643 0.671557514355688 0.08254299126449016 0.07436880318886914
1 0.7649837655998459 0.8979997532822115 0.08146011023285275 0.0958231377525891
0 0.7203361416393308 0.46955945286171125 0.1153975133110606 0.09576295755167301
0 0.708582846298404 0.6293551182979916 0.1153975133110606 0.09576295755167301
1 0.6648896141850156 0.3940638104951738 0.16758549792002064 0.1259311045321591
0 0.699786462771195 0.859162780043113 0.07462664767046334 0.08873180688002832