0 0.7577113601001806 0.5509724020691866 0.09679608343348356 0.09696299020938674
0 0.9233348964592715 0.6526514707207136 0.08913848928469861 0.08511000001234041
1 0.19942362834050428 0.2392384804187735 0.0976466019742575 0.11548411766012519
0 0.3507604903076061 0.33115963240157703 0.10934226246066618 0.11106509805421787
0 0.7146107937625568 0.5615225981406009 0.1070216019742574 0.11685735295569462
1 0.27014501884122444 0.3063203186638674 0.12858679027182732 0.1414788235468336
1 0.6235918083905945 0.5213619853819527 0.20412749711017106 0.1924030882636046
0 0.15682577419887514 0.25369492649018777 0.07563306489270935 0.07546651961824784
1 0.8915024015164719 0.6940335295384357 0.21699519696705627 0.22658882355917404
0 0.19744931055796616 0.3370641912007885 0.10389660197425754 0.11639960785717154
1 0.12474688153078342 0.31415049020938673 0.13135579954221438 0.15108269609609515
0 0.5473525615808736 0.5960451226233042 0.18421716686696676 0.19255274512320392
0 0.8330398703934752 0.778932328547034 0.14401070539342947 0.14220504903944936
1 0.4393307923176423 0.6024514216257323 0.312494145436364 0.3554488235715144
0 0.7715601999142223 0.8074864952034169 0.14789386587983805 0.13664166668723404
0 0.2918823479399647 0.6360430392488361 0.21384211907011724 0.23215220591138924
1 0.7218290896924853 0.8629609436638674 0.3339207966523855 0.27407811267226523
1 0.15313784402722835 0.5704951225616021 0.1896464585837086 0.23474024512320407
0 0.5316129801932054 0.8976484804156885 0.2621708922460847 0.20470303916862315
0 0.5377674261373538 0.2535385049816897 0.051747216108730856 0.05663730392858577
1 0.6022157271244828 0.3135692893043681 0.1387199507582359 0.13683093139166455
1 0.44283400638055825 0.23656671575136431 0.10601617758226833 0.10904485295569462
0 0.4856940295565259 0.2658404657575345 0.051546131230333005 0.05507480392858568
0 0.541571670057246 0.33074801478464344 0.0922634892846986 0.08556774511086367
1 0.8055619742346538 0.5058579412933419 0.17082046929901012 0.15992950982763468
0 0.4770064578612514 0.3174579902649188 0.08313575319027908 0.09802813726603254
1 0.41027549103006333 0.2992515931959325 0.13110853563663377 0.1372490686453567
1 0.28617365223892915 0.2343154657266834 0.10545910197425759 0.11662848040643307