0 0.06917264351050448 0.2893079396951497 0.0584181851080741 0.07373748184962743
1 0.7496846270794746 0.36900713445846495 0.08058491638926882 0.07698974687674198
1 0.6820187196335116 0.40531227312034235 0.15291973585674548 0.149246541958086
0 0.1562263583606692 0.3686777980082102 0.0940021322794232 0.10361587939029934
1 0.9375147458400411 0.46927582093216075 0.12497050831991778 0.09132495764913048
1 0.07401833194634377 0.3830352137974506 0.07881472920121517 0.10821247579950324
0 0.6414159421791965 0.4722270623479538 0.11577328868539638 0.11935905405833439
1 0.8784597572789183 0.5774559595940382 0.16923204201316153 0.1399715359079618
1 0.5765845149744384 0.5639873154712117 0.1968378240430276 0.21821471057599684
0 0.8435556395583415 0.6803218843602691 0.12056463227942338 0.10377041549465282
1 0.445294915972667 0.6631691831540462 0.22021350249557142 0.25114538524403185
1 0.31879666056492234 0.7467624122731991 0.18790042096481957 0.22284766842151918
1 0.8132772002903085 0.8160093994855796 0.2272546522460143 0.22619992739850936
1 0.1778922520789697 0.8349567829810957 0.199067830698558 0.25883062021691716
1 0.6949251982103292 0.9178697978118183 0.22810762354391337 0.1642604043763633
0 0.536384581529742 0.9682147105759968 0.1920638569050876 0.06357057884800632
1 0.3892317997086817 0.1295390717177277 0.07273039434269819 0.05976588544042355
0 0.3328260343176416 0.15263568325224203 0.0675014538268794 0.0706670240041051
1 0.2801596422627187 0.1656033158639952 0.0667721256238929 0.0628545240041051
1 0.4045353691761585 0.2014640686926656 0.08170981946747671 0.07231133723582166
0 0.23458753327765178 0.20437946955298725 0.07833511023285267 0.08634656615858276
1 0.34451508506631295 0.2276629543294809 0.07833511023285267 0.08634656615858279
1 0.7787046204239442 0.3285730319991369 0.0920638569050876 0.06612496974937895
0 0.2934952371045313 0.2749964965821544 0.09210587895165805 0.08330337939029935
1 0.11759903223766206 0.25601417154477707 0.07277241638926876 0.07694429508134393
1 0.2100473527451286 0.2760726623713949 0.0981481917636045 0.11457156010845856
1 0.46706627994988653 0.1854305234149299 0.06593895382687939 0.07065793364502548
1 0.531618298668692 0.18268277331673405 0.06564722254568486 0.06753293364502548
1 0.5554093514973429 0.15314980942108755 0.06462616306150366 0.056595433645025485
1 0.593253004575551 0.1486850232185382 0.05739712562389272 0.06279998184962739
1 0.6202840122710709 0.13712989968197128 0.053834528702100926 0.058094301131468115
1 0.6518047325289803 0.13184750204310344 0.037042603577322454 0.04550339754067201
1 0.6811485794507723 0.13670317368607637 0.03489664101493304 0.03924430718159235
1 0.4335232402245005 0.11886519213103659 0.05368866306150366 0.05653180113146816
1 0.47925232612300717 0.11522710772388531 0.05168856613971169 0.05183521077238855
1 0.5143146322794232 0.10606118598271652 0.040605200499114244 0.05020907825883123
1 0.5471061212561379 0.09766287870292831 0.041000775374335774 0.037718168617910816