0 0.6542460119808996 0.162222123478195 0.08880952885594055 0.039536585106111174
0 0.6053123940252487 0.8022288744281255 0.09658731252120453 0.08343205547083343
1 0.6452728052648103 0.1057175503399311 0.10369048439090349 0.06330139342673621
1 0.6193303533580445 0.042562933698681076 0.08930060217691818 0.05359908510611119
1 0.5590797455691947 0.87230433187507 0.09669643992586607 0.08655705547083344
0 0.4494666433922765 0.9213574680836114 0.09573414065150558 0.10370818787965277
0 0.47703614891939006 0.46772397501746565 0.16442957694917482 0.10374586189159736
0 0.4395857673383771 0.35347898385118093 0.200639895460829 0.11239481648875013
0 0.40466018503172474 0.2564942278672573 0.1815079495445131 0.1010209053945835
0 0.35041901898283967 0.9544543767092362 0.139320449544513 0.09109124658152759
1 0.3756944260460501 0.14557425845246558 0.19746033175849825 0.11075958130638903
1 0.33292906188823235 0.04918891451263917 0.22164187622353532 0.08790396276527797
0 0.23290413676885452 0.9645096360179167 0.12276786660488855 0.07098072796416659
0 0.23598950826788445 0.5637586011580211 0.18510915389834953 0.2041459053945836
0 0.09537685491768909 0.9631565762723959 0.1380109206885725 0.06253898043270852
0 0.11164427269585472 0.5420991938635765 0.17057542794496666 0.23503222948277802
1 0.7730306951985259 0.45506619975059087 0.0915724303072194 0.07394795269729179
0 0.7601264127143882 0.578303677999098 0.06728175843752045 0.09367857123840295
0 0.7597742378494644 0.521217876612327 0.0772916754978958 0.0673706443766667
0 0.7458158868536725 0.6522496710652437 0.08365080290255769 0.07064111474138883
1 0.7555455840359329 0.39601785486083396 0.0988938569862416 0.060067290653194494
0 0.6947146891232581 0.7050103419430561 0.08354167549789597 0.06751611474138883
0 0.7113888454686783 0.3394762609210075 0.07071429328391084 0.0578501740119445
0 0.7112251543616857 0.34416376092100753 0.07411211179556502 0.06573540919430557
1 0.6750718225183695 0.7749227984400701 0.09675100362819702 0.08811955547083343
0 0.7010168298595817 0.27824782019156313 0.0943154843909035 0.06308318787965286
1 0.7032812235063122 0.2134040701915631 0.1145188569862416 0.06043096656500006