0 0.17635675316480204 0.4286716783437473 0.056664330305381407 0.06822291842239067
0 0.2291947107411474 0.40732375992135655 0.06498701333591957 0.0753400272742681
0 0.2842328971056654 0.37798991972859036 0.0798147878817268 0.08627582320764748
0 0.1325909066485631 0.4621736052586975 0.05159419303247779 0.06301515311126434
0 0.3433208546820108 0.3559483142246977 0.07799719636645772 0.08297740143727203
0 0.4070803368041632 0.3240981542948663 0.08708515394280307 0.09946951028914927
0 0.4772971130169605 0.2984988463983453 0.09566292848861017 0.1097116191410267
0 0.5442613434721231 0.27480888204257525 0.10567565727678296 0.11856464976327956
0 0.6177306654425548 0.24730023060530332 0.09866038273097573 0.10849596268177768
1 0.12506570694812552 0.5543611052586975 0.16055434697528082 0.16491256818567024
0 0.18713527225059745 0.5621812735584907 0.08781847758022465 0.12742108851877382
0 0.2511180239175874 0.5465639418582838 0.12681707576345358 0.16890978923740985
0 0.3280312102821054 0.5148021968802609 0.13577748758216437 0.18383939808928726
0 0.4202983296771616 0.475142945083671 0.16256312818904792 0.20848914641529492
0 0.5099506321027559 0.4295805368278319 0.17480803667377884 0.20675152057829874
0 0.611162316800284 0.4036377935238014 0.17633858576539313 0.22550152057829873
1 0.7247623022564165 0.34922405871233025 0.244067961828409 0.2965008913933177
0 0.12379153875131901 0.949330169851188 0.09834164727484326 0.06665530622252866
0 0.1978667675394917 0.9333668466435405 0.14649210485118863 0.08748295933379283
0 0.31594708784293346 0.9094227138653797 0.1795277454580722 0.11282639474130249
1 0.23716619165535197 0.27173310346210755 0.08045251666989943 0.09408832320764748
0 0.2850297357459965 0.2733882785804677 0.04094373545613248 0.04634962248901146
0 0.3206801933223419 0.2539479996322072 0.05277405575957417 0.05850107488163978
0 0.35848308226223546 0.23659133802838356 0.05446410151720871 0.06023699665201523
0 0.40631467544449446 0.21966993491711923 0.04990414727484325 0.06127923134088886
0 0.4884893177183679 0.18035667462796984 0.06798446757828494 0.07412437081501907
0 0.4480238143843881 0.20187971888735676 0.05809928454774678 0.06683384019276628
0 0.5380747295370787 0.16091809974633003 0.06798446757828494 0.07412437081501913