0 0.3195810820734966 0.5395836330045366 0.09008065467854491 0.0880181504675381
0 0.27051961012090353 0.8891114552132435 0.04736589600572705 0.042460210772388506
1 0.390381741366953 0.2454018409482548 0.11173747867599956 0.06939541549465282
0 0.3283753740849506 0.6239131812091385 0.0741829346753633 0.06448974687674199
0 0.28047641279435775 0.9390569130587659 0.04264203333863614 0.039307939695149584
1 0.40207376670908895 0.3101819584346975 0.12294769867918127 0.09289654800821019
0 0.349496943427723 0.6933262565411035 0.10741360534690844 0.1006181444174139
1 0.4271924927195885 0.3873848078689634 0.1605931493475447 0.10561471662612103
1 0.3575554387730405 0.7815665999252452 0.1370465613462722 0.0961033612399266
1 0.44874132340067874 0.49351663320092837 0.20167268268618094 0.1449135659621911
1 0.38042132145126734 0.8665955848981305 0.14956474267981754 0.09773858411256384
1 0.4632498134149962 0.5989081151487516 0.21408177601845377 0.13717378883482798
0 0.4187213001272669 0.9351274162802199 0.09304202267663583 0.07397383118569749
1 0.5106344380967228 0.7095774495559029 0.22042268268618095 0.1450226502711464
1 0.5173395187778131 0.8157956332991242 0.19827496268299924 0.12145788524403187
1 0.5662230087921306 0.9209871273471959 0.23432155068427196 0.131041963502863
1 0.7249823660089086 0.061411618566597194 0.1384817920114539 0.08517495159900637
0 0.6176860588000848 0.9792854406771083 0.1628999893379998 0.035320397344280254
1 0.8909249920034998 0.1495059953246179 0.21815001599300032 0.20752265027114647
1 0.9456039486791813 0.25934862793637115 0.10879210264163745 0.16158291549465284
1 0.9700505126909533 0.44358727255017677 0.05989897461809335 0.18318520472226432
1 0.15408170938095236 0.34990857552835675 0.06945907200827235 0.06133747579950324
1 0.15464533072086115 0.3983460755283567 0.056795440006363315 0.047202252926866174
1 0.16137713605981543 0.43971596409203817 0.05525112133990877 0.048755662567786476
1 0.16431177940004238 0.49048357855341873 0.08037839067472693 0.05983860831306061
0 0.18826744740608756 0.5348784731672245 0.05688634667409058 0.05501475292686635
1 0.17532309941913243 0.6310540363989411 0.08357611600890866 0.06610678903121965
0 0.20131288741245093 0.5816807502945875 0.05992044000636332 0.04722043364502539
1 0.265218109365044 0.2320665696746242 0.0773079346753632 0.06450792759490123
1 0.26988797537395265 0.29766884377692515 0.08373974801081766 0.08016928903121974
1 0.20079636143376808 0.738725635833207 0.07585452267663592 0.07387383723582168
0 0.21890092409290482 0.6831478015242516 0.058467028007636035 0.056586343285945875
0 0.2842777393777707 0.32571203054520864 0.07738066000954502 0.07075792759490121
1 0.275611811386043 0.3867040726996863 0.113481792011454 0.08502950585373252
1 0.27732940006363344 0.46716827752014656 0.12283861067790855 0.08352154800821018
1 0.35163632001909007 0.13858875956616562 0.12463746801399936 0.1038431383672898
0 0.24044975477399505 0.7892796268562166 0.05370680267345431 0.05030907220870713
0 0.24570996678067658 0.8384711057789778 0.05205339600572696 0.04248748184962743
1 0.3664624360279987 0.2041319463344491 0.1040704293443632 0.08184996369925476