0 0.6228224808676688 0.7505081200232759 0.10207156010845857 0.0957904742462448
1 0.7387953761688456 0.2828578476035007 0.10231699980360816 0.1379779742462448
0 0.5747076886149951 0.8020229515366054 0.10990224082661779 0.09955320303441732
1 0.6723482195529872 0.27040590290403294 0.13991699375348396 0.15822657242947366
1 0.49314459210759554 0.8757955492607923 0.16798745159900647 0.15114739606689512
1 0.6514544574527388 0.30305903517596666 0.11650676483072289 0.16100088606495558
1 0.58681978571157 0.33370338623413354 0.19791130093507636 0.19419576546195144
0 0.4043184414436656 0.9091504410756237 0.15681360226293622 0.1096295757634536
0 0.3405968299091512 0.9541848534137196 0.17867042154477702 0.09163029317256069
0 0.4839629513044187 0.37137911623025416 0.17116699375348401 0.16077748758216437
1 0.3513640747427898 0.39725647683131865 0.30320785499341074 0.3074288312234653
0 0.16022651121648562 0.5620370986422708 0.2622737827847038 0.2509876415249675
1 0.09846283030193467 0.6834977683368895 0.19039878278470382 0.24512053667377884
1 0.9206726109453391 0.4054656554891068 0.08322156615858275 0.07707242515463034
1 0.8053253877781147 0.5779947465453339 0.10380677693097126 0.12560552000387926
1 0.7378157009116353 0.6513527560882316 0.12254768657189175 0.12557356909549391
1 0.8426470840143679 0.2819646404861973 0.07700792759490156 0.08281224212409218
0 0.6741440863520589 0.7133108800252157 0.10208974082661797 0.0989154742462448