0 0.3042847739497295 0.36492597605730787 0.10268974267981754 0.09864778003177213
1 0.44551392254141486 0.9146923766265008 0.13261360001590833 0.11947847727182861
0 0.33982337929663803 0.2643259582004004 0.13106928134945378 0.12101370373287823
0 0.5168440298775057 0.8931389306042604 0.06780566534054522 0.054297762174864775
0 0.5104036732177326 0.8424804115295368 0.06175566000954511 0.07137616801906325
0 0.40918300131286456 0.14360830925606058 0.19698518268618095 0.14715919236879255
0 0.5667809425525506 0.8305610641273246 0.07587270401018138 0.0763091298696164
0 0.6296718412237777 0.795876372569311 0.08052384134309047 0.07326595048646727
0 0.7094053419000955 0.7234053088523188 0.11070223734881743 0.11597164772652384
0 0.8023200952419133 0.6592961700542487 0.11526246801399935 0.10511596834337489
0 0.8498410799252307 0.5358353506552136 0.1469670013526354 0.14472393912238174
0 0.902549551281048 0.3693239606393276 0.18808289735836253 0.18762055113509052
1 0.1433798052196416 0.8348271931828666 0.07109429734245412 0.06841480925276536
0 0.14022008457991308 0.6364851505691929 0.05059998400699968 0.05243525324641087
0 0.14382688991886736 0.5950243534912921 0.05530566534054513 0.054079573863261746
0 0.14598937392586703 0.5434345799523419 0.07421929734245411 0.06846935633066593
0 0.1451723086012303 0.47939935349129215 0.07578179734245412 0.0684966298696164
0 0.15534728727722985 0.4104857122575901 0.07578179734245412 0.0684966298696164
1 0.15230465062063847 0.33633514610496607 0.14671246268299926 0.12284893912238157
0 0.23774851790264084 0.7128919176153214 0.05681362133990877 0.04941934740221221
0 0.24370816390836786 0.6706089602289953 0.06791475334181776 0.06367276217486459
0 0.246733713916322 0.6119742999205698 0.07581816000954503 0.0716216298696164
0 0.19235803329886522 0.2504970576312075 0.11671588001272667 0.09576824188232518
0 0.2569086925923216 0.5430606586868677 0.07732611600890867 0.06696140340856668
0 0.27115355327023016 0.4600163336057898 0.10116360534690845 0.10174550649282174
0 0.21914834731063743 0.16332829423852688 0.11522610534690847 0.1019909683433748
0 0.9499394352323683 0.7270176838539665 0.08448518268618059 0.14519549756436803
0 0.8585871818905506 0.7910995491130861 0.15110906134627208 0.09793075973923263
0 0.8265644752148692 0.858051269892093 0.09925566000954485 0.07203073295387127
0 0.730143461211051 0.8878535925375388 0.08039657200827222 0.06232845048646709
0 0.6547707438733694 0.9211939724071552 0.08989884134309048 0.07342959172016919
0 0.5975485898711422 0.9385957065788425 0.03637385200509069 0.038127291395857556
0 0.5630463205363242 0.9501332244357501 0.029978401336727068 0.025518197240056394
0 0.5776173505331424 0.973311625815722 0.039353401336727246 0.02568183847375849