0 0.7001699890202768 0.4842291950964528 0.09454966531583313 0.1019391847906915
1 0.672241187182314 0.40696369954507705 0.13226427879370348 0.12371602570316256
1 0.6803610857689797 0.8582370394689649 0.09462757775694434 0.12062551779449712
0 0.5921148983038419 0.35142596536240783 0.12369036116879606 0.09689885771838495
1 0.6042968717727298 0.8401674717881985 0.1070100005656478 0.1553825197716634
1 0.5430629521680549 0.2836455577577536 0.16093608294074038 0.13111203163466154
1 0.520761910368378 0.826322489088404 0.12113128916129608 0.13883168973360743
0 0.4543839950990277 0.049696322092209644 0.09839783524981485 0.05694501977166348
1 0.44269322233759223 0.16699391003893113 0.24464670160240712 0.1625477154367699
1 0.420390412441111 0.011396461939547783 0.11890582488222212 0.022792923879095567
1 0.41557683289425773 0.7890545938410394 0.14445121196999972 0.17403436068413464
0 0.29829938190398125 0.11172277270023197 0.1750764953818516 0.1503713676042167
1 0.26855556993476704 0.7754443744871179 0.20173603166842557 0.2059502055509382
1 0.22790967799249992 0.04011832262368228 0.25269435598499984 0.08023664524736455
1 0.14967984787999872 0.6713073142207253 0.19656051611703673 0.18238537155854928
1 0.8034207110750451 0.5890029253247893 0.08367095391148141 0.08436968281352505
1 0.7633630561268046 0.5075274322448715 0.09951056738935157 0.10525518577927465
1 0.7650094878424983 0.8579240216744676 0.06826056738935157 0.10398184585538672