1 0.7452578369463397 0.7084240873780677 0.17724209019601886 0.20537720258518882
1 0.47533976198089956 0.1272973986702246 0.2140873257680484 0.18815521049385406
1 0.6419790695231447 0.6946891926249948 0.24083336424263563 0.23917388243296428
0 0.3500669434692453 0.1402032583657759 0.18961311542376214 0.15751270555093821
1 0.49892847396964835 0.7028584727767816 0.27004963828925294 0.27156988836446344
0 0.24722468566469696 0.11396836361270297 0.2281498257680484 0.1887282134596036
1 0.3099304613557766 0.6863752628144002 0.3591319856568478 0.32044774015134936
1 0.9499205774125109 0.3880293798499633 0.07473215988879929 0.12942751482874754
0 0.14974941870483796 0.626590380418617 0.23049606496827524 0.25591571345960346
0 0.9210688911148418 0.3876447192795595 0.08408731252120454 0.08456068380210838
1 0.8791467751429256 0.3370836451730025 0.11659227767481398 0.1217715237259962
1 0.8389781321291672 0.280990154070251 0.12963791469812272 0.1379058596955513
1 0.7807489698781152 0.2505969999256379 0.12591271397248338 0.12059102570316256
1 0.69639381724571 0.20878618471632943 0.15556549763774719 0.16548703163466155
1 0.5978397553574777 0.1714546224727705 0.16003474282842375 0.15942803262324476