0 0.06795855500956588 0.39905096140793617 0.05482955201021147 0.05835787427505377
1 0.6982142486279466 0.2537273900233787 0.15513394505424608 0.14803752614450916
1 0.02374693284939062 0.43426733360839753 0.04749386569878124 0.10449916846619497
0 0.417846950957237 0.34698509563174496 0.0990056936183807 0.10506785352912935
0 0.33608963883215626 0.41048075579957005 0.11737014447989988 0.12968934523075965
1 0.6337560405551947 0.3414651109790846 0.18214287568602677 0.16711941286711748
0 0.26306812150605446 0.47873477094641703 0.10635147396298832 0.11491645020978147
1 0.1635044004147968 0.515703819911443 0.14653005775367284 0.22017263527271602
1 0.552343692310139 0.4351335232215021 0.1962662571793267 0.20845480788809567
0 0.09389196547542003 0.6541635912820674 0.12021105488194214 0.14074524440092268
0 0.4905539018825681 0.5861641495711483 0.19285716758136892 0.2190371103776066
0 0.03221384039565521 0.711894503524485 0.06442768079131042 0.12803175684847723
0 0.003033641703886975 0.7914169827785605 0.00606728340777395 0.14969326929603194
0 0.39504861289086246 0.7010330555897887 0.1717126878111075 0.22362952199532432
1 0.2723923556796298 0.7699508441818523 0.2178571820038342 0.3401784045687478
0 0.14826490628588188 0.8978292356783456 0.14602274562859213 0.16283373195336778
0 0.05700075877472168 0.9293887342284531 0.11400151754944336 0.12606743776222656
1 0.41373781072112126 0.08402407696041295 0.04123377166560371 0.048035680913749566
1 0.35714283962986365 0.11773714874595576 0.07081981212508062 0.06266686597668399
1 0.451085614199104 0.1222335493660113 0.060795462412253795 0.06965057178554282
1 0.27804380784939065 0.1717394097436179 0.06199270229738456 0.06664397095570584
1 0.3614955130504118 0.15999550372497762 0.05482955201021156 0.05835787427505377
0 0.41126215322271564 0.15157842986484235 0.04886364160816914 0.047065176764564676
0 0.2353287067006984 0.20594938899769347 0.05511364160816914 0.04753877344521677
0 0.19205557086789646 0.23168401742193212 0.05042614160816914 0.0471835759347277
0 0.33165581652839454 0.203296140447586 0.06576705201021156 0.05918666846619489
0 0.15195816480535612 0.2633726479207632 0.03875812137843075 0.04010478174358649
0 0.27313308532226765 0.24025261140329182 0.06227679189534223 0.05582487012586892
1 0.10307423417357535 0.28411212302565386 0.062439132929165274 0.08371307178554285
0 0.21874996394383692 0.2815413848485086 0.057406661837907616 0.05390717261537983
0 0.6208603613273734 0.18680184438234507 0.0686079624122538 0.07024256763635792
0 0.06538145239310234 0.3349768060139959 0.047118511550734564 0.04538427759440165
0 0.5739549205807234 0.2104887207319912 0.05537744218251532 0.06304537427505374
0 0.1725446026802754 0.31911316244291027 0.05951705201021147 0.05871307178554286
0 0.02326497118697545 0.37069008568298994 0.03646510114869227 0.033736382573423464
0 0.5460429841735754 0.2505459582844366 0.07236202310146922 0.08911096680652104
1 0.4820819437140985 0.26778192509095755 0.13776381499681137 0.14517263527271587
0 0.12087049141671391 0.35709933713288244 0.04839692195277685 0.05632177759440164