1 0.24650101899175877 0.23112115974902409 0.1112491497644443 0.08600309962937551
1 0.33067911230009184 0.3641917928393036 0.14624886635259243 0.11445183234903053
1 0.3005043052783328 0.2806355606695416 0.15767438190398125 0.13887468455464624
1 0.3864499501418047 0.41588571839221855 0.19341639227157384 0.15811264264190394
1 0.4476109170127767 0.5111654185775307 0.20361159849212934 0.16847299484751943
1 0.5129809302550914 0.6004836926600351 0.22134590263916643 0.1765294738911484
1 0.5930873867584708 0.6780034630665133 0.20279139227157383 0.1590979948475196
1 0.6530863948169892 0.7600019132518255 0.1930062891612959 0.153425142641904
1 0.32236230702175905 0.056783845591790436 0.13911987153638866 0.11356769118358087
1 0.4141683896796756 0.09286821784232549 0.1988461860510183 0.14939454411231434
1 0.4929666244111107 0.13741126288120106 0.21822090263916644 0.17620102315594313
1 0.5814617793593513 0.21168404376586486 0.28441183063166625 0.2249575378600479
1 0.67242711489199 0.33221480001813125 0.298884433741944 0.2311230661684715
1 0.780775440057036 0.4351498518591662 0.3032397430727773 0.2455140169036767
1 0.848234925071295 0.5573627386254719 0.2749001295949071 0.22240968565443212
1 0.893502095311342 0.6747661358699633 0.2129958093773162 0.22849546028682965