1 0.5223468959249045 0.2930480401190499 0.1909548028745439 0.14986113466105594
0 0.5016144740319314 0.40972710863070416 0.20206572464491934 0.15180558057737184
1 0.5285383021389584 0.5247419842212674 0.21647506818567042 0.15542165389834964
0 0.3485293230850498 0.03641367123672669 0.14356635382990035 0.07282734247345338
1 0.5152723887385446 0.6512772023701019 0.263868629430176 0.17575400126594437
1 0.3313486393515327 0.08570679918954258 0.16821269402266656 0.14128474282842388
1 0.4958431862233188 0.7772494253282598 0.28261692536355537 0.1904167019915839
1 0.2496838296584217 0.24653766098510768 0.25813719067468177 0.1942311827542901
1 0.459486616363656 0.9014780990120574 0.2534530988079232 0.16605161905195942
1 0.2231392223579391 0.39454857505025825 0.3343477349340688 0.2358036130615094
0 0.1835769058462611 0.5686954031805593 0.3182024696229423 0.23057047603820102
1 0.1828152526123992 0.72981395245492 0.3563961567044442 0.2381300048941412
1 0.19229656026372502 0.88979658766413 0.34094798660806114 0.21113099527549473
1 0.7501913144698928 0.11933025400671522 0.0699588401927663 0.05536211179556507
1 0.7610472157845672 0.16175336698340664 0.08089463612614552 0.0697519940095502
1 0.7230116138738545 0.041678969160324895 0.07586029258539462 0.06646330290255767
1 0.7326527107625902 0.08803561398818177 0.06509791842239068 0.05363592068857252
1 0.7687798211658623 0.21829354366242892 0.08940082320764749 0.07627481252120452
1 0.6881970952147434 0.010443904361685703 0.07673080957051326 0.020887808723371405
1 0.7819828806137781 0.2886506836809624 0.107800571533655 0.10182044954451311
1 0.7945900402984143 0.4555281596343453 0.1112741191410267 0.09104664065150558
1 0.786529336109196 0.5562002822296835 0.12168964976327956 0.10074902286549073
1 0.7766442951977938 0.6452627822296836 0.11804438445215304 0.09595239546082901
1 0.7605959651715792 0.733762287039007 0.15727689808928708 0.1268948606144388
1 0.5572225644698928 0.12606887124457591 0.15328478923740985 0.11897323320977704
1 0.7356946045231119 0.8319096103599847 0.16995031985966272 0.12889387023308566
1 0.5257201001141227 0.19253960863070418 0.1633534763189118 0.12555061542376217