1 0.34353893638550065 0.34815624608284834 0.14906752559536346 0.20059686068413454
1 0.6219025456688305 0.36498955490354723 0.21236692252391975 0.17983337452429896
1 0.2775032565568811 0.4207687337255587 0.1503199451858377 0.19753552768032884
1 0.5425322916425713 0.46921945707099405 0.23312034723346678 0.2164712114824372
1 0.17018118966394122 0.545823130455798 0.16748324928109576 0.22935853064607842
1 0.07515783167483678 0.6366298611784261 0.15031566334967356 0.25091519566510634
1 0.46390811034722895 0.6291727772232184 0.2557342544001685 0.2718590484405755
1 0.049699318330748296 0.7779432692773719 0.09939863666149659 0.28235619665368966
1 0.34997263884712365 0.7892560899610689 0.25321731726684915 0.2935430474519924
1 0.17951226420657573 0.8873182692773719 0.19185099050967325 0.22536346144525615
1 0.05308172509462635 0.9563501356272692 0.10258729167148573 0.08729972874546163
1 0.7122795376452266 0.04706456726083691 0.059815924709546844 0.0382295118629981
1 0.3590418402737619 0.0891486606075848 0.07150442982861956 0.07761034684397006
1 0.7675217763142677 0.05951282912383501 0.055581447371464775 0.05828734387822052
1 0.29554617689517393 0.11244689775600354 0.06573164839527923 0.06648184585538686
1 0.815351213447587 0.08342517300205553 0.05010664839527905 0.06584517589344296
1 0.24285112024037944 0.1612863043720746 0.08024717105719699 0.08730368182494201
1 0.8753705701713805 0.11097185284983117 0.06961975146672258 0.08998301285158126
1 0.17952864399511076 0.2065550420147849 0.08962217105719698 0.08768568380210837
1 0.11682632856889368 0.24557377965749522 0.09461975146672282 0.09100168479069151
1 0.4451063687736566 0.2573813488583174 0.16143668129534242 0.1684210306460784
1 0.07079911730693375 0.32998327174882985 0.09382035453816644 0.11431185079830275