0 0.6444841870154594 0.3725851518825681 0.17642363466105593 0.19490667626037297
0 0.7067435625212045 0.031610148197186924 0.12742065027015242 0.06322029639437385
0 0.5751637573412122 0.431676069495843 0.18968752649368775 0.21824271671984974
0 0.5553869375636135 0.17982947989788528 0.1871081635169965 0.2335024566049806
0 0.467961381750649 0.48421260848754855 0.2087103450053421 0.22824677740906515
0 0.4336309886520727 0.21994718940650243 0.23151292794496672 0.2573660982131497
0 0.3443081161415523 0.559851828111035 0.21178078130301126 0.22704953752393423
0 0.32542910825218596 0.2663250434269254 0.2362202753125615 0.3030438583280189
0 0.17993804817805226 0.36804989888321366 0.334786750084818 0.36280442188896495
0 0.8428522543459873 0.4372563947032414 0.05736112141421188 0.08295455201021137
0 0.8088964057972661 0.47574057099552025 0.06366568511654273 0.08524757223995003
0 0.7668279568857251 0.506544147574972 0.07939981252120454 0.09019887281429603
1 0.7502332231277941 0.5704544582641875 0.11341271397248338 0.1284091040204231
0 0.7801240427357566 0.16846581665601823 0.12133434137714509 0.13244725430759602
0 0.6906325338349 0.6158582805041373 0.09680556733052796 0.09845780344607676
0 0.6489460308396751 0.6575993570835892 0.10661707694917481 0.11205358379068446