1 0.61387674657714 0.34055663248431 0.10209037650146513 0.2106952729789592
0 0.7129655039915137 0.36945478563122747 0.10005303262324468 0.1606952729789592
1 0.10205717889637353 0.4477680690937613 0.10285969764227279 0.1530830320782579
1 0.8117213389724857 0.3709591240033202 0.10476970752810466 0.1999580320782579
1 0.13413484984690063 0.4660779781007749 0.09083985870696813 0.1258196252307126
1 0.18013309935260904 0.4607804063861199 0.09421952669174569 0.13226988433001133
1 0.9145744249420409 0.37690063850128974 0.09412136760421674 0.16810725478036198
1 0.22510735973273235 0.5072455937707636 0.12651737353571574 0.19823484577334832
1 0.3174195351318837 0.542844329891103 0.12724688539871387 0.2543847162236991
1 0.41875654205196594 0.5692485387135464 0.13161605041774185 0.246872604872647
0 0.5661872989720482 0.5926989258213349 0.13776789133021303 0.28311049352159506
1 0.7251776384016445 0.6114920913067534 0.16604940022746142 0.32700019586563334
1 0.8691796477931846 0.6469115522886651 0.1583297421285156 0.3670244185677376
0 0.45354544714798123 0.11584413402546949 0.026400673916276672 0.03597707279438915
0 0.40529894813656436 0.12363565006459845 0.03115184091247105 0.03783996144333708
0 0.47798703163466155 0.11976087600590501 0.02652800790866543 0.03910207279438911
0 0.5637971976422728 0.11112875077519235 0.03596667490485981 0.04126535009228505
0 0.5134297831175363 0.12453921113879529 0.03102450692008212 0.03471496144333708
0 0.6063985331175363 0.1185815029346607 0.03497717787060921 0.055227720542635736
0 0.704037537071869 0.13112347085640277 0.03772017589344294 0.0460529796419344
0 0.3893357085166877 0.17400588988556565 0.025602177870609387 0.054626943244739844
0 0.35124545950527086 0.181146563851974 0.03504084486680368 0.05679022054263574
0 0.48552495901097925 0.1701916725821324 0.03328734387822045 0.05200259099298643
0 0.5821598784786317 0.17731495527869914 0.041481845855386903 0.061878238741233015
0 0.6471946294672148 0.1778470789682523 0.04836851581733086 0.07790375693983029
1 0.7587860454748261 0.16756281616832586 0.05206651878308026 0.09216651603912895
0 0.7053254644481868 0.18195478563122744 0.04731535178688588 0.09030362739018098
1 0.8328920489348672 0.17926297733480778 0.0696360207602467 0.10264294108527147
1 0.23081489577883718 0.282075613049095 0.08876802273741306 0.11321949568106335
1 0.22800823075980917 0.29008837214839367 0.11134335969555131 0.13180880937615386
1 0.36289256672936426 0.2939772308785521 0.11647652866891205 0.1430466980251018
0 0.24551140714754371 0.3351808266519004 0.04100168479069151 0.08834060919158375
1 0.5122850716722802 0.30790242366186654 0.10636669961943923 0.16265829117755662
0 0.29798249113993247 0.33495148673864816 0.0418293557412186 0.10865310919158375
0 0.4447301571475437 0.32241430907161206 0.061216025703162556 0.12547966378737563