1 0.42240121958340604 0.3148663632806746 0.22972826708875882 0.18482578948585876
0 0.5018590505413607 0.23453562314491067 0.18230769780928674 0.16142458334297147
1 0.23251172466447798 0.8439496162141202 0.17766566191590932 0.16252196272868283
1 0.5583340225655422 0.14090548608059034 0.22035326708875883 0.18389554825728127
1 0.26667377599726144 0.8210850018117177 0.1473871285298145 0.13926369883818737
1 0.28750075303600786 0.7746157492521814 0.15372805674305984 0.14300885965723928
1 0.6210817266430351 0.06301877008792425 0.18694973370266404 0.1260375401758485
1 0.3535803941022347 0.7524790606521392 0.22714883636823108 0.20326570907633296
1 0.43669442247376467 0.680354470004468 0.28086486975432584 0.2288495760382716
1 0.5162886457515874 0.5953362298687042 0.27305236975432584 0.22807437501445732
0 0.617400167854911 0.4668962170710224 0.3094899749271754 0.24882779972400398
1 0.7236310989711503 0.32314733365905196 0.36071750580598766 0.2959765862764171
1 0.8167028005413606 0.20329502188518478 0.35777436223247827 0.30191650586689134
0 0.1332788836108864 0.37237753105943106 0.04327863855894436 0.041686085528598496
0 0.11316496041220599 0.421113013516586 0.04493206677218971 0.04496612573336134
0 0.14944945289035858 0.352077129011802 0.04484113855894432 0.041841125733361385
0 0.19087608643473802 0.2669511238927293 0.04975595909205777 0.050118746347650144
0 0.17375077091618954 0.3200640259403583 0.043369566772189706 0.04481108552859849
0 0.220001296780437 0.22978540020699692 0.062392351411925784 0.05604656798575345
0 0.28562394827150506 0.14303752191409919 0.056096887305303156 0.053863907166701794
0 0.14946016158670494 0.4587982986022762 0.05904003087881238 0.04792398757622749
0 0.1343065230277606 0.49769366044514235 0.0655628155185485 0.05791914839527923
0 0.19890388361088643 0.3658658424593889 0.06078438730530315 0.05432902778099047
0 0.2583674633151999 0.2766131249855428 0.07364810015828453 0.06806934941909377
0 0.29598713526023906 0.21523470027599592 0.08959134890464338 0.08055725146672285
1 0.34825198040395866 0.10566343382596433 0.10383570533113406 0.088202613309589
0 0.3317715225655422 0.16338631577121196 0.10218227711788863 0.08492257310482607
1 0.39919836645562057 0.04821871252727089 0.12005173871722885 0.09643742505454178
1 0.15703566620555848 0.6535742068617914 0.13470527210332378 0.13177337720008425
1 0.16234529183237906 0.6585003161451212 0.160523626022532 0.16237902047629085
1 0.24077783188239152 0.5330896363165017 0.17325094655564544 0.17143184211439397
0 0.212140703352577 0.6605702795927082 0.0956594924781526 0.07492741228577451
1 0.33584394246551735 0.39823853433787165 0.18722251834240006 0.16970220395726016
0 0.2416068944979461 0.6116858059069759 0.11629024122451134 0.08788043494769227
0 0.311232735880742 0.46767411730693376 0.13563127461060623 0.11005341740484713