0 0.7451970483975929 0.0912015346684331 0.1247251808672221 0.13118584030732108
0 0.6775803214418522 0.13705591073144902 0.1142756964186109 0.1536029742462448
1 0.5984888522618059 0.17221190285554128 0.15716582544787006 0.20054161818710817
1 0.3359902693210655 0.31774676983470146 0.1475762119699997 0.1795913893989355
0 0.24054177681393596 0.38914315089868723 0.112771985014259 0.1364154742462448
0 0.15147998534356572 0.45846684893213485 0.11923659849212935 0.15711061151914837
0 0.8796226921297692 0.23924093769315222 0.16974373788898092 0.2201844384905499
0 0.7952873568799544 0.2988707713325135 0.16845463996249954 0.22318189273291536
1 0.7167720861447693 0.33630674057778853 0.22521177935935127 0.28676590273485497
0 0.6044197661635196 0.4501935105816678 0.20849317106527732 0.2729904451585096
1 0.50272127365639 0.5221000746761917 0.26165641875620305 0.3486918178875458
1 0.3570677295941216 0.5999216699844826 0.23392239802101794 0.31540108576539333
0 0.24400251013125143 0.7130909628671793 0.2398989959474994 0.31278626879593147
1 0.11824091376030155 0.7898124437813838 0.2364818275206031 0.3538895009180839
1 0.5518755668237038 0.024299336429710303 0.0899209539114814 0.04859867285942061
1 0.3629115201695373 0.08982906392534605 0.09482306738935158 0.10857751666989943
1 0.45379008986796315 0.0529352286189948 0.08353425287472209 0.08593724212409222
1 0.29807804062189847 0.13933459847309293 0.0810927580585183 0.09349465060882318
1 0.22292221573967633 0.18270170332428154 0.0826552580585183 0.09362219636645767
0 0.161721584118519 0.2350133734779421 0.06470634043361101 0.06578423879011233