1 0.7161660690855913 0.4364402392374515 0.17060682835784552 0.1775253856391387
1 0.9519525432492231 0.5633364251148257 0.09609491350155394 0.13277874884979662
1 0.2775086035726161 0.21969180179915648 0.09915455223856355 0.11630070325334925
1 0.6367209085247132 0.4446623439449935 0.17191702283992144 0.20252538563913855
1 0.9071894595200813 0.6352156333797062 0.18562108095983731 0.2008868817778108
1 0.5534004754625979 0.4973185684356455 0.19567542740790564 0.2415372163982535
0 0.8533296336486268 0.6713051411023617 0.15564356965141818 0.15836153015113616
1 0.4271655240831169 0.48578136904362407 0.21055679895920326 0.2591385718862558
1 0.7849791033454734 0.7136573161352386 0.21870349163225705 0.2370186422115907
1 0.28940325248639087 0.535439266636489 0.24623534938874458 0.318437568024928
1 0.6602015106269912 0.8039148791076609 0.2850455438708206 0.3487078493262675
0 0.5288496913142573 0.858779615161809 0.24886902645796613 0.282440769676382
0 0.3431954743309441 0.8569996029822369 0.27033459068231736 0.28600079403552636
1 0.8197536572815178 0.22300277324991552 0.05599105042954129 0.06215373184356458
1 0.8602901260738532 0.2566176496054777 0.058044873360319826 0.07174832689778707
1 0.7369035357302203 0.195849032903235 0.06725609905006032 0.06994089722312195
1 0.6928259871097012 0.18345037138500536 0.0561548247398008 0.06527873184356454
1 0.9009903691764481 0.29335752596103987 0.06626680913596843 0.08065880216889942
1 0.6517915513340525 0.16992839997522072 0.05952548620519007 0.07040542195200947
1 0.6087818577564876 0.16310828598410232 0.06297803482570892 0.0770946120604545
1 0.7866445861597615 0.2571243845299096 0.07276247060135788 0.08622468238578937
1 0.5677883655584036 0.15036756457431769 0.08254690637700648 0.09535475271112434
1 0.7508299168924562 0.25441744828279245 0.06157930913596861 0.08000001700623205
1 0.7113989246943723 0.24189632192723023 0.07276247060135788 0.08622468238578944
1 0.5190609384891822 0.15282532036630936 0.07876680913596842 0.08241556260267938
1 0.6683892311168075 0.23507620793611186 0.08213747060135787 0.0875422527111243
1 0.46519563206674713 0.14603054099563356 0.07547803482570892 0.07885137249423435
1 0.616622013228983 0.2239233211467698 0.08057497060135788 0.08732265765690188
1 0.34094258254171694 0.09832357923916836 0.08608798620519006 0.0741385378737918
1 0.5576973925821967 0.2241724590863153 0.08575379353213641 0.09735644281956927
1 0.9146544787419583 0.4209082037050411 0.11017393939369349 0.11940036863290655
1 0.9611753960308992 0.44668524544016064 0.07764920793820167 0.11298144281956937
1 0.3591503499545715 0.13500432730850448 0.06404921189493056 0.06793920711467698
1 0.494293311849502 0.2129351093903046 0.09076884215265543 0.10426522798223674
1 0.8848408259829963 0.4291261001477025 0.10400582654882307 0.1200844884160166
1 0.29015136646291484 0.1353885973956038 0.07276247060135788 0.08622468238578943
1 0.428214610470021 0.2098523195858489 0.09158771370395295 0.11989022798223674
1 0.8439668424913396 0.4334630812108067 0.12694535956551006 0.1434713191751314
1 0.9844170228399214 0.5385898138348317 0.03116595432015714 0.09140204173511961
1 0.34725121551297516 0.20390212676627958 0.11304663387576941 0.14461996368712915
1 0.7946219397323777 0.43893603947568705 0.16739994120271576 0.17552369553069372