1 0.6001197721554876 0.5273945590938204 0.065706078921556 0.058502442182515324
1 0.6094146932562241 0.6259538148691876 0.06337617541591278 0.05206981212508062
1 0.5987639695485477 0.5771611992661242 0.05731802629232359 0.052901791895342144
0 0.6136789520649171 0.7009436703573819 0.04717562278668055 0.04555601155073461
1 0.6228641012330913 0.7939428611040318 0.07817838593284243 0.07228085258455756
0 0.6157359257725934 0.7487318206445549 0.045613122786680546 0.045373381493299905
0 0.5837263686275518 0.48664780331845303 0.049313675415912785 0.05042614160816914
1 0.5464942983140559 0.20255688570517819 0.05498812278668055 0.04646916183790761
0 0.5754193949198755 0.4381291328015415 0.06063487716873439 0.05482955201021156
0 0.6037412459077489 0.6657062498404704 0.052246824539502155 0.04922890172303838
1 0.5580518904932366 0.3536831067964358 0.0655142280451452 0.05693994218251532
0 0.5632200177065559 0.39549520216976075 0.062581078921556 0.058137182067646086
0 0.6254432416371577 0.902019161678378 0.050492473663091175 0.047483771665604024
0 0.6167664126710166 0.8629668061901838 0.041720719281037336 0.03875812137843084
0 0.6101594038846162 0.8328734608168589 0.040953315775394114 0.03250812137843084
1 0.5395748202912033 0.297636025877482 0.07135283330361002 0.06686283235481909
1 0.6251436188727697 0.9779474854658641 0.06803598242719922 0.04410502906827176
1 0.5281151535948133 0.23606946518826666 0.06219737716873439 0.05501218206764609
0 0.5040508688950622 0.9938464233407833 0.06784413155078842 0.01230715331843335
1 0.4553858248515975 0.6412338293554647 0.16282631573080905 0.1345373554562883
0 0.4920433425581535 0.9751827021697608 0.04912182453950216 0.04886364160816896
0 0.4778690705810062 0.8776380562220897 0.07212023680925306 0.0731128323548191
0 0.4816942416594502 0.9303876515954148 0.06296478067437761 0.06126218206764591
1 0.4062836931224688 0.33118917619656096 0.1521083595959336 0.1225040751116806
1 0.3948922588755705 0.256158735449911 0.12713605258464736 0.10726462425016141
0 0.46077649599691906 0.8296774203892877 0.09300828943848546 0.08017452310146914
0 0.4270808204249585 0.5555093929483167 0.1263409560902904 0.11333199419272688
0 0.4501801582443775 0.7610796097000725 0.11562299995541495 0.10129871384811899
0 0.40450364930192945 0.41022732648373406 0.11543114907900413 0.09973621384811918
0 0.44048868891875514 0.7044744940970089 0.11855614907900414 0.10010147396298841
0 0.406506237054471 0.47782067185705906 0.11093549995541493 0.10075082367581523
0 0.041612947393060165 0.1547889667517557 0.08322589478612033 0.11270293350351142
0 0.11479651801865143 0.9586647832163383 0.125162157843112 0.08267043356732344
0 0.04306667548279045 0.23598823698149415 0.0861333509655809 0.11885147396298831
0 0.053780208426218876 0.4581168930440345 0.10756041685243775 0.1711242051691153
0 0.04140925006687759 0.3387885621250807 0.08281850013375518 0.1432021242501614
0 0.08153985326807053 0.8850649566049805 0.16307970653614107 0.16568589591576527
0 0.07133414051552903 0.753977290427571 0.14266828103105805 0.17552761557115737
0 0.05437110758324688 0.6068181936183807 0.10874221516649377 0.1919845953414189