1 0.30533774108616657 0.2919555422894106 0.1473311081991268 0.10631088161382526
0 0.4303797812193908 0.9138236915602491 0.06640204173511961 0.05624056396889969
1 0.4777827275305449 0.6586857513032294 0.2223480262898084 0.20194239631792996
0 0.5301686452105091 0.861001419504092 0.15440881917513138 0.13476433234903062
1 0.5419550675732362 0.5087749410103561 0.3155828323200357 0.2409907422712793
1 0.6668833144923688 0.3701817533295767 0.3516639235129304 0.2786502496233318
0 0.6641593751234098 0.7784142527796838 0.21675681145247588 0.2059729948475196
0 0.7967311962292053 0.6621089875256859 0.2190034312355859 0.20005144558272486
0 0.8440200942327877 0.500887631644044 0.16878383618136333 0.19323373381944098
1 0.1776603477243724 0.40081899412440186 0.08378380216889951 0.07038281764492567
1 0.20286306720349315 0.34198126508077303 0.10536320325334918 0.10343929668855453
0 0.21632170206217133 0.2736019516617665 0.0822466367893421 0.059445317644925756
1 0.2198900579199167 0.4618058069935154 0.12921455874135157 0.11980095183499131
0 0.2804179532123748 0.3761639579140329 0.11947637249423435 0.08337077573218332