0 0.24705755794510842 0.614773245242489 0.0820211126994268 0.0768579065339754
0 0.21077505079768769 0.9453511571531479 0.042897731206126874 0.0346318651776464
1 0.3052049133694908 0.3323438889561828 0.10584416183790761 0.05465757485477489
0 0.25754862010209506 0.6930266778313122 0.06696429189534232 0.05440070967712849
0 0.22101246410336656 0.9878735662730211 0.03802760114869228 0.024252867453957806
1 0.31857747118697544 0.39266495884855895 0.11134335258455756 0.07511562406898661
0 0.2794236128908624 0.7545292580627706 0.0985592629865999 0.08539815260503403
1 0.34353687871728705 0.46138072559778187 0.14975650287173076 0.08467471463952717
1 0.28954941493297986 0.8359076906515938 0.12558848264199227 0.0773330955329393
1 0.3666801301850583 0.5590755169541108 0.18622160402042293 0.11745298138875011
1 0.31263179211868375 0.9139620700972639 0.1380884826419922 0.07791529238978612
1 0.38366469668154696 0.6556979598820163 0.19918832367581524 0.10873295285270287
0 0.35118697999360304 0.9715615156110673 0.0864448121250807 0.0568769687778655
1 0.4311180131780355 0.753739507648486 0.2032264739629884 0.1166910020669146
1 0.4398335045309375 0.853904327540862 0.183847413273773 0.09714048138875028
1 0.48861596119973 0.9472947626108846 0.21996754333120766 0.10037679735218497
1 0.6193080274728769 0.09796900475300176 0.13906251442246537 0.1261344685684686
0 0.5417409539884973 0.9932599642252423 0.1516233814932999 0.013480071549515315
1 0.8013494147734501 0.18028500681991635 0.25381495660498066 0.19053091645877274
1 0.8788656358966136 0.2899382967285032 0.19989855488194203 0.14139990363849114
1 0.8957690246649582 0.4611797499954908 0.13029628608806904 0.17079199710451592
1 0.08673898854498323 0.4541331900324213 0.06503653178047304 0.051202935070022625
1 0.08856528190809675 0.49899192576439766 0.05282062137843073 0.039756012820281586
1 0.09590091052966603 0.5370377353176916 0.051623381493299945 0.04280823821317572
1 0.09979700880662762 0.5843493829603268 0.07404627166560378 0.04851458271265781
0 0.12363020245691421 0.6223780758882322 0.0521712716656038 0.04749573821317572
1 0.114417529068272 0.7146383504953381 0.07652192195277685 0.05639985731976367
0 0.13657662587746233 0.6661837338699496 0.05438312137843071 0.03982878742738745
1 0.1872868931397523 0.33313579342324345 0.07146916183790761 0.05305653349844599
1 0.19353688592851967 0.39391062758364326 0.0764204624122538 0.0688270827126578
1 0.14068578053604325 0.8124786910658786 0.06787744218251532 0.06221320967712849
0 0.15645283254625475 0.7582278387085137 0.0537337716656038 0.047568512820281586
0 0.20789362003828318 0.41892989826180765 0.07045455201021147 0.05767125889134021
1 0.20113630791320247 0.47674239826180764 0.10454546241225379 0.07013702564056316
1 0.20496138018505833 0.5515433451186545 0.11337257223994987 0.06588617328319835
1 0.26598008675813295 0.23782760152879537 0.1141842629865999 0.08612589867609247
0 0.17881483401402604 0.8558862427612898 0.048681011550734565 0.044225188998964174
0 0.1852373123484222 0.9017445523145835 0.0475852312061269 0.03485018899896417
1 0.2825689596043349 0.29751297063538323 0.09498783235481909 0.06813787799792799