1 0.2894480202935503 0.23603878746435245 0.09478491327377299 0.09644435598499985
0 0.4009131070197773 0.31443860659713047 0.13685066470963822 0.138787680867222
1 0.18328933532226763 0.24455320796398192 0.11791803465220366 0.13558476842611092
1 0.8112519654435142 0.4556153704515758 0.1613027745373344 0.13628739745537005
0 0.3234476012444101 0.3420940063615748 0.12362014447989988 0.13144407257314789
1 0.7307121894384083 0.489725821771159 0.19987826585833054 0.17523232026407384
1 0.07876416914485805 0.28540167483495393 0.12508118493937675 0.14394407257314795
1 0.25103485558391203 0.3662143030157413 0.19902599706445745 0.20763471715379592
1 0.6506695666241123 0.5725082189437052 0.2441558670070229 0.21003654721981455
0 0.13741877900446015 0.4186837750705096 0.1515422253988537 0.15863128916129607
0 0.0551085405073358 0.4400987367576854 0.1102170810146716 0.14632677879370348
0 0.5987012140395547 0.6466483479729643 0.19519076585833056 0.1748222171537961
1 0.7592125652201529 0.7354491334110664 0.17037339591576525 0.17419750056564798
0 0.0023234321314579507 0.502295231856713 0.004646864262915901 0.15790953628657398
1 0.47911921984682787 0.7700065184725937 0.3299107513720535 0.33507479491074027
1 0.6826399062858819 0.8480851259181958 0.20529628608806902 0.1818924233743516
1 0.34055387303763757 0.8308448565971304 0.2898742195915804 0.2836298721020364
1 0.5891638441608011 0.9134845334583346 0.1714691618379076 0.06449030989648108
0 0.19897513749200876 0.8579233493870838 0.1757102456285921 0.16693180471268496
1 0.718262955264833 0.19929560287393663 0.0956168930440345 0.09033105702175907
1 0.7653408743458792 0.21992116969764042 0.09772728321633828 0.09515525805851839
1 0.6800831648053561 0.21500807723777915 0.08725650287173074 0.08496005183796278
1 0.499705737045306 0.1704747016488899 0.10819806356094616 0.10535046427907391
1 0.6162540246330523 0.22523196922652905 0.1275771242501614 0.12560417568342572
1 0.5674614090299889 0.2457392503293067 0.10314530344607675 0.10181536116879608
1 0.40100443647095985 0.19457516592796378 0.09937095373324989 0.10921775805851834
1 0.4865056431397523 0.2767930521672695 0.14383118493937683 0.145584485014259