0 0.372452772954476 0.36472594308785633 0.12108740363849116 0.19158432757475108
0 0.03886979321835569 0.38397328423772625 0.07773958643671137 0.07844397748246604
0 0.4706334077768296 0.4101967342654128 0.12533825599585596 0.18250971622369913
0 0.01081541377268561 0.44973918414544123 0.02163082754537122 0.08385336829088245
1 0.7203037679920772 0.46694259175895353 0.1818879706353833 0.32633886181247734
0 0.5968469973139128 0.47626992211148184 0.12348896567298447 0.2431468275747511
1 0.8532040051717956 0.5240412978036199 0.16106604838564217 0.3140996776670363
0 0.2555241763880794 0.5703670689368778 0.16589048138875012 0.18355058451458142
1 0.9312540765119139 0.5643041548357353 0.1041610769216895 0.2964325138796607
0 0.37964657299725724 0.6645151920081223 0.18965762117350238 0.225577398209672
0 0.5111983258927413 0.7842140276024377 0.15837338792272532 0.2562871776670363
0 0.6679727107150949 0.8334396768918438 0.16280833085063087 0.284612436766335
0 0.9281118440897064 0.8336549321336312 0.08177234656639669 0.2171059592838688
0 0.8248220241973303 0.8474089466316006 0.1539769863511488 0.2622367890180882
1 0.34400040301931867 0.0839475100221493 0.05916098428423435 0.06610466378737556
1 0.4180008291980011 0.09339116363049205 0.08659677956950454 0.086556866131414
1 0.5948180403228716 0.09923705274086533 0.07660534946188058 0.10616845928386878
0 0.5305179458233896 0.11705680598006782 0.06286818114108109 0.0788049228866742
0 0.25295371794929605 0.13766519046696266 0.07420378742738745 0.0546059592838688
0 0.21169086311073185 0.16558063695090497 0.07620293507002254 0.06408108883351807
0 0.6660723021096958 0.15081814157438342 0.06196065260503403 0.0927672933370249
1 0.7310979886274606 0.15106726788483024 0.07264559553293921 0.12149307063492083
0 0.17822123759400316 0.21123429595791854 0.07449488585581085 0.0608559592838688
1 0.8025534576102139 0.18150454194352367 0.08194782092583353 0.12053134793281677
1 0.8795868385036261 0.20994851942598974 0.09175946856846835 0.13050712523071265
0 0.15138260173819232 0.26593228793835405 0.08699488585581086 0.06165699568106335
1 0.07058421195344003 0.30150074568106333 0.09484592721213972 0.09643251387966068
1 0.9444819383797916 0.2634728400609106 0.04808224317557439 0.12926599784053167