0 0.2805699999710856 0.5674760837168809 0.09321229167148574 0.09743467105719716
1 0.28688653870912567 0.6548864656621284 0.13945503290006317 0.11130583699532118
1 0.40309093931894624 0.19936327487645925 0.13584071638103262 0.1372481761762697
0 0.364176964511486 0.6949022862074181 0.10931451023814542 0.08820261330958896
1 0.37518100324952613 0.7827777887669545 0.1872481761762698 0.14080200293344572
1 0.4957271801447001 0.8957236458646574 0.19147055556198095 0.1365796235477344
1 0.5959629056999789 0.09227041852657507 0.15807418860004213 0.08066389986200204
1 0.5919098976474606 0.30803836077896707 0.23999050805251834 0.2357681286668071
0 0.5573574286779772 0.9678612180347101 0.1469574524905374 0.06427756393057962
0 0.7215115953928346 0.10709490500998912 0.13448164839527924 0.07677579679055842
0 0.7357082894569442 0.3854222204362062 0.21875986477631174 0.20890764620965224
0 0.8640851132806745 0.5228133388648679 0.18579232457154893 0.20408930190963126
0 0.2139954952259222 0.4433178234787354 0.057311085528598496 0.047458866961938816
1 0.22864902775207607 0.5023645961406531 0.11350059576674391 0.13039011330958913
0 0.47952864399511075 0.247972845421749 0.09352237208101144 0.10055967105719699
0 0.8945137536234355 0.6773095048029922 0.11748324928109569 0.2328949524905374