0 0.24385609067405012 0.6629063653487146 0.06988616510280768 0.06977147416188796
0 0.23232872878955116 0.7170830289394156 0.07101162252816076 0.06373180688002815
0 0.27318831159305645 0.6086546254994014 0.08293246832111638 0.07926663590700951
0 0.3002860431557246 0.5531558847272986 0.08158848960843983 0.08218130318886914
1 0.4398937544394754 0.1946225135849246 0.15597648441265974 0.12779410822331796
0 0.3293286869712088 0.49197806123705556 0.10968063861970415 0.10763195939725242
0 0.3643317536831708 0.4230328232333219 0.09172831411407198 0.09438079949771035
0 0.3962098203951328 0.3545082506658686 0.10499313861970413 0.10700096124283194
0 0.4298142780725874 0.2834295953802751 0.1014310960450572 0.10033029580655155
1 0.3701290135705279 0.6389433315384293 0.1826153940675857 0.15459693171356098
0 0.3210638108367519 0.8204486504147237 0.08885468639013112 0.07542046677957037
0 0.34069324982477306 0.7721464068742518 0.08896394703379285 0.0769829667795701
0 0.37727524203110285 0.7138231697933077 0.103791271539425 0.08981346124283185
0 0.448483242535306 0.5587451937858405 0.13610102698730664 0.13130978288749554
0 0.6273826827838349 0.1252720028443823 0.11335194183801285 0.11586512483353287
0 0.5067270672930396 0.46732404772814407 0.15928715471124733 0.1530044409414582
0 0.5450954346254203 0.37238722700627025 0.14602233020561534 0.14038427919633661
0 0.6250282251063803 0.19214400376717206 0.13566398441265975 0.12505978288749553
0 0.5941827806704775 0.27910307725741507 0.14445983020561534 0.1401739464781965
1 0.1314207007169637 0.38937839639063065 0.03143567029858776 0.028996321644663592
1 0.12380494267119199 0.40975097726319143 0.036450952229572973 0.03431481979908422
0 0.14623159972822797 0.36571556828643903 0.030091691585911205 0.0319109889265234
0 0.12005722979795733 0.4412113099813316 0.02184214901126431 0.024609325335822517
0 0.11389471110852387 0.4629360581357521 0.02685743094224948 0.0299278234902431
0 0.1057872801662744 0.4903398890083128 0.024857888367602544 0.023467490772102906
0 0.09873425083317922 0.5137323035218035 0.023513909654926037 0.026382158053962712
0 0.16839082299302285 0.402975244796196 0.04993429802252858 0.050059981544205635
0 0.15766649044161904 0.434600824745967 0.03677873416055819 0.039002319799084265
0 0.18463853586625759 0.36983225033293426 0.04826253737886681 0.04828714882606544
1 0.12104093956909887 0.5378158963906305 0.06330838317182245 0.06424264328932719
0 0.1391789343733188 0.49977506920922876 0.03677873416055819 0.039002319799084084
0 0.1538095169247226 0.46762365746410717 0.04179401609154336 0.04432081795350484
0 0.1969421578902152 0.45949575771525203 0.05204310124083724 0.05808281426234583
0 0.23058482039513278 0.37680351878872864 0.07268338317182244 0.06550463959816835
0 0.18456249018951748 0.5037265040240932 0.046809298022528534 0.04963931610792542
0 0.24905059713033792 0.3340751916073267 0.07177644703379285 0.07466930688002815
0 0.16933097409797412 0.5444716657692147 0.053168558666190344 0.052043146980486024
0 0.21831441333809684 0.4194717650975698 0.055058840597175515 0.056940979698626215
0 0.15800570800643074 0.5846909957189858 0.046372255447881636 0.04338931610792525