1 0.20491704408804975 0.45625 0.12527092975338175 0.1421875
1 0.0002927764260788305 0.48828125 0.000585552852157661 0.0953125
1 0.018289219414792522 0.51015625 0.036578438829585044 0.0890625
1 0.29851773271700205 0.52109375 0.1797645788323859 0.2296875
1 0.03099541679670642 0.578125 0.06199083359341284 0.1171875
1 0.452000741525695 0.59453125 0.21772935950676348 0.284375
1 0.06530910759439315 0.61875 0.1306182151887863 0.1328125
1 0.8690517766267115 0.62109375 0.1116455174390456 0.209375
0 0.12334472844641076 0.7515625 0.21712611388881747 0.2921875
1 0.1921521144684232 0.865625 0.3017483507426556 0.26875
0 0.27031750011146266 0.22265625 0.05923653505643154 0.0625
1 0.3275544474822303 0.22734375 0.07091374557336101 0.08125
1 0.557132175549668 0.221875 0.0787262455733611 0.08125
1 0.3905479211676141 0.2296875 0.08516809644977172 0.0828125
1 0.4504440878417116 0.24453125 0.09725670170823655 0.0921875
0 0.6119709869653007 0.24609375 0.07272348242719921 0.0578125
0 0.6556666010101659 0.265625 0.05846913155078841 0.05625
0 0.5044472633022096 0.28828125 0.07853439469695012 0.0796875
0 0.563576026470664 0.309375 0.08086429820259333 0.0859375
1 0.6186610747178424 0.3125 0.09618667537132772 0.134375
1 0.6982259563132158 0.3453125 0.08859371923645228 0.1234375
0 0.12159722390830911 0.44765625 0.1085225174836307 0.1203125