0 0.8812105146612389 0.3097744963877091 0.05294450981529408 0.074419424961875
0 0.8480150979925156 0.32232839456409795 0.03930014706898603 0.06631598423243057
0 0.6353016421058072 0.34559832114149364 0.0985342647291116 0.1517820119678473
1 0.793477254852115 0.3414407640551396 0.10863549022172717 0.16758884992375006
0 0.7128148528878222 0.362296818291702 0.10699377453206509 0.14575021751493064
0 0.8559288724875593 0.4181500408406258 0.07108710785717136 0.09197060087368061
0 0.907108455818836 0.43266778894076474 0.05050612746307905 0.07903418977951393
0 0.03778069849130156 0.5797076434267362 0.07556139698260313 0.17245818787965278
0 0.108241911668523 0.625730617875521 0.126888137278373 0.15399912860909737
0 0.2455394851845054 0.7159406566288544 0.18429127454440553 0.22696515634451409
0 0.3999188969455818 0.7430512833380907 0.1837939216010513 0.21293902393569458
0 0.5456209557571337 0.8240499762517366 0.17777279415031302 0.21435605357097245
0 0.0015571690577595976 0.8712041591943056 0.0031143381155191953 0.1942604526972918
1 0.7053744851659948 0.8465822057345147 0.19099901964292876 0.2302356267092363
0 0.8017719361450562 0.8574489301832994 0.10932210786951195 0.17227634992375015
0 0.8623859312435794 0.8557240824437509 0.05093303923649586 0.13510235182361113
0 0.06543372542474332 0.9242746078075348 0.13086745084948664 0.1514507843849305
1 0.2818398529186733 0.15236781268902805 0.07508799020938675 0.08739220364722229
1 0.35148553919330405 0.1532049204965628 0.08671210785717154 0.09233427678548614
1 0.4519983087992115 0.1680869977188893 0.08991632354683361 0.11420927678548613
0 0.5181756862499499 0.17119512034406295 0.06281686275864828 0.08866376291777782
0 0.5955942646797496 0.18318793369868108 0.054009656871939885 0.06042966014423614
1 0.18958416663170205 0.23096363174322937 0.08583622550495625 0.09698540919430565
1 0.7217342401661953 0.2104251937666673 0.09132916668723397 0.13448540919430566
0 0.6482571323213642 0.21968978457236168 0.07665049020938675 0.08742857123840286
1 0.2530150734913016 0.252821754368403 0.10172970589904881 0.10981271751493063
0 0.32854764701962447 0.2616350163362503 0.06708622550495624 0.09654899810013892
1 0.5568817156464705 0.2708691184442019 0.10147000002468083 0.16119337955902785
0 0.38908242642848556 0.28185790377906283 0.07714784315274095 0.10145470364722228
0 0.47646799015385477 0.28467573888517406 0.08412406864535668 0.11718880642076393