1 0.6927982620787775 0.3249389718906783 0.06229656798575345 0.06126475292686617
1 0.6613750749454582 0.34661852917046654 0.07369918860004213 0.06601588544042354
1 0.6199446290407163 0.37760945393669737 0.09836491228577451 0.09426815046753827
1 0.9529737755953634 0.4444030859592754 0.09405244880927306 0.09746587334017516
1 0.8847278892788617 0.4572298180052945 0.11087701023814525 0.07872496369925486
1 0.8790678052169861 0.5024832306712771 0.0865092690095679 0.0692136083130606
1 0.09925327671709139 0.6619141927202118 0.06395361842866168 0.14091589149054773
1 0.8925332237146467 0.5673678872871353 0.16350059576674383 0.12119426483072289
0 0.8613838231337404 0.6390201734896847 0.1436532163810326 0.12576359016268784
1 0.8192133534742674 0.717635531999137 0.190622766823941 0.20567834913967822
1 0.7318612281148152 0.828781589377121 0.23808163378587982 0.2590487888348279
0 0.638354769786301 0.9153896924256241 0.19986692252391974 0.1692206151487518
0 0.501283596543477 0.966552216626121 0.1802592690095679 0.06689556674775794