0 0.46549637966386215 0.7320482531218417 0.07210589513591366 0.071503397223122
0 0.4619312152647172 0.6924240981760642 0.12179608343348355 0.09996624884979646
1 0.43982532012880354 0.6279477426880617 0.12304877173105315 0.12162165379557414
1 0.45668138255369095 0.5681800135556216 0.1283395263662467 0.12696793895824143
1 0.6050750333477056 0.8628971074596408 0.11285306344779489 0.16161320325334927
1 0.45027794034338486 0.5005406561369554 0.11932051709585974 0.11649496368712917
1 0.44919652666669707 0.42060822646229035 0.1516221205150316 0.14097976971735632
1 0.6465900101717381 0.8457180665049815 0.12802971466381657 0.14840374884979646
1 0.4665403961588212 0.3348269849654063 0.1785867902718273 0.14783788563913863
1 0.7045425108941952 0.8132054162009922 0.16285306344779488 0.1686402449884688
1 0.7079244228255183 0.726229069216106 0.17095900638055817 0.19586153015113617
1 0.7872573957368143 0.6691049397796764 0.21730674103006323 0.26988181145247586