0 0.6141023643152084 0.2583578664807388 0.06561171189493073 0.06741839513591366
0 0.6006440518998793 0.19999647525756142 0.06824538896415203 0.058445564892709356
0 0.610867821687583 0.32007661648073876 0.08156426051544959 0.07567924391989207
0 0.6092367226375227 0.3812152013591366 0.0801655348257091 0.07860315904149422
1 0.6389696517429092 0.7743686674678675 0.15647572930778503 0.11325523320459059
0 0.6079774378118137 0.45026682867673334 0.10779256784239592 0.10233410197425759
0 0.6063496607880208 0.5263497059943301 0.09003185775648763 0.0891846683118814
0 0.6062024966090981 0.6041961681903247 0.09998006784239592 0.10132867758226834
0 0.6060143888526104 0.6828238803863194 0.09957063206674696 0.09351617758226834
1 0.4926534102221938 0.30958220816170173 0.18270403663473153 0.1399100912589561
0 0.4549055059928938 0.11438661937056757 0.0905298247398008 0.06907325319027913
0 0.4575900927184822 0.16821541644496002 0.08904921189493056 0.07043466831188128
0 0.44781894504790287 0.23459857693136862 0.10524742198083885 0.08338301709585971
0 0.4490085515611951 0.4069993786409546 0.13213082654882308 0.12253787515022516
0 0.47431957428957483 0.8845278447496856 0.10968261646291495 0.10878518685265562
0 0.4332839750123719 0.5119423269313687 0.1533440852552504 0.14233947856939705
0 0.44042036635137316 0.6158947559585514 0.14347776232447199 0.13175796929901012
0 0.44330194764989467 0.816041477424933 0.13492827792830409 0.11669004490702087
0 0.43324859622498524 0.7227249210801535 0.13879026232447184 0.13115471466381656
1 0.869825662597043 0.5114933806867696 0.03247830732694652 0.02745919756795683
1 0.8678470827688596 0.48921621092997397 0.03741146879233561 0.03274995220315038
0 0.8644454438047073 0.5391156684907751 0.027954581637205676 0.029980942932763276
0 0.8553404387163248 0.4577189470243934 0.019814533016686654 0.022725518540774026
0 0.851140939620836 0.43279639995000097 0.024829581637205677 0.029578773175967576
0 0.8463239648356066 0.40464831043640964 0.022939533016686654 0.023127688297569858
0 0.8413841593176826 0.37884397092281824 0.023103307326946522 0.026252688297569726
0 0.823731912597043 0.5055613767740332 0.04752345318850324 0.048018961473537305
0 0.8184612364323327 0.47106274482124305 0.034532130257724704 0.03703528244635468
0 0.8225478708739289 0.5431619192132322 0.04744156603337339 0.046456461473537304
1 0.8062655308689802 0.35859401871966784 0.06215916327441171 0.06076622537911795
0 0.805617077680477 0.4009826035980657 0.034532130257724704 0.03703528244635468
0 0.8060774231124925 0.43722173091566247 0.041109678878243724 0.044089621959946076
0 0.7642650593631112 0.45464977407731855 0.049577276119281775 0.05759504635193515
0 0.7697537415207154 0.5450193257869046 0.07145227611928177 0.060410234649505054
0 0.7557432304394389 0.4071484299285337 0.04283595318850324 0.04741570683834393
0 0.771943683289258 0.5932788304220982 0.07054487336031982 0.0727091497711072
0 0.7517860707830719 0.36259409041494234 0.050730340343633176 0.04998363123033309
0 0.7611500254419132 0.49908048163811963 0.05253850180902227 0.05487221610873085
0 0.7445810803940104 0.3199813311445553 0.04555151741285464 0.04000537659513963