1 0.3989672413447181 0.5715297006400891 0.10795785330540167 0.12697739926336576
1 0.4138999547576809 0.7873896474217805 0.10516130404060693 0.12988387797604234
0 0.4364788100894298 0.7587236980421991 0.08616732499697814 0.11149451089576327
0 0.4369247586250631 0.541612607697125 0.09036214889417024 0.10713479282674854
1 0.4803132817810063 0.7478297567083894 0.11214795918704361 0.1520866599070274
1 0.47369046248640156 0.5077346344323302 0.12991260698142781 0.14402278763096846
0 0.47271949062160046 0.15170850955838094 0.09077978933650215 0.0668375747577337
1 0.5186414856423447 0.7140610440872562 0.13689926212786468 0.16622556956195353
1 0.5072681520203035 0.09673678629358608 0.11725781764492567 0.08264824505632144
1 0.5555485036760262 0.05435789817808506 0.1329720073520523 0.040318633423924014
1 0.5981694782902924 0.6886018582013282 0.17809669190669872 0.18926958565349708
1 0.6766394420799233 0.594048464890047 0.23852264374168985 0.3067191656070108
1 0.810742381237157 0.5049363244287576 0.26419841727430116 0.19684142105489233
0 0.9135931876807796 0.356848021714652 0.1728136246384409 0.1730325804577169
0 0.33912528803327263 0.6588551019971419 0.049577641542117946 0.07326253737886682
1 0.37034012921080983 0.623813466479531 0.0911832757321834 0.11494729282674854