1 0.7253916621427579 0.4506059287732517 0.19289790818602875 0.1338942527304745
1 0.2187521585247132 0.3566489340378089 0.16222776232447186 0.1149715359079618
1 0.1848042836940553 0.46938073819433923 0.1748848925821967 0.14784766842151914
1 0.7404069097679086 0.6029087721573934 0.16806168249628825 0.13687380698520055
1 0.1375242492070305 0.6259534459416656 0.21838258706427274 0.17309310811666875
1 0.7680007225219218 0.7715496878484379 0.1604948439616777 0.1415158551898026
1 0.8091657123451566 0.9307337903077659 0.16773413387576924 0.13062380698520074
1 0.1109628284693871 0.8050687742004967 0.14626192559888346 0.16798745159900647
1 0.3445212839211979 0.04254046136156372 0.10064180913596861 0.0724386022629363
1 0.34558249491161736 0.07770125654110353 0.06619156603337358 0.040997704722264314
1 0.6110614099950512 0.1777502117543472 0.11166119629109836 0.0740647347764936
1 0.3303602866347314 0.11530125049097932 0.12868492198083886 0.0710397287263694
1 0.6601064196059896 0.21888375098195864 0.10549308344622813 0.07559087334017515
0 0.30325223202131857 0.16469271731349205 0.11528416327441153 0.05377950585373248
1 0.6389174943457905 0.27683715154769273 0.12062011646291496 0.09598518657189174
0 0.291359741632257 0.20618078054520864 0.11552982473980081 0.058467005853732434
1 0.6940420855939348 0.3445059196980654 0.14454893939369348 0.105496541958086
1 0.24656954206179832 0.261145536497137 0.15565021370395285 0.10868517447164336