0 0.763364473186064 0.33954753468286647 0.09128796427907382 0.1050921308524341
1 0.28029911201726787 0.2944922569307904 0.13320206220555536 0.10615321638103267
0 0.8234421022153231 0.3777160873114018 0.0950964694628702 0.11321471126195996
1 0.28291555556115666 0.36042733734031623 0.15068208812453676 0.1466110782238988
1 0.9138025535349064 0.44676518635658624 0.14376770678620332 0.17380583699532134
1 0.31899931852064733 0.37654770283553224 0.15630737153638866 0.12238627924771332
1 0.36424275947263796 0.43431292761407814 0.18529082544787007 0.20580684211439398
0 0.957702004877731 0.5274252704184619 0.08459599024453794 0.16039979167148566
0 0.9918521209474994 0.5795727539684303 0.016295758105001213 0.17464152778099057
0 0.4228549247884711 0.5277891410616651 0.15327940782296262 0.17629857822389888
1 0.4770331598027301 0.6516505354306851 0.29234049076370316 0.3140118750144573
0 0.6802537790300447 0.8127332108591363 0.23919636691824026 0.27311308846204413
1 0.8155364596144427 0.8458035836590521 0.2282794078229628 0.18374050805251835
1 0.36196134071643493 0.10198974413310868 0.07246005183796278 0.08463668860004211
1 0.5554269596609255 0.1876012499710856 0.12111216531583313 0.10960039474292937
1 0.6421450011312958 0.2420391593234144 0.11962757775694435 0.12804031433340352
1 0.25820064514629587 0.19502884867127515 0.08142494872768502 0.08087942982861955
0 0.7160896405281474 0.2945923903138465 0.09454966531583313 0.10696471126195987