0 0.3133318932354701 0.7327612400540884 0.05493101155073461 0.042769302673454135
0 0.318100556541149 0.7789731687221337 0.07587257223994985 0.06173747867599957
0 0.3488838440969893 0.7097055480585428 0.06816153178047309 0.04916475334181776
0 0.35370325159539495 0.6417004353914519 0.07761770229738456 0.06331816000954511
0 0.37828726892149683 0.5786191800604518 0.09506900287173066 0.07912497334499946
0 0.4040076518506622 0.49912258406267895 0.12786121384811905 0.10603291868236298
0 0.43206164026802163 0.40635382873167886 0.11793832367581522 0.10123633068109025
1 0.4382812139438369 0.30629019406426977 0.2028409248245076 0.13343176002545337
0 0.49739242779195597 0.20214813407063312 0.1542207947670729 0.1313056386855446
0 0.522777991352902 0.10543676607254211 0.12822647396298842 0.10915791868236294
0 0.5424005635928519 0.04464471674090568 0.13707387281429603 0.07805336935072646
1 0.27437084556476055 0.8050629540499523 0.10387582367581523 0.10107269867918127