0 0.5713858355939347 0.3741997109154735 0.11428822930778501 0.09884422249740998
1 0.489474094300362 0.38753015673886304 0.13812852103089918 0.137363066996892
1 0.9488889586155702 0.4663937888706203 0.10222208276885958 0.10098891935425698
0 0.42703937132415487 0.46021848593686415 0.10967597241038014 0.12980312406898661
1 0.9281161131835546 0.5426095324604795 0.14376777363289078 0.11389133374611511
1 0.35342813093509334 0.49809516749223004 0.14766065128862388 0.1705394400324213
1 0.9231115702730157 0.6259656879609975 0.1537768594539685 0.12722608767505647
0 0.10407326209732926 0.5433733184446341 0.06617827792830412 0.10283820967712849
1 0.2275041180447946 0.5787372377988909 0.1865394448207603 0.25807798138875027
1 0.0524222308896648 0.5690239818030349 0.05178158525525038 0.12554796360606985
1 0.8806025418346557 0.7276159251407159 0.19190861827193723 0.15233740363849116
0 0.16308084916160198 0.7175771058720215 0.1687101356847917 0.18554800992479734
1 0.8596393458822416 0.8778320949092576 0.22791471732199753 0.2148031703877141
1 0.08420225463409742 0.773912688998964 0.10125704206179831 0.26657537799792796
1 0.7429675022592482 0.9381550872607717 0.2001305540475858 0.12368982547845668
1 0.6860447998637145 0.28679821835907165 0.0934025192218769 0.08696065260503386
1 0.5985790993887447 0.3131188157540377 0.11617827792830404 0.10516699710451594
1 0.9555174168924563 0.3792940492097025 0.08896516621508752 0.07518839867609248