1 0.3065344156932015 0.4083541773359533 0.10078095201493475 0.12777507475773367
1 0.3792808366662202 0.3922267967620209 0.1037857902698132 0.11560285668871888
1 0.2401431610792529 0.4248257653352388 0.07806462114237397 0.11999542574646935
1 0.46548875025692116 0.3940845916824563 0.10853327181401902 0.16236859604505716
1 0.5549719156932016 0.39098173499373734 0.10988543909587882 0.16091535668871887
1 0.6445151620020427 0.39418350862684937 0.11956094278703766 0.15230518119435105
1 0.7314592401062342 0.40151005354728475 0.10528811006889746 0.14975933540139544
1 0.18557562416766427 0.5232739730126934 0.12187460268657961 0.16949268119435104
1 0.11282920319464558 0.5394013535866258 0.09945877550517776 0.15244729282674854
1 0.8107410700560053 0.40464077136419807 0.11234945016935534 0.13322739926336577
1 0.359854455040225 0.5173960415662407 0.14098508792194417 0.20797602698730663
0 0.2748633529435008 0.5714440392204523 0.10955494463261699 0.14696211733238052
0 0.48532000730630453 0.5882716342571033 0.1283649261768227 0.19471120248167448
1 0.7150826828932718 0.5493355483515047 0.1464237478214862 0.2253820482746301
0 0.6066390854104962 0.5931944450169805 0.14429042986798155 0.18653806956195354
0 0.8163596745881645 0.5635458778008153 0.13617742617682263 0.19525750569998318
1 0.9497139453889396 0.535377683112811 0.10057210922212079 0.22516352698730663
1 0.9880703213117293 0.528499616400849 0.02385935737654137 0.22810285668871905
1 0.9115670082290943 0.5560997285374496 0.1495187570493833 0.20238159084927715
1 0.275224632805706 0.2812125231289089 0.0857269686251497 0.08493201089576327
0 0.3397077982419864 0.27985783673877773 0.06823896493399069 0.09299588317182242
0 0.4059488010103555 0.26812837906132314 0.07175463959816834 0.0731204257464694
1 0.47022163372849574 0.26521119267119203 0.0867786322158505 0.09274451089576327
1 0.597340055624304 0.24291593956909888 0.05612963959816817 0.07202781930985207
0 0.548286552855935 0.2534435301662744 0.07133397416188796 0.0699954257464694
1 0.6753297991647761 0.25402304835150474 0.07448896493399068 0.0934329257464694
1 0.17340641661599124 0.41529758204720074 0.09711512483353286 0.11204081411407199