1 0.8554353711006801 0.4937108224148362 0.05841246369925486 0.10886148757622749
1 0.6985177505891752 0.45859803183616404 0.08046018052176755 0.14071955044290832
1 0.7827200337666624 0.49665770289336103 0.1039249515990063 0.14773265351435186
1 0.6226728680756178 0.462016081905163 0.11351812021691714 0.18616289474292938
1 0.5102501361277947 0.43757193716223364 0.12137607201231529 0.19475059576674386
1 0.3993489975641131 0.4203140826240673 0.12304765632127061 0.21365563597150672
1 0.28755752469147616 0.42172870798351936 0.10889425273047451 0.19663527412864065
1 0.1860268409482548 0.4061823446739304 0.10726812021691719 0.18554273392387763
1 0.9427303171405415 0.6720018439839406 0.08978063836728971 0.13227479167148565
1 0.8534087419067724 0.7076958023124549 0.10107266237139498 0.19429757310482607
1 0.7680615943661003 0.7320586111528764 0.1230294756031114 0.2105306359715069
1 0.6546576245185255 0.7419119463075656 0.1562055899662962 0.2762864802715278
1 0.5031314859548439 0.7206230464455634 0.1578499031980126 0.29050402047629087
1 0.35380365164588856 0.7245667068907059 0.17347490319801268 0.2920544225239198
1 0.2156723925707023 0.6850643987691886 0.15769536709365922 0.2639415204762908
1 0.07972281967462422 0.6557183406476712 0.15944563934924844 0.2614366812953424