0 0.6689584073913537 0.4984901013791735 0.08114220364722229 0.06296360831306061
1 0.7746343644570486 0.12092870364210984 0.06675239532659738 0.04881929508134394
1 0.770892421827743 0.08027643256487096 0.09978310087368066 0.058385192622015934
1 0.6756285943210761 0.3797628272768726 0.12282186379145835 0.10851245764913058
0 0.6459397879003121 0.44678670081343946 0.08448540919430556 0.07235678903121964
0 0.6437077535153817 0.30769238455666076 0.09920252583555574 0.10056360226293623
0 0.4907918141171175 0.7678026618804156 0.07347517401194459 0.06916815651766228
1 0.6494869344611803 0.22724636045435984 0.13190592306201393 0.09606699980360825
0 0.45968793769222166 0.7277725595192834 0.10061955547083343 0.09432269262201594
0 0.6027041598598957 0.15587080932289168 0.11780705547083344 0.09442268657189175
1 0.6258526787615971 0.06771227917046652 0.16533667211208342 0.12282039734428025
0 0.3499278119329159 0.9115339602814092 0.06671602773541671 0.04725679508134419
0 0.42189830338354106 0.6728578005422929 0.10083776101791675 0.10369769262201593
0 0.34618586930361034 0.8708816892041703 0.06370013050895836 0.0519261143631848
0 0.38258253666604114 0.6163714512062228 0.12452983415618064 0.11477154800821018
0 0.561391441679375 0.01733048408912257 0.09284211664125 0.02866133118569745
0 0.2905904859448604 0.8424294362773042 0.10043771751493065 0.08651019262201594
0 0.33988785002065924 0.5372061259724539 0.1627208183886113 0.14467721662612104
0 0.2391741095199646 0.8022811592481369 0.10530705547083344 0.09434996369925486
0 0.2729023314032982 0.42742660499341084 0.21980727298576408 0.1809419695529872
0 0.16250381316718687 0.739326641294156 0.1373207748856251 0.12734427088084707
0 0.22893673869774284 0.3021538942210223 0.2566175951740973 0.21865104781181843
0 0.07454017942718726 0.6567499697493789 0.1490803588543745 0.16026585518980258
0 0.20490243949517345 0.15980731293712896 0.22195165444465292 0.20595105991206686
0 0.20116180328663189 0.0519584515008105 0.1726763934267362 0.10255334913967833
0 0.04803353723472204 0.522965322208707 0.09606707446944408 0.1709306444174139
1 0.7923946009705898 0.5664048301055429 0.07009560087368065 0.05821247579950324
1 0.7923959073913538 0.49920823974646333 0.060793336056041626 0.06128293364502539
0 0.7766429676118399 0.538184381335207 0.04444098423243048 0.029942030054229286
0 0.7914152888502427 0.47419914938738367 0.04778418977951375 0.03933521077238851
1 0.7945409420606246 0.44061903492600313 0.06366376291777769 0.050363614363184796
1 0.6810531382053118 0.7845366856881288 0.0816149823325695 0.08327610831306043
1 0.80100980081809 0.3976821011827818 0.055705792553055654 0.04406816256778665
1 0.6840885256481244 0.7212645260472085 0.07794446846486132 0.05982042759490121
1 0.7983218651226386 0.34531562528508275 0.07035017401194459 0.06914997579950324
1 0.6915386561570828 0.669738387483527 0.08466724715020835 0.08016928903121964
0 0.7787185331506594 0.3147287006170477 0.04309668977951393 0.039307939695149674
1 0.6887059033072912 0.5900236164062882 0.09738545269729179 0.08961701190385654
1 0.7835339729301734 0.27568892651474675 0.06540810087368065 0.058185204722264315
0 0.6656125890027426 0.6422401013791735 0.04473192496187508 0.042442030054229286
1 0.786442073803854 0.21788551687382637 0.09066267401194458 0.06926815046753818
0 0.664669644473576 0.5484719206610142 0.06853310087368066 0.058203385440423715
1 0.7790666381084026 0.16549176989888847 0.07936149810013901 0.0535795179539809