0 0.5510678400701358 0.3357702871090501 0.06231832973421945 0.07266817885919252
0 0.26481016502399324 0.3413385603035737 0.059754534237726274 0.05697951186299814
1 0.6167429048449604 0.33766305094921456 0.08311049352159508 0.12961851581733078
0 0.31173522979881796 0.3424673201894054 0.04831638648947969 0.04872134288963732
0 0.4198981832225905 0.3413915929268184 0.060355311535622215 0.06635451186299805
0 0.683189925203026 0.3764018987817678 0.07571949568106326 0.08724001482874755
0 0.7538633706072342 0.39808058060670976 0.07581962523071262 0.08880251482874754
1 0.9042138240310068 0.39872386224137135 0.1170244185677376 0.14814302273741306
0 0.821100935382059 0.4000370114430686 0.07964553207825782 0.09986734882113635
1 0.12074118754152718 0.4137971976422728 0.04296755243632351 0.0625291749048598
1 0.15665890114433262 0.427793372052841 0.052342552436323506 0.06291117688202608
1 0.1950903454688066 0.42700946345960367 0.05047966378737554 0.05816000988583174
1 0.3619471784422285 0.42675874855430623 0.07914488433001132 0.09205484882113635
1 0.26412094772056 0.437655144790254 0.0841327729789593 0.09693334980971961
1 0.512708642045034 0.44543444718516223 0.09524954811738695 0.1488141847906915
0 0.431639114747138 0.45153059688115105 0.08050712523071261 0.08899351581733086
1 0.6197503840254696 0.47407805342067244 0.11167558451458141 0.16195085475263546
0 0.6995485055555543 0.5000449872227808 0.09106269586563336 0.15643568380210837
0 0.7740979225821325 0.5101322530401117 0.09454864126984167 0.13787668479069168
1 0.8778341918604639 0.5292416917851359 0.1170244185677376 0.14814302273741298
0 0.9434196190660746 0.5569793726214947 0.051681218383167506 0.0769100098858317
0 0.4112321869232184 0.23216117296487448 0.02972707279438911 0.026146005931499072
0 0.4512261312476923 0.23144093136783148 0.027102720542635694 0.03383117193911023
0 0.5404388255721664 0.23272620015091178 0.034614831893687636 0.029462006920082207
0 0.3787002891749717 0.23866849954288946 0.024538925046142523 0.01814250494291585
0 0.34329371530084846 0.24114224212851565 0.023276813695090492 0.02276633794672147
0 0.5784697516980429 0.23819229155767435 0.03617733189368764 0.029525673916276675
0 0.628950613049095 0.2449489689339921 0.03647772054263569 0.03421317391627658
0 0.6732315391749717 0.25066972832553225 0.03647772054263569 0.03421317391627667
0 0.7163807618770758 0.2618274042189752 0.04322836829088246 0.04228034190105419
0 0.7664611050295307 0.2748340815952929 0.04010336829088246 0.04215300790866543
0 0.8089792720561085 0.2836161739906387 0.03501535009228505 0.03571200692008221
0 0.8556039481819854 0.28943243387647044 0.038340609191583754 0.03896434091247105
1 0.4856523935861935 0.29315702277459404 0.07716088217054295 0.13405134783255326
1 0.9193159947582128 0.29751153072044045 0.07229410703211556 0.08242518083635879
1 0.3631370434939084 0.32262966406762594 0.07668121838316741 0.07792868182494202