1 0.4805108751643843 0.40499013498279063 0.13009293895824162 0.12471069176360441
1 0.6878292650345937 0.501119641846117 0.11424834390401913 0.12168953535763123
1 0.1411612352941749 0.29653498148899066 0.14349665379557405 0.12133598252898033
1 0.5184204798719263 0.49005365266160633 0.13941726971735627 0.14716915432599365
1 0.7151307623234693 0.5828183500407513 0.10309124884979645 0.11910597587345002
1 0.10114010043549673 0.36165935149734285 0.12167232303645922 0.09771059484181252
0 0.5282388782452516 0.5384602418878781 0.10358110819912678 0.10064770715464455
1 0.780527708223906 0.6356219195082282 0.10484800928357636 0.13160597587345002
1 0.10281660622748841 0.4116803625206281 0.1457432735786841 0.11537771381017503
1 0.5593114933865735 0.6102214985434085 0.21094600156092086 0.20627464559048397
1 0.8111273395909994 0.7445395230855505 0.10504226971735627 0.14396011023285277
0 0.6068030258381165 0.6890560272455094 0.10460307960891128 0.14083511023285275
1 0.08350078553241047 0.493940310731967 0.16700157106482094 0.17571195174690005
1 0.8419550250576562 0.8067799141004836 0.08804903015113616 0.15470972254568488
1 0.6600800335607722 0.7605156528694023 0.18789702242848066 0.2287949297003294
0 0.09975921481684533 0.6229306048251081 0.19951842963369065 0.20333753327765186
1 0.691621381695862 0.8870857333606692 0.1715879026453706 0.22582853327866168
1 0.7486230462949589 0.9373626150161997 0.14395276199470075 0.12527476996760073
0 0.08243656141150149 0.7465448812394335 0.16487312282300298 0.20446243635585973
1 0.11711982763727305 0.8460046522460143 0.2342396552745461 0.24542118968362486
1 0.5058656448817406 0.26963609754518 0.1160811081991266 0.1018146322794232
1 0.5375463759448447 0.31454312291951564 0.07951015765690173 0.08298058818628214
1 0.5707642723875063 0.3485126482938513 0.08597975271112439 0.08512655074867137
1 0.42552356798395363 0.3175408452574045 0.1343412488497965 0.12202328868539639
1 0.602774396031944 0.3910759236681871 0.1020186081991266 0.10050184151404729
0 0.4409205138843902 0.365676714225767 0.062347992277344486 0.07058443178030896
1 0.6370564740799345 0.4512642959643148 0.1098057735786842 0.11202280407643653