0 0.16602722570592382 0.46272412897292325 0.08349937081501908 0.06561968281352523
0 0.13924293454932643 0.7818242974519924 0.06596502727426815 0.06179434585538672
1 0.1756538380283835 0.3901315459691176 0.14790701028914938 0.08535386266130089
0 0.14661506385690493 0.7295442144481867 0.05711199665201527 0.05210101087441501
0 0.15762479017581668 0.6091362139538952 0.07534002727426814 0.062176347832553346
0 0.22781479389159415 0.31613297186256056 0.10051174497802293 0.07875635277546902
0 0.26001009329555574 0.23818172680547645 0.10207424497802293 0.07882001977166349
1 0.2777849727257319 0.07096239330737926 0.16890978923740985 0.12042919961943914
0 0.2691155882735787 0.16321356030357365 0.11492108851877383 0.0824543557412186
1 0.20453983574140322 0.9430111482502952 0.07013396602976238 0.043299013840164234
1 0.2230245908859779 0.9037404012160447 0.07152134019276621 0.05579901384016424
1 0.2270124395713035 0.8607398177179473 0.06804949665201525 0.052546679847775835
1 0.24678166936079754 0.6755517342198503 0.10554608851877385 0.08207235376405234
1 0.24644760631970192 0.7846229866913081 0.1109272756002758 0.08851335475263547
1 0.2850424705613491 0.5075975716722801 0.16926004091140223 0.09555653361182799
0 0.2821886796499469 0.596946573155155 0.10259451028914927 0.0835075197716634
1 0.32886469688026093 0.3885265780980708 0.18384110215590796 0.11481586958138301
0 0.36704815956203857 0.2990475840295698 0.17828819737065124 0.09281353558899426
0 0.3871770133919389 0.21668075300293058 0.1571068844521532 0.09817219764227278
1 0.42127739617009974 0.10035275745155485 0.16890978923740985 0.12042919961943914
0 0.459724399640682 0.036782347375442684 0.08367620071863602 0.03918451680591396
0 0.03340774424243738 0.6182008547526354 0.02829501363713407 0.030706171939110228
0 0.03765572558332623 0.5728565212545382 0.03888567009638311 0.028026840912470874
0 0.04944925800216904 0.4736696047526355 0.0335027789482605 0.035584672927693364
0 0.03809950440898914 0.6537072732317046 0.019788826555632168 0.024137836958138335
0 0.036802249264414465 0.6936783572240934 0.026038826555632166 0.02439250494291585
0 0.06124960668749467 0.43098735623551027 0.033676200718635974 0.03714717292769336
0 0.07374279042101187 0.37499202422028777 0.03992620071863597 0.03740184091247105
0 0.08623682618783939 0.3260597757031626 0.03992620071863597 0.03740184091247105
0 0.10341836195466694 0.2773185281746205 0.04704330957051335 0.045469008897248565
0 0.12372404568818411 0.22164153114036997 0.046523044259386914 0.04078150889724856
0 0.13821498791426073 0.17592978311753632 0.04131527894826048 0.03590300790866543
0 0.15044803899221465 0.12227820110231391 0.04478712248901147 0.039155341901054186
1 0.11247719161308864 0.5350965360832859 0.15190082320764745 0.07929486364988385
1 0.16693247954429888 0.05153461958138306 0.09547740143727194 0.07544035178688593
1 0.12933403670523436 0.6731204595052709 0.08992108851877387 0.08143568380210837