0 0.36784484000494877 0.22313135754567778 0.10631195499752559 0.101897415074406
0 0.46328789405253473 0.08128047668670453 0.08592421189493056 0.06856635382990031
0 0.393338405699638 0.411408347379126 0.1698698439616777 0.15866086411904962
0 0.5439237403890615 0.10201715874622934 0.09727114767057934 0.07759280622252865
0 0.5256849954774443 0.18014386281285005 0.10737648801421233 0.12220991507440604
0 0.434075191091174 0.5487289613755781 0.1970874412027157 0.17410903421543278
0 0.5907058078927732 0.24393770982418334 0.16066526232447204 0.1312312552671723
0 0.4487441214397559 0.6886568661608348 0.2040744255988834 0.18886522129693475
1 0.44084201096973474 0.8394381161608347 0.2256218769783644 0.18504312608219137
1 0.4517275220510113 0.9527096660339998 0.19076219810012063 0.0945806679320004
0 0.6711568684990799 0.35816340719483464 0.20144074852966193 0.19789337775618368
1 0.7394421217784402 0.49461265217285744 0.25349457146044047 0.21299129617857449
0 0.8090165581199157 0.6964259124620069 0.2690310402527761 0.24267709211195373
0 0.7792427696761621 0.8597097185619379 0.24083079715018094 0.20847892201557058
0 0.7581003527837058 0.9578566092196702 0.2116412641334943 0.08428678156065957
1 0.025939543759278972 0.34469955957051335 0.04620661465389255 0.05173080957051344
1 0.02654094894886097 0.39270350514457464 0.05308189789772194 0.06648529258539462
1 0.0938750734966054 0.20293879772996926 0.08410940637700662 0.09321951028914936
1 0.02251685125556738 0.441488700718636 0.04503370251113476 0.06613844904464372
1 0.021351620308102094 0.496957450718636 0.04270324061620419 0.05849937081501899
0 0.1062655308689802 0.266391765433724 0.06404921189493056 0.06613844904464354
0 0.1036008763009959 0.30224255454853627 0.057144114653892554 0.052944761963141754
1 0.08712270522466822 0.346775508615157 0.09866322930778511 0.10415530622252867
0 0.02183077651576656 0.5578932466520152 0.04366155303153312 0.06249488780013799
1 0.03371994487856078 0.617267394618705 0.06743988975712156 0.0777679320595249
0 0.09252617820087525 0.42359728923740986 0.0801655348257091 0.07724766674839838
1 0.08003946630594469 0.48193175861515697 0.0886331320667471 0.0906147756002758
1 0.03366517356474818 0.6762071361261455 0.06733034712949636 0.06839463612614552
1 0.07894727781676246 0.5627473521559079 0.10294129353213635 0.09686307153365518
0 0.063280254976841 0.7417411650744061 0.04760534034363306 0.048779231340888886
1 0.2768380597017955 0.16038230132314915 0.11716756784239583 0.10154886746703436
0 0.30169861883776405 0.09084849522321808 0.06890048620519007 0.06978371435577005
0 0.11666860583592364 0.6376555290708581 0.08994997060135787 0.08610069737065125
1 0.10895460312239016 0.7098782246449193 0.08641553482570909 0.07794135382990035
1 0.11958116463320796 0.7919944814634865 0.09636374491161734 0.08991938445215322
0 0.362762271596726 0.11019865515304945 0.06997166327441154 0.06058213612614551
1 0.31247790931768266 0.30499515000847477 0.13895403663473135 0.1319283504819156