1 0.4573287228332642 0.29062559746062055 0.12638327488562506 0.14244820539342945
1 0.233164524220035 0.3218250275107108 0.10352634992375007 0.09744551709585973
0 0.8321839056789239 0.26980951908433753 0.0486570119678472 0.08259504635193524
1 0.03349183254066003 0.3616263919456345 0.043642203647222266 0.0679292917167417
1 0.8818390667730907 0.2822253454148055 0.05697865824437507 0.10547547074392441
0 0.49693738991135455 0.3427302679398735 0.06330139342673605 0.1094048102575158
1 0.9343653079393753 0.3169957944276768 0.05432643692972228 0.1253858009871288
1 0.2668686834143406 0.38957778750355504 0.1277275693385418 0.1332742902718273
1 0.5792238662600003 0.3768051042631857 0.12532992116215294 0.1641221205150316
1 0.9795735511961461 0.3511860783189458 0.04085289760770792 0.10643471610873094
0 0.2961210787409379 0.4343957596923939 0.1050524823325695 0.09608410197425758
1 0.0319676597629865 0.4644728541416292 0.03942748233256952 0.08763853708154805
1 0.6286621282278476 0.4472345154720515 0.08644925911805572 0.16690749855508552
1 0.34368771618375044 0.49174500577965763 0.15665265634451409 0.17126881808298844
1 0.7345133911456255 0.4837618286193962 0.12311411094166687 0.20278245075823595
1 0.04521515501333384 0.5959783024320432 0.06526393692972232 0.12679339513591364
1 0.4192163526766325 0.5721377664949591 0.17860169794763917 0.2441954215021603
1 0.8351147628208686 0.5640622312803322 0.11028810904180589 0.25409768685265527
1 0.9186189002636812 0.6167865251644454 0.09680749050069473 0.27728792294707477
1 0.5151126937666672 0.6859544662302874 0.22071776918604194 0.31348612834050427
1 0.9734894915927954 0.6699822573461286 0.05302101681440909 0.2437798102575158
0 0.6247072057345145 0.7486421096208364 0.18419708130638898 0.2168747610157517
1 0.04505607332569514 0.8248070995064356 0.05476284802388901 0.1441358009871287
1 0.7602096010611119 0.7797863100786221 0.1160640239356944 0.1676031112446447
1 0.8817404153656605 0.8166465244419883 0.10806968597979179 0.15878518685265552
1 0.968322733851181 0.8293028939341124 0.06335453229763814 0.10572273464950506
0 0.38899303086954873 0.11527632747493208 0.036810322188333446 0.042124952203150365
1 0.4171907660519099 0.11478179966377092 0.0481478656913195 0.060720046351935245
1 0.4714243243725349 0.12190687135904539 0.05574216014423605 0.052350470743924446
1 0.5139755002843405 0.13210257964230365 0.04956489532659738 0.05467113123033309
1 0.550930639627014 0.1375333349999544 0.0434603656913195 0.06011679171674169
1 0.5927187493344099 0.14861083572241157 0.05603310087368065 0.0648504707439245
1 0.6346886969977085 0.1675008364448688 0.05614220364722229 0.06953797074392445
1 0.18167279977125023 0.23050295118024283 0.0667523953265973 0.056883064892709355
1 0.6813097770698266 0.18422508253213246 0.06253767401194459 0.07659231025751581
0 0.7282036140757989 0.21266807861939613 0.04832970364722229 0.06853254635193524
1 0.21088882750666693 0.2737584233690817 0.11090243882958335 0.0797009414878489
1 0.7793121723964239 0.2201953200714663 0.05668771751493047 0.09297547074392443
0 0.3559655913743753 0.27859557211728136 0.038772865691319505 0.05951353708154823
0 0.4060565103523267 0.2760671060085504 0.05120013050895835 0.057997216108730855