1 0.6135278188252571 0.3541572068016175 0.1677922576807463 0.2421687552671723
0 0.6865488188958443 0.41979157916803134 0.14934609456891898 0.19199703756341754
1 0.10259656605324678 0.26416369545146373 0.1490730787839034 0.18730953756341745
1 0.774307153153181 0.45895186648625363 0.16715522084904338 0.2312312552671722
1 0.12182470818897388 0.29385375155139476 0.12859397881213827 0.15554097631891173
1 0.16609064767974763 0.30679327021050595 0.13208299985882563 0.16213781985966272
1 0.8625282189946664 0.5034941929192882 0.14649411035393448 0.19633769402266665
1 0.18189068195120178 0.3686879980808125 0.18626924189573071 0.23956231651167795
1 0.24530916886760937 0.4392691510694792 0.20811342079257358 0.2947683777561838
1 0.32228192156903246 0.5036887190099544 0.20774939974588608 0.28851837775618383
0 0.4403956137612292 0.5813946491502916 0.2254675207643387 0.3261900954599383
1 0.5739067927992465 0.6612726115868741 0.269004689137838 0.3806990614897009
1 0.684344492883951 0.7375019005790888 0.27267572070786894 0.39042090503045196
0 0.5864317817112055 0.07307551637213086 0.038303636803468065 0.044613700718635976
0 0.5397310869587598 0.061958630368582915 0.04308214206513998 0.04669646602976241
0 0.6050984817253229 0.08575149424243737 0.0400481473268119 0.047912122489011465
0 0.6866901159685421 0.11084842952734934 0.0481336631118273 0.05346673134088884
0 0.634293158061917 0.10424476972011557 0.04142863680346807 0.04496054425938693
0 0.7210805265201208 0.13342222880871338 0.0519867052052021 0.06631357488163978
0 0.8012615792074265 0.18273791409362533 0.051531678896842695 0.058501074881639824
0 0.49834795278612776 0.10613792462796985 0.04242969468185827 0.062148044259386914
0 0.46079474487950256 0.09788675800216903 0.05373121572854593 0.06961199665201527
0 0.5865158107209878 0.13826696194619217 0.05033319994353036 0.06457765311126433
0 0.6694046344549809 0.1810725145755409 0.061907736775233244 0.0767291055038927
0 0.726868523959872 0.20729498730127274 0.07384629465362362 0.09513055789652099
1 0.8313516266330602 0.23916559603055254 0.08091534200867016 0.10988674497802293
0 0.7757841660955991 0.23369002976406975 0.07769933674699843 0.10797740143727194
1 0.8903857214137407 0.27840918610072124 0.10048438936371688 0.12603030622252867
1 0.30167037386104995 0.15125314592490452 0.1230874314570916 0.14095821100778533
1 0.2958831054451985 0.15732887212121865 0.15119702090551304 0.17046888110416844
1 0.4137538739316371 0.21255197403193143 0.16120905773721605 0.1824469117264213
0 0.2890191844408634 0.20854367654715739 0.06796031570031094 0.10068687081501908
1 0.5392628371705214 0.28322750620557907 0.15586911035393455 0.19737822464491944
0 0.3344381002541138 0.22834102343589305 0.07851838410204497 0.12203990143727202
0 0.4716504029414194 0.27132681410210013 0.09992294724210708 0.1430443844521532