1 0.7777153952924581 0.02479393081991731 0.11393582689778707 0.04958786163983462
1 0.7482432820818001 0.072467381184672 0.12460306260267942 0.08431084030732108
1 0.7272551213440309 0.12554445482209364 0.1502365131449043 0.10184902667183912
1 0.6929350413653765 0.2018357589146779 0.1979645587413515 0.12273535364324059
1 0.6730786495645033 0.29670171982500315 0.1865625340124641 0.12952748758216437
0 0.5693371171129602 0.3794500601323242 0.2209375340124641 0.13233349425012406
1 0.5349030738578942 0.6517234149835128 0.25621624884979644 0.1305795466757184
0 0.5213641843574278 0.5216532777106092 0.23299834390401913 0.13022886031120037
1 0.4916809776534682 0.7658813808948078 0.23815036863290667 0.12292654334173854
1 0.44951039574414986 0.8594079824120167 0.26605577357868415 0.12365986697916007
1 0.4221117682383843 0.9343440805952454 0.23822637249423445 0.09049668061464189
1 0.1259755104337799 0.01116076954483738 0.1863260208675598 0.02232153908967476
1 0.0852322963769078 0.10604296378526319 0.1181757202595812 0.15947033697334118