1 0.9031047614550168 0.4278540966021868 0.1153409248245076 0.13357752583555568
0 0.9544744940970091 0.4987289878447214 0.08879871384811935 0.1064695119678472
0 0.2637581502233612 0.27274259650527755 0.044825491320996134 0.036883057370694416
1 0.974543453701344 0.5310862397445826 0.050913092597312117 0.16184799620027804
0 0.29682430628590156 0.300957862272847 0.06686283235481918 0.06544446846486114
0 0.3305702528079188 0.3416913118360067 0.08551137281429604 0.07834451196784728
0 0.3627029695596745 0.38872931278593725 0.0813717629865999 0.08292290919430556
0 0.4137987571155149 0.4572604540284718 0.10478897396298836 0.10995818787965277
0 0.4835633741544436 0.5112563165856594 0.12341722539885361 0.14934799620027786
1 0.5658279911933723 0.5649612384134024 0.2270901299936227 0.27642094889756963
0 0.23283285392470515 0.5108251311745484 0.1043425433312076 0.09280705547083343
0 0.6788758957881414 0.6876700801690273 0.1737419074664997 0.20661628875333343
0 0.24539374262923772 0.6115881973789582 0.1604505057434613 0.1595594507974308
0 0.7685877599234336 0.79838806820118 0.18025570804084587 0.22235039152687525
0 0.8682123625079912 0.8665730641171174 0.20359174850032283 0.23535953780340294
0 0.3093243567645299 0.72290625066559 0.1841315172941959 0.20218336189159736
0 0.3992188509572567 0.8351867386977428 0.20174515890236505 0.2462243026210416
0 0.5448053032546412 0.8944682068782634 0.18478086700702293 0.19440722948277803
0 0.6701401298340931 0.9346366523573607 0.159111213848119 0.10810605357097244
1 0.5759841979259767 0.20280542410885372 0.10351056356094616 0.09902068787965286
0 0.5206980779834113 0.20565897359576346 0.05428166183790761 0.05112739532659729
1 0.6637175649649054 0.25638305936746475 0.09807225430759595 0.11915134992375007
1 0.7242695158264246 0.2784749584937841 0.10523540459476913 0.12710932028847227
0 0.7838170085832861 0.35229301178041605 0.0905438439055537 0.10806837955902786
0 0.8332285403637592 0.39971221922736044 0.08806819361838052 0.10021951196784729
1 0.2223620375239344 0.20006881592006928 0.11554384390555372 0.10865026101791672
0 0.1797179912252783 0.4384241075231943 0.08624189304403451 0.08459451196784724
0 0.15543835973197834 0.3982537024129513 0.06089692195277685 0.054397865691319505
0 0.14232958806637458 0.3531230403688541 0.05566153178047299 0.04960126291777787
0 0.13569403171666114 0.31645884175562494 0.048681011550734565 0.043205792553055566