1 0.3284232796142478 0.43485329576199333 0.06111677513842757 0.057638838601296885
1 0.3466831238464367 0.46901947554082735 0.06660531153562213 0.07063151470410478
1 0.37293594078072967 0.5134638948414758 0.09290699568106327 0.09357162058574672
1 0.45243698026024326 0.20564195881037536 0.09507027297895938 0.10311084595334927
1 0.4610121414267251 0.2804753744349976 0.07974566162790726 0.10615609227732312
1 0.5025487993540045 0.2950657093602683 0.0704312183831675 0.08189746543931005
1 0.5631556323274265 0.2943571360129692 0.12161178901808825 0.1540117264673886
0 0.6280401526854921 0.33735632681988187 0.12343510487264701 0.13402767720259376
1 0.6993050809708372 0.39125078178100625 0.20093834361388013 0.18097299484751952
1 0.7980348727667025 0.4952226314103818 0.2532413232558145 0.22216570661080337
0 0.8803584145625679 0.5974701146799297 0.18621450956072394 0.19339324117149345
0 0.9202849028423756 0.735373601075611 0.08873873226282818 0.17383626838013094