1 0.24080187859632146 0.31955731468412985 0.0832337003165691 0.12931414767046334
1 0.1631171477966514 0.33849641389369733 0.0866314849563052 0.13898087895165806
1 0.7583494282797524 0.39278612354492315 0.14714308762187223 0.18358627329435623
1 0.6813633794542513 0.44126685711389324 0.15679087226160834 0.19383646713794017
0 0.1081508514784328 0.4067370956740063 0.06798913354437941 0.08737635690508742
1 0.5560080267886842 0.49192567554138034 0.18062082884638359 0.2630660861063026
1 0.8817628815658225 0.5963042753753455 0.1805466210079671 0.20696195174690005
0 0.46866949967079563 0.5748753529539343 0.13086486975432585 0.2132317512477858
0 0.3502999328986059 0.6264402759987334 0.1401489415410806 0.21098194509136975
0 0.8294525723154802 0.7071490430541612 0.12130801332783525 0.20610655740420167
0 0.2189984571135007 0.6940158741683111 0.15034229546028877 0.23998213893495368
1 0.09166870246139368 0.7276540692596808 0.18333740492278736 0.34733724251227593
1 0.7152704003704409 0.7754638691771684 0.23547346489804538 0.32740051788661156
1 0.5533781541313646 0.8233005301586924 0.23370036473976086 0.26646301788661153
1 0.2374887296790429 0.8886299567390527 0.18828491316955054 0.15158714559048397
0 0.40774139370652335 0.9015639190936457 0.15492684389007838 0.12977396713794037
1 0.6892286698999751 0.17095435711389328 0.07405727711788863 0.0817098194674768
1 0.6290496878466638 0.17735143427689015 0.06013116943775678 0.08508452870210088
1 0.5768734224072576 0.20325875041660177 0.09188127461060631 0.10518934151404731
1 0.4629556749145401 0.23570900935990755 0.08889266693047429 0.10958511023285274
0 0.39380485814235033 0.28267916472589105 0.0712959899708702 0.09391808818628214
0 0.3136399850228122 0.3065245623963545 0.08742109514371962 0.11256424459225531