1 0.4533938243370196 0.6535671586171387 0.2283349354047198 0.1664624360279987
1 0.3595543486624865 0.3807932772915473 0.2307987478214862 0.21953289202736234
1 0.5455812250086645 0.6931830946053665 0.2267724354047198 0.16644425469445318
1 0.48408849841134166 0.4223802459420936 0.2698912385935891 0.24338856269890757
1 0.700088283734272 0.7539831399188672 0.26075676074054216 0.18712038136536221
1 0.8217377569733703 0.8206428339035952 0.27929642802240195 0.1857760573679074
1 0.6601100719015847 0.4453712085853219 0.3268022275201126 0.2721317280394528
1 0.9083374378401547 0.825946857216778 0.1833251243196905 0.19704082137172554
1 0.8385211761768228 0.5010655832272776 0.3229576476463546 0.27391240404199807
1 0.9372138957247621 0.6262281205442783 0.12557220855047574 0.21635334802672598
1 0.21342971393518786 0.7252170813176371 0.0931188031888693 0.07752611067790856
1 0.2588622763519543 0.7778966386457736 0.08112963959816835 0.06958634134309047
1 0.04974388649686487 0.28815398066518194 0.029236645134906612 0.054942038669636165
1 0.3236458461510384 0.8115716573042739 0.10531829949771047 0.08702838001272672
1 0.05252349597590683 0.22161137066359107 0.055408470470729054 0.07552725867281788
1 0.39011207769524414 0.8577466759627743 0.10793246308841127 0.094859061346272
1 0.4496522255985199 0.9047847606222292 0.11168846124283185 0.09958292401336308
1 0.33163918473885123 0.5861262146324107 0.2039659335591404 0.17085903469127164
1 0.5441533854980619 0.9208995619430482 0.13221129396097203 0.10138178134945405