1 0.7955806128758827 0.9309977477110719 0.12432215687193988 0.07425528100144022
1 0.6663643872722028 0.19537005941350208 0.1258538235468336 0.1265759414878489
0 0.584830490215557 0.19867451841921754 0.07013200981529408 0.081078725379118
0 0.4959616421798499 0.2094667605937449 0.09700259805421788 0.10753249855508562
1 0.5316195098769964 0.531396124005761 0.22170328433501893 0.16343994931332162
0 0.3907459559113893 0.23425223422749814 0.13301931374387985 0.1336302810014403
1 0.4320155883253068 0.6258908430043209 0.2798634804187735 0.20465183517884816
1 0.3516039952095872 0.75198336834766 0.30611789217984986 0.18503494786840732
0 0.26623227945205263 0.28951464224608486 0.16011877453206508 0.16164655417740786
1 0.3166743628758826 0.8693652324821335 0.28507916668723415 0.16699692932763313
0 0.17886426476613276 0.4047471205150316 0.19334941178575726 0.15825792150216036
1 0.9422422794952443 0.6501618953148075 0.08594627451972485 0.0739156590414943
1 0.9278254412686611 0.7034961645780387 0.0850307843226787 0.06766565904149431
1 0.912721985394293 0.75214293384127 0.09219627451972486 0.07471999855508571
1 0.8296783579620653 0.8602667091846093 0.11182215687193989 0.0726466019742574