1 0.6266406518202725 0.7290177975570726 0.13701191818411546 0.09688361621110389
0 0.5413296936526516 0.049398764058626664 0.06078438730530315 0.05120293507002258
1 0.48047607633910117 0.29076431864952185 0.19893290815498563 0.18714905128112633
0 0.44134406551854843 0.07204855190029885 0.13893813103709687 0.1094563908182096
1 0.4093177933487177 0.4193023875084407 0.28881376207419385 0.21942220388616018
1 0.2786110141192579 0.5122989086008899 0.3210639724198929 0.25525269602827727
0 0.30567098997087017 0.10161827377853634 0.1925919799417403 0.18373295285270289
0 0.14820548244902276 0.15982026385373888 0.23951244404836297 0.1874786910658786
0 0.10181151873811148 0.3082363391227985 0.1707169799417403 0.18271410835322088
1 0.7574299990755632 0.6656723891610705 0.07521060015828454 0.0643579065339754
1 0.7292428145941117 0.7158521716260593 0.09330738229073816 0.09640842721213971
0 0.7124023070722643 0.780603876340789 0.07650031551854859 0.05505568114108126
1 0.7200687399043632 0.5882537105011888 0.11559155925034226 0.1114897717116218
0 0.6563759644358271 0.6516034270027428 0.11142088479802066 0.07540672249741007