1 0.4322612533815887 0.30290160986344394 0.10116360534690845 0.11227845609029048
1 0.2526646600493159 0.33277696065068463 0.1260181546785449 0.10284807011286308
1 0.4721146413908155 0.36607408795317425 0.10610564401654479 0.1347290087195229
1 0.2637390673933609 0.4104361799540145 0.15939427601845368 0.1553144385174896
0 0.5456799580680878 0.4352780222000726 0.10268974267981754 0.10934530696670133
0 0.30067654073836036 0.4919611097965664 0.0962579293443631 0.09295290346105815
1 0.6354151674092693 0.48215502224465767 0.17382040268936266 0.1882910964051867
1 0.3505230940881323 0.607107482627832 0.20832267202418073 0.20344931568622399
0 0.7307196714274047 0.6042377196600104 0.12681813335454456 0.17159807011286307
1 0.4055844061107222 0.7669908028298651 0.2133010733609078 0.2290248683154564
1 0.8174758787794039 0.7312818468956224 0.16035788669636233 0.23812693851748962
0 0.5224184647914942 0.8567000879754667 0.12218517735518084 0.17571001748363066
0 0.9147332341263124 0.8194830179963588 0.10459768801718106 0.139224657843112
0 0.6768610641310848 0.8838965266490041 0.15545111600890865 0.084618236764668
1 0.19878458736472582 0.20717271501044604 0.09569430800445433 0.04451540346105807
1 0.3433885626989076 0.1956765089424481 0.08998974801081765 0.09062299995541494
1 0.19069991470399827 0.2519778948307054 0.09445907200827239 0.07244855258464736
0 0.3697243433720437 0.2401672194816701 0.05992044000636332 0.05416533330361002
1 0.18989194004613424 0.3170134957071162 0.0931329293443631 0.09256920170823654
0 0.3695885307129069 0.2957318949198755 0.05219884667409058 0.061018578921556