1 0.7835299257329963 0.416950005371007 0.07586484496658023 0.1441977502521016
0 0.07816058725923779 0.4067359550795645 0.09045345048646733 0.08591535668871889
1 0.2526696635581317 0.44709814716967883 0.13811938311602717 0.13450567599857094
1 0.025578878248058524 0.4543650719077421 0.05115775649611705 0.14623014381548421
1 0.15205996307166433 0.5198475962971587 0.1422807775961401 0.1940991972858944
1 0.082059334419864 0.6315010082978733 0.12558420129724623 0.22102233020561535
1 0.7042989784962351 0.8933502523073512 0.3043910397710047 0.21329949538529752
1 0.29836754180289493 0.159313923904884 0.04155230032431154 0.05596577673520513
1 0.3433936696439163 0.17888873257107432 0.06528980925276535 0.07479218639013112
1 0.3978084342544129 0.19833785509923504 0.06539890340856669 0.08104218639013112
1 0.44574137378383166 0.23063118505274885 0.07814436525911965 0.09597877153942506
1 0.5009373883943283 0.25013493790274044 0.08247730925276535 0.07599405347041017
1 0.05987601177112282 0.24432343639013113 0.07312958279171564 0.07690098960843983
1 0.5724169220795483 0.27781717751118024 0.0828864123370204 0.09943155347041026
1 0.015895961039774163 0.27860024740211 0.031791922079548326 0.08220049480421991
1 0.6428015600668395 0.32341353679778917 0.0813511858759707 0.10088479282674853
1 0.1482742642067548 0.3334184234006809 0.11004893019392785 0.13566398441265975
1 0.7077856319015066 0.36472123383158206 0.06251936525911965 0.09488616510280767