1 0.4203463469402074 0.9246756891665509 0.1251344648543984 0.12143898801421216
1 0.6673181185829667 0.3604914376962127 0.10446595609029038 0.10483134215265526
0 0.740381763235332 0.1944846573930594 0.08711429820259334 0.08994997060135783
1 0.5800683555036825 0.5139605964480685 0.12513446485439844 0.12143898801421234
1 0.7341713026738175 0.12339422941932679 0.10021754382053949 0.0828744549975256
1 0.6488954343360684 0.28640216248144207 0.13842956134875523 0.11592597241038013
1 0.5498033028298652 0.42745653041469495 0.1522448244949171 0.13993668249628843
1 0.33451761885047715 0.8808637341690251 0.17581878939390042 0.167563715512975
1 0.618328758853278 0.19595090287050365 0.126121412225166 0.11683337516934214
0 0.25769403550228215 0.8469590456798428 0.111099657843112 0.10828389077317446
1 0.4863005089201556 0.323485003390902 0.21756720166365148 0.191485894391219
1 0.5662569386289522 0.09493727951018381 0.15090186836004146 0.12899918249628842
1 0.5286600131684545 0.04893538274411564 0.17080497366309116 0.050867538443753704
1 0.4534167764037863 0.20067494515944456 0.2351937893939004 0.1706754274079058
1 0.18714714512050828 0.7811459379233554 0.279928736720083 0.2568519448207603
0 0.09884154839207987 0.6928912641334942 0.19768309678415974 0.20965604025277607
1 0.33466377633690875 0.05999795624072104 0.23692244732618253 0.09624863749381403
1 0.06143597379684647 0.6140425678423959 0.12287194759369294 0.3280851356847917
0 0.7602848685383817 0.2757280133405247 0.08146754382053949 0.08189180913596861
1 0.6854253335265353 0.4243425757558536 0.111099657843112 0.10828389077317446