0 0.41017727841206175 0.5542596496752991 0.09739933806867693 0.0940677893919517
1 0.42159293745355597 0.6309131549369709 0.13983410197425758 0.11049642619541977
1 0.48984754346210646 0.23943755745486733 0.1395242902718273 0.13218941567207612
0 0.4931268518527009 0.6746246285580245 0.10889391367668785 0.08698333148532633
1 0.5109935957725931 0.7532046548663837 0.1872036297854187 0.1411695735222315
1 0.6274907401860494 0.8631172521367259 0.18972537515022517 0.13666408404557515
1 0.6553123805078759 0.12733791780880183 0.16809763905580583 0.1493615051204975
1 0.6662998529971651 0.35129135729957556 0.2464997132189021 0.22836573663405887
0 0.6886509509371297 0.9494629747600036 0.14411943221746187 0.10107405047999266
1 0.7120720821674628 0.982438586605824 0.18949448001431152 0.03512282678835206
0 0.767626200758236 0.16256903349499532 0.14164386587983807 0.12455892619541978
0 0.8000701347210626 0.43274502560248757 0.22317094004293453 0.20374516823232475
0 0.9142558335837088 0.564851141288681 0.17148833283258255 0.1957660682605596
0 0.3401298747282183 0.4377477128859484 0.056991791716741694 0.04519067363517095
1 0.3579042605937449 0.49150974971765127 0.11840745075823592 0.1247563472703419
0 0.5620852549356439 0.2886177810759209 0.09936400782547264 0.09728379465362354
0 0.9470594173784207 0.7115588122930161 0.10588116524315865 0.2287605787839034