0 0.63401252746491 0.9287805093737198 0.0835514071667017 0.0610647878817268
0 0.6297428728577446 0.8936880322525372 0.07278104532383552 0.04623701333591938
0 0.6619313962385667 0.6862902493717802 0.16804515351435184 0.11600712152108805
1 0.6250201955886613 0.8381555093737199 0.18475543494769225 0.12822007909743355
0 0.6249256451457531 0.7578302805855472 0.16428789474292937 0.12499948424818434
0 0.5320987208101154 0.8859070963470611 0.10416188962385675 0.08134533697334093
0 0.5037823867482398 0.9338980572573863 0.08652136696193882 0.0597573793969957
0 0.588202613309589 0.06171160036960386 0.1919356761762696 0.12342320073920772
0 0.5174420230358271 0.13496660755694867 0.17693083699532117 0.14307980455162622
0 0.39212477706208626 0.25309433847115326 0.2609473647763118 0.20883209243335302
0 0.3244407949788407 0.39644546786814916 0.248292324571549 0.2062492263722767
0 0.20560006033605877 0.5242830386306327 0.24782720395726016 0.2015617263722767
0 0.3185053417404847 0.004416819844399794 0.20263568348096941 0.008833639688799588
1 0.1659575091742463 0.6724333672690243 0.21625502559536347 0.21138326546195146
0 0.13549974053858765 0.7623407612098877 0.13022297515245515 0.12531847758022466
0 0.11942665026482575 0.8384726975744057 0.08102237208101157 0.09805460485118864
0 0.21260664839527924 0.0597259442404258 0.21271329679055845 0.1194518884808516
1 0.9470728490740988 0.37712357496605586 0.10150201023814524 0.0857777454580722
1 0.929210747469378 0.4431630342093912 0.11024475146672294 0.0957904742462448
1 0.8873443092432453 0.5371520213325136 0.13102237208101145 0.10213606909549373
0 0.8676871473313801 0.6009752763334835 0.10026168860004211 0.07327774545807202
0 0.835446416340948 0.6729139202743467 0.0710514071667017 0.060044421820650486
1 0.8929351553549839 0.27600735617982286 0.1133697514667226 0.09604556576151388
1 0.7754380409814959 0.7904360022467182 0.1500824524905374 0.10679161818710821
0 0.7847899616647837 0.7180030217915555 0.10321955044290831 0.08746779121570665
1 0.853675272316923 0.3327674102724071 0.13070019371911493 0.11450852333785928
0 0.8261220413264908 0.4043234169403669 0.10853930921433097 0.07860297424624481
1 0.7572087189694834 0.6225947980043527 0.1778852741286407 0.12145989606689511
0 0.7898321180836667 0.45926587951768205 0.11571955044290831 0.08848815727678297
0 0.7642229386289565 0.5424768633068245 0.13211975146672278 0.09757611485312837