1 0.32654049355688025 0.7901479283194324 0.11116987336031983 0.07286315727678297
1 0.35044498304143074 0.853540877560828 0.11906426051544958 0.07506338606495574
1 0.35439209237979796 0.30323785968298056 0.15309842378986122 0.13073930121764638
1 0.40366507406243224 0.3575588268022237 0.15967597241038015 0.13749948424818442
0 0.3998152142697798 0.05993439877265534 0.08674308344622812 0.08175992515463038
0 0.41430940920614107 0.8817777057401776 0.07317855042954129 0.06042705909355419
1 0.4576764654014335 0.4550558380121113 0.2229948439616777 0.15822631455356592
1 0.5273802922889409 0.1195330551313544 0.1745506999091429 0.18383235030926076
0 0.5388988099289381 0.5083246170998464 0.18336577792830405 0.11454021637033698
0 0.5932786934660232 0.5987903783097341 0.17900582654882308 0.12040757909743327
0 0.6294850248760865 0.1454262622486578 0.17654256784239591 0.10309253333979891
0 0.6636144476498946 0.6965106590644592 0.2044971494796016 0.1318233112195859
1 0.7037304353254228 0.8068105592142404 0.2984042797373263 0.17216101092002348
1 0.6991590377663852 0.22608658876101737 0.2768501843053107 0.20618532455550548
1 0.7766145731579212 0.35123036784875244 0.2599083457707 0.20946982122152571
1 0.8717821517429091 0.6133959148143349 0.1930550384437537 0.18067539940087513
0 0.878490254411014 0.4557109605719695 0.18516729534115867 0.14891521637033697
1 0.1609143300553261 0.4326058505991249 0.06569359905006031 0.06603933030538141
1 0.17137047320334967 0.4854279616592313 0.0728510018090223 0.05417705909355419
1 0.19892890716997608 0.5236295922641752 0.08674308344622808 0.08175992515463051
1 0.23608034712949638 0.6162796068080427 0.09274742198083885 0.07758260818516849
0 0.28259682101021455 0.6638244154425548 0.07794793758467104 0.06237219636645772
0 0.31032567333963523 0.728461000289864 0.09430992198083885 0.07771015394280312