1 0.2643833059892528 0.4719268072883658 0.13922300928357645 0.12485564401654478
1 0.1798266703501142 0.6351449699634107 0.14364024498846878 0.14518632535009016
1 0.341591923841699 0.46088876261141165 0.16597976971735626 0.13764654535327187
1 0.2518621371181106 0.6553660159532294 0.20313350156092094 0.1911169906906352
0 0.4441890625617049 0.4245961792648213 0.14100510433779898 0.12643632535009014
0 0.34237733959099936 0.6550927486075937 0.12228043895824152 0.11529883068109026
1 0.5381417820408256 0.36656495591982186 0.23923992737425817 0.21493629869508962
1 0.4693916970096657 0.6559547199236399 0.2659460185671529 0.24956583736472596
0 0.6983318257066091 0.3311621632320501 0.20787167080180602 0.16933289735836246
1 0.6366171989403295 0.6703882952339592 0.2911402790009328 0.26233855736790745
1 0.8438132515199465 0.30607016187941466 0.2539612125369256 0.2197874306969986
0 0.7927278585278953 0.6085139092139146 0.2288429559644735 0.17425675469445318
0 0.9392440080923986 0.25972132586732427 0.06529564993424657 0.14271475867281785
0 0.8858697851216931 0.48965427387018784 0.11187505101869633 0.174455654678545
1 0.04276586045855918 0.63361992731541 0.07767739336179418 0.0976204346753633
1 0.12081910737769183 0.5055761959739102 0.11827705874135157 0.10901246801399936
1 0.0751898395909994 0.6582017566438647 0.10221286863290661 0.10570565467854501
0 0.1746028925403593 0.5002705306333651 0.07059968238578943 0.0694590720082724
1 0.1294888187234396 0.6825290473026833 0.12005915379557405 0.1105931493475449
0 0.2207473117812445 0.5215728186266837 0.07462839722312191 0.06482611600890884