1 0.28752189543189477 0.42547613836446346 0.09513082973421945 0.07400518577927469
1 0.3103469285898869 0.5019895588206988 0.10101988433001133 0.09294618676785796
1 0.3649831662513857 0.5642149861970166 0.13423290252860856 0.10053319368794007
1 0.3869966710317477 0.6523834896570577 0.12505816162790725 0.1032761917107738
1 0.4186855644610576 0.7456214950942652 0.17273419802510187 0.1176862015966055
1 0.48376794879106894 0.8371033409496521 0.18200906847545256 0.11650570357377177
1 0.5363002683462555 0.9272946008354838 0.18160855027685513 0.11025570357377176
1 0.5864993298818778 0.9802153765014653 0.23329216378737563 0.03956924699706939
1 0.18254809145441173 0.21003286908709146 0.061016645588778264 0.0523556788591925
1 0.19435647902362554 0.23622795456235504 0.05632914558877831 0.0521646778706093
1 0.199964931367664 0.262949622052841 0.059754534237726274 0.05697951186299814
1 0.21179310533407233 0.30161287403000736 0.07507914558877823 0.052928681824942016
1 0.2296710202011821 0.33740579399195125 0.07139294108527147 0.0683626808363588
1 0.2513247771410124 0.38348229794628397 0.08449371838316741 0.07824701680591399