0 0.3236173632338201 0.4646302295349278 0.14401482710967278 0.11213923111680728
0 0.42093624269639934 0.21053919380470748 0.07795345048646726 0.08369997060135785
0 0.35571106859155144 0.5488071556996381 0.17540119480442443 0.1215894742194024
1 0.31252631007013476 0.7423015281554467 0.22570120373287822 0.14139736318355442
0 0.49950552759943545 0.27042544889309017 0.11443642126547413 0.11683337516934209
1 0.41941328409555245 0.6555241451841886 0.269996674511885 0.17494020352718742
0 0.614053222810897 0.3260845494134885 0.13195120373287814 0.1364841338757694
1 0.7587111578760888 0.3559690439864216 0.19792285145940197 0.24921650723608924
1 0.13472600730689593 0.24114954319345205 0.058739800324311545 0.0561548247398008
0 0.12023108482360581 0.31137683401205496 0.034865923701106104 0.02992651741285455
0 0.11736913758354936 0.34118716474474964 0.045967064934808156 0.03987472749876275
1 0.13585035633396125 0.40031982530562776 0.10783186525911974 0.09619332654882311
0 0.14737423742139358 0.36615286521971946 0.050654564934808154 0.04012038896415202
0 0.1847845085247119 0.2798944606517352 0.0492557061685102 0.049413501809022264
1 0.2288908388807956 0.12303695104079673 0.06062958279171564 0.07498671189493056
0 0.1713281603117208 0.46948922716007857 0.07776253571381497 0.07276247060135788
0 0.21394017451518027 0.3088073547042699 0.06666139448011295 0.06281426051544958
1 0.27406697118604384 0.1284747235420339 0.05917617694751698 0.08115482473980082
0 0.24062935958037218 0.34487432948949925 0.07452844155801355 0.06634869629109837
1 0.30975900933549083 0.14065381897404963 0.07488299756436803 0.08666119629109832
0 0.20845028490633136 0.5338892418593997 0.10610572402541765 0.08673643939369349
0 0.27099296956448604 0.3940178363869042 0.10610572402541774 0.08673643939369331
1 0.2327996741114385 0.6145693537997587 0.1518000535707224 0.11098616689245625
0 0.3549390957806544 0.19058189789772192 0.06696140340856668 0.08000176051544958