1 0.5920184466399225 0.4914238551544958 0.13009293895824142 0.12004026232447203
1 0.6436147828212861 0.31469093679170157 0.12535476971735626 0.14150582654882307
1 0.5133951282452516 0.5132745217082677 0.15306591422935406 0.12899918249628844
1 0.5639146155110648 0.3050049983025193 0.18262674112714095 0.18483310266810501
0 0.41486470629324207 0.5647750667107421 0.12718753401246405 0.12143898801421252
0 0.4705446773332838 0.3197867933049937 0.11024496368712917 0.11124511646291486
1 0.3306670486363402 0.6374888704196437 0.2180743817778108 0.20530273292582973
1 0.338906156465724 0.3380720465843541 0.24009297297070553 0.24057849163225703
0 0.1721155088318846 0.6960748971047523 0.19407943509691372 0.1559644742194024
1 0.1619424682879429 0.34847287878738675 0.26641054329604047 0.25126368611433303
1 0.07273216883016775 0.7444637302122963 0.1454643376603355 0.20142746042459247
0 0.06146531876441404 0.4357947371097012 0.12293063752882807 0.15283947421940244
1 0.7863006012159571 0.29619764359824946 0.06092908347023922 0.10245661465389251
1 0.7329432963359335 0.4350620697629598 0.10624158347023922 0.1048313421526554
1 0.7473098968124046 0.2768401339873111 0.0892736785244617 0.10549308344622813
0 0.6790750482665973 0.448766043643678 0.06369089722312182 0.0669285504295413
1 0.6858952047732956 0.2602424542045561 0.1082432735786842 0.1080382293077851
0 0.6260345111732659 0.4341812432141367 0.06906251700623187 0.06100609905006031