1 0.2538785710205928 0.27827584781570996 0.06443642126547414 0.11935080872560758
1 0.19322744317957138 0.3028850738231773 0.06273755357072242 0.11132797600746738
1 0.7653030405817836 0.28225846534293825 0.09231595941492117 0.10907429765213088
1 0.1325081314911741 0.3235880498306447 0.05950345941492108 0.10465731057118699
1 0.7338405807598255 0.36401920242388225 0.1210682508107789 0.14879778657865436
1 0.08326388230195302 0.463341529529271 0.10442622158978569 0.17773412667911223
0 0.16307411322722953 0.45964581090412127 0.08222393912238166 0.1560394686251497
1 0.6962508518631438 0.4536525203773869 0.18147964529089186 0.21616542986798154
0 0.026215041392562533 0.5148738401004579 0.036284147726523795 0.11400231979908426
0 0.600671344963285 0.5409118989020787 0.135294392044481 0.1600657810419161
1 0.4996776351413268 0.632032441940261 0.19348081330995512 0.2785752588949627
0 0.39573224918263056 0.7783663167737939 0.16083986282348767 0.19468110453215903
0 0.5691881509729347 0.08312938967418149 0.038209112012708955 0.04567298523536452
1 0.46746200973923263 0.08742601635329376 0.044595479707460584 0.054326816107925294
1 0.3686114525150622 0.12187589395519578 0.0414432061685102 0.052343650671644905
0 0.42421657020981396 0.12222158246121906 0.04292388555165907 0.047866483389785094
1 0.32656032020981396 0.1353673773449809 0.030478432629559828 0.04930882164466359
1 0.24015521590774283 0.16500959320176137 0.03683752678536116 0.05640015251722437
1 0.27781885714144494 0.16933660796639682 0.04303297970746058 0.0541164833897851
1 0.8133938928552599 0.1661528183624522 0.07778980925276535 0.08061880318886923
1 0.5231137662320544 0.18016953757745724 0.09217959172016936 0.10126179765213097
1 0.1378211485373027 0.22420405259901383 0.05287162986961631 0.08194097969862621
0 0.4454660531636854 0.2180299234844667 0.062437544642268604 0.09414047600746737
1 0.7961888019458694 0.21232164462106437 0.10012845941492099 0.11012596124283187
1 0.3236728737805364 0.23912337549940146 0.07055005357072242 0.11237963959816832
0 0.37941435917003974 0.24728156400542473 0.06251936525911975 0.09882797600746737
1 0.5268915568171333 0.0825583730639666 0.05407957386326192 0.061838812416766434
1 0.608114283278183 0.07005857172067675 0.05876707386326192 0.06246981057118699
1 0.6527137171255589 0.06797033925368139 0.04936480032431163 0.05964531426234587