0 0.3310421143263421 0.28381700137205346 0.10099515494824055 0.09377030344607676
0 0.3574672047599531 0.3472200071474208 0.12449144354388882 0.07950488436503064
1 0.37384335193249923 0.41950085252074576 0.16302626324231467 0.11339287568602678
1 0.45158480900152664 0.6628855996171091 0.14386616013203687 0.10651381499681137
0 0.4960271675784246 0.7554586559668225 0.11070234561740726 0.08098621384811899
0 0.5392098225266652 0.8424716472878186 0.12788984561740727 0.08299514447989971
0 0.4876154516024071 0.2085532224314052 0.18062386635259245 0.1200893063178075
0 0.5240696529219904 0.28936694352266285 0.18191296427907383 0.11714693637524212
1 0.5411586995761568 0.36095785392470514 0.23206878916129609 0.16012583809828057
0 0.6192727205941659 0.4760248264518282 0.22160018086722194 0.1465300577536727
1 0.6634122827997212 0.5739753177728243 0.28343579952888864 0.18159499993618802
1 0.7038014198874988 0.7086039738353647 0.25536958812453675 0.16130278895979977
0 0.7819837914238874 0.8244521963624877 0.254353892271574 0.16737015890236506
1 0.8213182764381465 0.9308340461710323 0.28867010367592555 0.13833190765793546
1 0.21682166385523072 0.4189326516911325 0.0681047425071295 0.07136770229738457
1 0.25658537582523044 0.5906047326100863 0.08501884043361105 0.07025163292916528
1 0.2408831719137491 0.508350267294196 0.06599543836009243 0.06493507223995003
1 0.2867800152220822 0.6529018135290401 0.07339783524981466 0.06116072252712303
1 0.3106952603211098 0.7229708091895382 0.07496033524981467 0.061343352584557566
0 0.34465944868120224 0.7841619652520786 0.05097603110277769 0.052353901723038374