1 0.6378926015857 0.5282843220409269 0.20638517466313394 0.15297982457154902
1 0.15282506527282927 0.37242145651679653 0.172500034012464 0.13112902047629077
1 0.09560797136881022 0.4808128910905795 0.18804903015113622 0.1650268019096311
1 0.6212793813261189 0.6803119426552157 0.18182436477157893 0.15362418129534242
1 0.06646529325506603 0.6306226736167334 0.13293058651013206 0.19562034723346677
1 0.6130783179429791 0.8513935947028448 0.17467064993424622 0.15753648027152778
1 0.6191340149936192 0.9698973538192621 0.18184969939202134 0.06020529236147567
1 0.016338577637273043 0.8042454587024235 0.03267715527454609 0.18349091740484705
1 0.3441807310631041 0.07613525586689131 0.10875846754845693 0.08320503290006316
1 0.3376773423430982 0.1111364656621284 0.06999156646400717 0.04854414839527923
1 0.5813386286559691 0.2430456195503896 0.11835306260267942 0.08569777412864062
1 0.31443831104175846 0.14685350330735497 0.13510137249423435 0.08427821638103258
1 0.621503312191962 0.28980680559089544 0.1123226576569019 0.08664011330958896
0 0.27794336436086137 0.19234523941685971 0.12018582689778708 0.06585039474292938
1 0.5884880927128412 0.3443574123146889 0.13080239336179425 0.10850301535721804
0 0.25649909542396554 0.23220108736923067 0.12084461206045452 0.07053789474292935
1 0.6288259103270517 0.41806869886710185 0.15555746368712917 0.12020361842866163
1 0.20048556605328968 0.2813010910215805 0.16715374884979656 0.125976399862002