1 0.33924775707112237 0.36175538743234514 0.12016905740420185 0.1277645239262834
1 0.40951823502455176 0.33659048599507313 0.12460684816957764 0.1421738674670344
1 0.4794141491260451 0.33277946721336443 0.1490654076537588 0.15571269402266658
1 0.5520914101493304 0.33339581577609245 0.1344614671379402 0.1649159763189118
1 0.621914391430525 0.32880354699438374 0.12777387021614822 0.15953478923740985
1 0.7744040070711223 0.31345742438277463 0.14021204866869183 0.19338781985966272
0 0.7151130511642634 0.35476929519779377 0.13610801123108124 0.19911755454853627
1 0.8602586745003808 0.3283981096676866 0.13821195174690004 0.18852689808928727
1 0.2381004238759831 0.8087000576513258 0.21431705532422232 0.24181679952655913
1 0.34048740744495315 0.8739025796584217 0.2432332050746652 0.2202852349340688
0 0.47563375769451033 0.8841617291765062 0.1823155045755509 0.1640420512005516
1 0.14662266014933037 0.3783987651885289 0.10879396048240983 0.12186307153365501
0 0.18467521193799155 0.3970663144698928 0.0629598194674768 0.0781181837335172
1 0.22606045091470625 0.383790176669755 0.07843895382687949 0.07828990143727195
1 0.28763333527410895 0.3753775167399236 0.11573126663882594 0.11335518038553243