0 0.20431153352046905 0.31491570498680865 0.04165190445914595 0.060684528855940556
1 0.41540757064723444 0.3536136503549705 0.12324039406758583 0.13523315027015242
0 0.28889970096906525 0.34841274046617116 0.06538433540139543 0.08801092068857255
0 0.3435654216359701 0.37303328375008193 0.0692741599070276 0.09905754809323426
1 0.5945380597514711 0.4350521672300115 0.12230060694082034 0.16637402286549072
0 0.494155647498655 0.43702884028083666 0.09235102698730664 0.11700893992586625
0 0.6741548679134584 0.539642952709374 0.11059828243518836 0.15505457694917482
0 0.7578143198909297 0.5864212381887365 0.11205152179152655 0.15354664065150558
0 0.838403402190232 0.6323091462634374 0.10547373986054147 0.14864088584218216
0 0.9068202664205195 0.6730730447194911 0.09598947921687966 0.1467510036281972
0 0.012495374117644589 0.5737202421954517 0.024990748235289177 0.11931548439090349
0 0.055633732900050435 0.7316617169677082 0.11126746580010087 0.13207343393541643
1 0.25667706285356423 0.2940327753125615 0.08635239926336587 0.09809524881887359
0 0.14808331285356421 0.290240598000567 0.03474634059717552 0.05109127404661713
0 0.17409950963525556 0.29898068094019153 0.03787134059717552 0.05120040145127884