1 0.3479746607187579 0.6573067067154523 0.20903190097293473 0.1617749360279987
1 0.3051185535740177 0.3817521760423162 0.20217397483619665 0.21637152936027154
1 0.4323672516281484 0.7020475893936791 0.2059069009729347 0.1617385733609078
1 0.4222690974055075 0.4299998667249973 0.23849330438150135 0.23866470003181667
1 0.5757121026838086 0.7716981127466328 0.23748418344033873 0.18085220003181668
1 0.6838461566615681 0.8440645560948138 0.25776940990138825 0.17952605736790767
1 0.5928310133959759 0.46245947274822347 0.2921092280826073 0.26740786537236183
1 0.8320654683499654 0.858291782781631 0.28605805113509036 0.18922832137172554
1 0.7713866615295368 0.5293940761059497 0.31085922808260735 0.26762604137490714
1 0.8878320474882331 0.6628071074554034 0.20518988068039512 0.21015789202736243
1 0.9672274468396098 0.7700025367997666 0.040889827109672795 0.10514203333863606
1 0.09537576623864497 0.7137545120146356 0.0825591298696163 0.07594542934436319
1 0.005221513799717702 0.32587215666772723 0.010443027599435405 0.05799431333545444
1 0.13113994237538307 0.7688692733529536 0.07148526217486464 0.06800566000954493
1 0.012702777192398313 0.27204772266868177 0.025405554384796625 0.05347044533736352
1 0.18909276421005008 0.8062698233609078 0.09363299756436802 0.08388519867918127
1 0.02587097889668164 0.2057869233370453 0.05174195779336328 0.07407384667409059
1 0.2468273977331144 0.856170373368862 0.09535913879807009 0.09327838001272681
1 0.29753078125617866 0.9059891073758617 0.09856595941492108 0.09800224267981754
1 0.23908663027994867 0.5833686727004984 0.18101599512873606 0.16769767202418073
1 0.38858247524982426 0.9273652153882702 0.12046823295387137 0.0998192813494537