1 0.79273520582278 0.7348397373067876 0.14333660521387975 0.1168834845546888
0 0.45915445611258293 0.11904151819740989 0.07346319294412851 0.08556589722312195
1 0.5055853682708713 0.365878516266746 0.2142503507872407 0.20669769166936583
0 0.3828787324049066 0.15438777785072932 0.15671278062979255 0.16329395982580128
1 0.49737231995681536 0.4990837453991862 0.3014754209446888 0.2542737295431577
1 0.42609756550788386 0.6126774698898382 0.33694614022572617 0.29304063062760743
0 0.29068923236032157 0.22895700427204524 0.2083840525400623 0.20894431145247588
0 0.18429976739446058 0.319189232624025 0.252325903416473 0.21665547297070553
0 0.1871883769681017 0.46777453208180014 0.22713405254006225 0.21157945210314572
1 0.8742067497324897 0.6480154405601368 0.07954903505643145 0.07260137249423444
1 0.8714506049686619 0.7006041202348019 0.10369855258464752 0.1067061081991266
0 0.8822496400250934 0.7635433103432469 0.0801522806743776 0.06500846754845675
1 0.8149563681817013 0.5844090062436835 0.12398335959593361 0.12184124884979645
0 0.787926087440446 0.658154772469455 0.11233384206771788 0.0894932735786842