0 0.3453093347518655 0.8578200869242127 0.08259697003338254 0.08621457416309611
0 0.38648414103275064 0.9691433879113417 0.05496128655241304 0.056434716108730854
0 0.2826872386401267 0.5878650412947348 0.09429757310482607 0.11085858343348357
0 0.2280096034164385 0.38935155201003624 0.0752495906476712 0.0898966497711072
0 0.3817422002470815 0.8973227513233578 0.07338910819051633 0.07114664977110721
0 0.4275209374493998 0.985476575908461 0.06480140716670171 0.029046848183077855
0 0.4265423044113386 0.9481881749928899 0.07026410819051634 0.07074448001431151
0 0.3402078051591572 0.6221693091130518 0.11554031433340359 0.12284768685265543
0 0.27527825290453123 0.3993908908011704 0.08180967105719698 0.09382598928469861
0 0.48585793123751364 0.9642625543276331 0.09820987208101144 0.07147489134473375
0 0.3266917616759538 0.41550223422749816 0.12460523392387772 0.12092919612304254
0 0.41623976239485805 0.6533173030329438 0.11585039474292938 0.12597268685265545
0 0.5368184173470183 0.9868331670171919 0.08572197003338253 0.02633366596561615
0 0.38977069624973676 0.4655551339986054 0.1450485782238987 0.1559536297854187
0 0.5039310964567336 0.7104938108584165 0.15364837720008423 0.1493476390558058
0 0.4904865240997262 0.4951324435336639 0.16737660088581663 0.17888023320459076
0 0.5912408789828876 0.779489611123088 0.18690180190963127 0.18910575174536462
0 0.6168346107211382 0.5375031960014859 0.20939696272868283 0.1981709400429345
0 0.7294605226330034 0.6145043967597218 0.26186550805251835 0.24502957127326752
1 0.13364995792569054 0.8060527085837086 0.06729414839527922 0.0719048102575158
1 0.15597304819945243 0.8840920712732675 0.06074616593812432 0.05255155562232261
1 0.17537345389943138 0.9198203020100362 0.04683870614288725 0.0523042917167416
1 0.16000409352328804 0.8434670712732675 0.070729228804805 0.0754319800143115
1 0.22441901676611212 0.9039778483619715 0.05667882675717595 0.05819830098712871
0 0.20895398935903092 0.8046667403076061 0.055581447371464685 0.06268471610873086
0 0.21640801714002142 0.7454928251860039 0.06370402778099053 0.0668151405007201
0 0.24467707598044292 0.8353745698283532 0.05700100511907262 0.045899385865526554
0 0.15847947000446808 0.4840540766309183 0.059648786552413034 0.0570379707439244
0 0.27798494147565894 0.8744750644707026 0.036533464914309734 0.0417227824463545
0 0.2563534831471447 0.7814914093419445 0.07948406798575344 0.07038848928469843
0 0.3086329275851637 0.9084858893562562 0.05683386696193882 0.0597608009871287
1 0.15824579310929415 0.38274702492133234 0.15457861842866166 0.15872263905580572
0 0.286142699154268 0.8161829417882991 0.07713426900956791 0.07779881952790291
0 0.20544408805922046 0.5051314578612514 0.09650442982861955 0.08646183806867694
0 0.3490435142065757 0.9397969735121967 0.0555814473714646 0.06268471610873086
0 0.24234812314491067 0.5478596646995954 0.09508487208101153 0.10324716831188141
0 0.8257164784019814 0.7368724609299739 0.2530622770620862 0.311768722489289
0 0.7154305006899898 0.8595614484693078 0.28685341010014725 0.2636708444492353