0 0.5431948175952933 0.2882520372031047 0.1252521322794232 0.11800528100144021
1 0.45962207861857857 0.3077043706365882 0.15716963893495364 0.16224980881260143
1 0.9308011880197423 0.3556941193132303 0.13839762396051541 0.12374438442061227
0 0.3918943496251594 0.38678715236048566 0.12660694509136955 0.14905419612304244
1 0.9063029257481666 0.43443727907718177 0.18496088560718818 0.14575792150216033
1 0.31448877807770315 0.4299555235979745 0.1696078173874973 0.19626881808298843
1 0.8834921218795259 0.5203896842059397 0.170502810731967 0.156247072718182
0 0.06974984088964957 0.4930774768240324 0.05664799792002053 0.11072004635193515
1 0.1823548960060759 0.5220708277753824 0.21996379326094734 0.2891981097997302
1 0.8326712728777543 0.6281314520242566 0.2104825266221213 0.1876356097997302
0 0.1293472739177442 0.6656726426680917 0.15075397379347052 0.20927971466381656
1 0.8011430759142014 0.781619163497794 0.2569421522460143 0.25536381663807395
1 0.6774879889757048 0.8544586659656158 0.21610704201316153 0.1652035341917192
1 0.6646619199248299 0.19197503473528282 0.10548107279524199 0.10465476246066614
1 0.5744436060728938 0.22493279256075546 0.12910646048240987 0.126219950758236
1 0.9410087540555561 0.266082728090053 0.11798249188888796 0.09436669612304245