0 0.29254704098516304 0.3132504277615912 0.12628898441265973 0.10988528896022584
0 0.33100288962811025 0.38219529667415886 0.15175887797604232 0.09472393912238157
1 0.3577235627766896 0.4622958538983292 0.19656863342392406 0.13296032467404081
1 0.47557125252101545 0.7269702341749827 0.17425659084927717 0.12632849512873606
0 0.5387046730717048 0.8244258867727705 0.13300887797604233 0.09439665665497757
0 0.5989480404040854 0.9141099496789838 0.15353989926336595 0.09787621266133187
0 0.4606582665957465 0.17812363109072762 0.21742743664223277 0.1411273806803952
0 0.511925471675311 0.26248894846116777 0.21877141535490913 0.13802965421934557
1 0.5409352645020595 0.34176734537691267 0.28164275595208466 0.18906604869945848
0 0.6443330521330279 0.4557286595009419 0.26648764951546744 0.1731955868489054
1 0.7062863849365333 0.5586803356376799 0.3427659262506724 0.21510244317957133
1 0.7681740157625672 0.7054365588523188 0.30987701659574646 0.19111947240056465
0 0.8589886369041695 0.820179122976348 0.282022726191661 0.1988774253226638
1 0.18031411079921822 0.5091959476470935 0.0836972928267485 0.08105117694751698
1 0.2460969199696116 0.7004697840922571 0.1056815534704102 0.08299550649282175
1 0.2177209116717384 0.6078828636375619 0.08180701089576328 0.07633640340856669
1 0.28813123668157364 0.764658969157449 0.0908542289647781 0.0718125446422686
1 0.32400838854282954 0.8414708851479172 0.09074496832111638 0.07025004464226896
0 0.3705663142892989 0.9032344995962582 0.06341764381548423 0.05884889448011279