0 0.5554655539985142 0.6094249893698406 0.10416023464950505 0.07653029121570683
1 0.729250262882673 0.13605164906251943 0.13791561124464452 0.12257611485312828
0 0.5029139983761918 0.6693738163412422 0.11509773464950505 0.07742311151914834
0 0.6775954048283076 0.16500556754919002 0.09931782879829001 0.08695760818516848
0 0.45041680616588575 0.740913847555009 0.13958683806867694 0.09952125212603188
1 0.6290424572603508 0.19989062164177426 0.1539427810014402 0.12697657242947366
0 0.38811117030035913 0.7985667219510351 0.12291023464950505 0.07806084030732094
1 0.5665588260300176 0.25291976891661755 0.18452697856939704 0.16039485030926076
0 0.47653035992128673 0.3097434669500652 0.2134101390558058 0.15656821970431692
1 0.3643647247782173 0.41243764543867545 0.3075757503004503 0.27557305334367826
1 0.22264340597277163 0.5345513746858901 0.3242225434621064 0.23673369395056162
0 0.09853571261800148 0.6521847690857954 0.19707142523600296 0.18625546182840919
0 0.7657737825679112 0.44692563405960994 0.0479727824463545 0.03638378121376693
0 0.7491977215879382 0.4676047958783208 0.0503396219599459 0.04276132697140156
0 0.7378893257295673 0.48940004754531063 0.041722782446354675 0.03587359818322895
0 0.7201298449927986 0.5132679822428388 0.05013853708154805 0.04119882697140156
0 0.7037861427896484 0.5501620754250978 0.05013853708154823 0.04119882697140156
0 0.6809139027824924 0.5837238745167121 0.07402438586552655 0.05860946757828493
0 0.7353348428254269 0.38911300512165603 0.07478254635193515 0.05248701333591956
0 0.6417903186265519 0.6294348583058548 0.06701622537911796 0.06422173879011232
0 0.6838974384191264 0.4644317405777885 0.0785108009871287 0.05742960485118864
0 0.699583522575067 0.42063394315316405 0.06500537659513946 0.04859673879011232
0 0.6013053193490091 0.6737108878526318 0.0695379707439244 0.0597893303053814
0 0.5617564759226814 0.728733098762957 0.07895914977110721 0.0729270590935542
0 0.6422521088983792 0.5057103158822001 0.1011901405007201 0.06546524545807202
0 0.5331913115235365 0.770490035127475 0.0965026405007201 0.06508260818516867
0 0.6054491852288472 0.5574162081560735 0.0851629707439244 0.0610647878817268
1 0.4926832227324023 0.8209522917954348 0.13782325319027908 0.09783120636839726