0 0.7345342026485803 0.6614402392374515 0.10264294108527139 0.07945948841601655
1 0.6276732194629016 0.1416344741618834 0.1334714389258032 0.12559969939202142
0 0.7159529858065723 0.7339275634241142 0.11670544108527156 0.08143584390401912
0 0.5905329673034332 0.17822230027921 0.09563147748246603 0.0908615131449042
0 0.7050538610372851 0.8175593153547782 0.14134449568106328 0.10347976971735626
1 0.5616557981173869 0.22293935166764905 0.15105945712440044 0.13426524498846878
0 0.6748039589701017 0.8891809266347721 0.12588018198597287 0.0796284142293537
1 0.5295430074012556 0.2896538678934206 0.17972467766703631 0.170810860910251
0 0.47005618830749435 0.3641344231431874 0.21486114126984165 0.16336154715736823
1 0.41626745912698526 0.491288120974288 0.29903348704319 0.2928717048142701
1 0.34474981184016396 0.6438218806276075 0.3257171005537104 0.2501690108444972
0 0.23769518275193996 0.7975549540338097 0.3019000663159842 0.19262677513960505
0 0.8529781122739027 0.4558870688463629 0.048877590992986344 0.037837851626674635
0 0.8490113055186426 0.4785559861565842 0.05104086829088246 0.04743244668089712
0 0.8491009430878563 0.5041176411023617 0.03804022054263569 0.03786318624711722
0 0.8454845897563686 0.532255308412583 0.0509407387412331 0.045869946680897125
0 0.8520442728220757 0.5742105460481393 0.0509407387412331 0.045869946680897125
0 0.8475663263381336 0.6130661183041382 0.07205427513842792 0.061224682385789465
0 0.785911725784423 0.400008671623241 0.07634125693983015 0.05563346754845679
0 0.835545990125509 0.6671201677619132 0.06307979333702499 0.06615711206045453
0 0.7783879248892591 0.48798586366234975 0.07664164558877821 0.06032096754845675
0 0.7690839736249547 0.4394512334454598 0.06520349784053181 0.050971302168899515
0 0.8204006539128846 0.7207350271112434 0.06756703423772628 0.06369089722312182
0 0.812106094998156 0.7846032666774635 0.07618057063492074 0.07728887249423444
0 0.759917329577336 0.538036532903235 0.10184190468807693 0.06695948841601673
0 0.8082789905869342 0.8336150889334621 0.09881703423772628 0.06808279830757166
0 0.7537161967884841 0.5983279150507889 0.08465440468807692 0.06454394281956936
1 0.7966091077980826 0.8931378883912373 0.13665699568106326 0.10282098455468898