0 0.33763512381460503 0.7432122110721062 0.07243492198083885 0.07834822252712303
0 0.3661551922228278 0.8509130998085446 0.04776911465389251 0.05217127166560402
0 0.30484471449692235 0.4799411127951446 0.07843261646291486 0.10389611269942697
0 0.27149438319840086 0.2866172544033138 0.06190685775648763 0.08488231212508061
0 0.3690998077812315 0.779910664837262 0.06701043758467104 0.06373783235481927
0 0.4026758683875381 0.8800324134013966 0.058788501809022266 0.05501218206764591
0 0.40858503166194976 0.8265421532865276 0.06232293758467104 0.06318994218251532
0 0.357689753506503 0.5087053107849332 0.10063516508343388 0.11270293350351146
0 0.3177961731124926 0.2920758526802754 0.06823874491161738 0.08717533235481918
0 0.46311540140422486 0.8527799712188813 0.08567190637700647 0.0938717629865998
0 0.3676357208285005 0.30410912581365046 0.11132700361804453 0.1092938439055537
0 0.43018887324877825 0.5328428830567891 0.1008808265488231 0.11739043350351146
0 0.5102869725259811 0.886089624409691 0.07555992198083886 0.07871348264199227
0 0.4251306382867835 0.3478591186024178 0.12554663387576942 0.14356738436503064
0 0.5114112177762827 0.5831371099553199 0.1374734237898611 0.1340909248245076
0 0.5211082016066235 0.3684759900127545 0.1452792797373263 0.164508945054246
0 0.5905387957954439 0.6437702169112853 0.16435682835784532 0.1729505057434615
0 0.6421300305302958 0.40014196547542 0.18943871551297525 0.1774350866624152
0 0.7457662856186785 0.4672279915124317 0.23655273292582973 0.217106358328019
1 0.13207119855440588 0.7097808237396273 0.057799211894930556 0.06576705201021156
1 0.14668589722035338 0.7864955130504118 0.05517217887824381 0.04527192195277685
1 0.1619899926523691 0.8204240824186311 0.039874727498762794 0.049695621378430754
1 0.15428371325372697 0.7452313078493906 0.06265048620519006 0.06943994218251533
1 0.21198667062610177 0.7998274856094406 0.049413501809022285 0.053916401723038375
0 0.20777056139927613 0.7024857659540483 0.04653416327441155 0.058238641608169314
0 0.2217788297166418 0.6426136055520061 0.056072937584671044 0.06245942195277685
0 0.2397265682966811 0.7298092197192042 0.05328213025772479 0.03883929189534232
0 0.19248523462331038 0.386698432131458 0.0523747274987628 0.05115666183790761
0 0.2689293894184373 0.765219118570512 0.0315709045679843 0.03940747109125766
0 0.25735448157109264 0.6749492341735753 0.07309666327441153 0.061343352584557566
0 0.29521192842801786 0.797088027536689 0.04949538896415202 0.055478901723038376
1 0.20323570612917935 0.28527797693043677 0.1364841338757694 0.14484579476707288
0 0.2836370205806732 0.7068181431397523 0.06890048620519007 0.0701704624122538
0 0.23661037087392897 0.4040584104658541 0.08937676051544959 0.07566965315890375
0 0.33181449174785793 0.8246448411295407 0.04653416327441153 0.05823864160816905
0 0.26869253053029596 0.4437905492022926 0.08262879353213641 0.0950690028717307
0 0.845260595320474 0.5837153976068781 0.25117515490666875 0.2886972687300613
0 0.7041675265735671 0.7127941475749721 0.2622078301668678 0.23252843924697295