1 0.56484375 0.8169334723923217 0.1046875 0.1250297921153926
1 0.690625 0.21328293858203645 0.0875 0.10865363221585059
0 0.728125 0.04091130293194814 0.071875 0.08182260586389628
1 0.63671875 0.382258167357873 0.1046875 0.1250297921153926
1 0.70703125 0.005747505574744888 0.0875 0.011495011149489776
1 0.65703125 0.14827384202205052 0.121875 0.11796845201493471
1 0.5890625 0.30898581526114877 0.1296875 0.1440201156056357
1 0.47109375 0.799084685480733 0.146875 0.17133377550517787
1 0.60859375 0.0696379062843964 0.10625 0.11899012483353286
0 0.3890625 0.786689653183093 0.09375 0.11105746308841127
1 0.5046875 0.22737503204071893 0.1875 0.1955524261768227
1 0.5359375 0.027276717740366507 0.1296875 0.05455343548073301
1 0.446875 0.11875109261190595 0.2109375 0.1737074169489255
1 0.30546875 0.7432549536035931 0.2390625 0.26343090587544893
0 0.1796875 0.6890929874138783 0.20625 0.21526391879450485
1 0.29609375 0.03436020327065875 0.2203125 0.0687204065413175
1 0.08984375 0.6363433687069391 0.1796875 0.33356326258612173
0 0.76484375 0.10719838447037748 0.0671875 0.08404430688002815
1 0.721875 0.2684512842192327 0.09375 0.11105746308841136