1 0.34490000616463795 0.6209620312876825 0.1259593275747511 0.11941639988706054
1 0.36743753778147054 0.5475546233669398 0.1415843275747511 0.120326452503779
1 0.40972636489479636 0.4908642785862593 0.15256140036914023 0.14587248407381015
1 0.45660256245847286 0.4328844495905944 0.1686474753229977 0.12968604195220051
1 0.498060074796974 0.375367352179078 0.1633591980251019 0.12003802616718495
1 0.5831488687523076 0.24567141787938898 0.2013598457733483 0.13003465244730927
0 0.5810239666851243 0.32182439420186565 0.20710919802510191 0.12258617349399667
1 0.6511688810908088 0.18970140991629406 0.19500971622369895 0.12810813140062188
1 0.670784692312664 0.960563586605824 0.2334714389258032 0.07887282678835206
1 0.8268146468161708 0.9487153049652057 0.2901615299187895 0.10256939006958846
0 0.9018961875323018 0.907918601826142 0.19020110271317847 0.17452810509226283
1 0.23467031230158933 0.7834403735081141 0.1220332911775566 0.10673438936371689
0 0.2757063224806221 0.7679287655732541 0.07860466378737563 0.06061825256024882
1 0.2908714450904411 0.7252253260824804 0.07668121838316741 0.07918624203690498
1 0.3231542165282409 0.6702871971009328 0.11023419802510181 0.1169438472703419