0 0.40008492519298755 0.44286307570660916 0.11732196485439825 0.13011827357868416
1 0.44835626726070543 0.512373199351047 0.15945407887697094 0.1606081499342462
1 0.3164863288992635 0.06396322313508981 0.12274917537132772 0.12792644627017963
0 0.545038416362002 0.5424956386790315 0.14681761397798745 0.13272807960891128
1 0.3983118815284959 0.07052148936086139 0.14297859640518668 0.14104297872172278
1 0.6127727759802282 0.5957599790914658 0.19380138588825738 0.17771964607291862
1 0.48474285521387966 0.06017941671463236 0.1537519385174896 0.12035883342926472
0 0.7647139776215871 0.8040834222807781 0.11175828943848565 0.0848057735786842
1 0.7447743329469295 0.6805234574434456 0.28648135955134857 0.23220446910937778
1 0.8153844556667323 0.8478249632354373 0.1367582894384854 0.08831929444624365
1 0.6011075657308091 0.07184747621595716 0.18491885955134854 0.14369495243191432
0 0.899697300259865 0.6881416544940857 0.20060539948026976 0.2017905966151435
1 0.7525879867869606 0.06601764410128018 0.24892597357392124 0.13203528820256036
1 0.928307850675778 0.7561652819998512 0.14338429864844393 0.18403723340448544
1 0.8899079823603216 0.09319034289771266 0.21907431568622399 0.18638068579542533
1 0.26649317523757265 0.37103878746307434 0.10232790346105806 0.1080490131449042
1 0.32980011818170124 0.4400252580923986 0.12395566660721986 0.13412165379557411
1 0.23187793853978217 0.08264773993596311 0.09369261397798753 0.12526184776534682