1 0.22449588631650172 0.2818376827620652 0.11725785453816646 0.12148023392387772
1 0.3822424981304534 0.8229255702002949 0.10023749269530029 0.10586733187624872
0 0.4286897879613071 0.96891434668706 0.0832171308524341 0.062171306625879906
1 0.35376395829959983 0.6646781944669333 0.11554031433340359 0.11976269371911492
1 0.47668636325176017 0.9934668147073129 0.09244918860004211 0.013066370585374187
1 0.44109905331852517 0.8658459283908112 0.12913769371911474 0.11647055556198112
1 0.4290267634876715 0.7092264748074603 0.14396329679055847 0.14114837720008425
1 0.3161165496950897 0.26489372443355097 0.163476399862002 0.16629131945247622
1 0.5191767780970709 0.9138292891408639 0.11851027412864071 0.11851027412864071
0 0.39445596307367764 0.24663192436455197 0.10508003290006318 0.1078949524905374
1 0.5410022696995578 0.749528179857534 0.20330200293344572 0.19344978436678595
1 0.6198271837970499 0.9455713971299684 0.14147055556198093 0.10885720574006327
1 0.6870328307256063 0.9674639857645099 0.16664979167148566 0.06507202847098022
1 0.6405794919185672 0.8193683936790302 0.22019152047629084 0.176560266823941
1 0.48836100327844056 0.2543718366503264 0.2638810307144361 0.25825119153348775
0 0.6228849945070181 0.25825277415755504 0.2253199451858375 0.2126528070287038
1 0.8267143749566284 0.8914858187624863 0.20517458334297167 0.19672982457154903
1 0.7622454769641729 0.2531463121766909 0.30398042033829287 0.3349445358335089
0 0.3639708332851427 0.9355091392788617 0.07603688962385666 0.0802592690095679
1 0.32979703212333017 0.7869528929312116 0.10351753290006319 0.10773991228577451