1 0.4490495803226833 0.2343905025893785 0.1516280996293755 0.12278513905580572
0 0.5025188652298228 0.9163904786909537 0.06824788786609162 0.06273089513591365
1 0.5762404474056286 0.6685658813518897 0.23006739631792997 0.22382037370531088
0 0.6034268227671874 0.8820251267166961 0.15647982499697816 0.12495089369099936
1 0.6540558687326242 0.5350279584048149 0.324633805140393 0.2729832966523855
1 0.7898831742496853 0.43361510715301443 0.3629502139628558 0.31490716397713814
0 0.7410136534665389 0.8350212376608903 0.2219311635982752 0.19040461907011733
0 0.8851347926358601 0.7830364056723214 0.2297304147282798 0.23197249566525677
0 0.9282173887775436 0.6305392134620152 0.14356522244491288 0.2141519307725474
1 0.31470738013737104 0.30473134920598527 0.08691341617451531 0.07900532879828992
1 0.3456360064254912 0.25245014700283497 0.11067464889417025 0.11443193221746187
0 0.36554737903758505 0.18575045407007162 0.08420133860129689 0.06786674391989207
1 0.3488641238851046 0.3811009487124209 0.13402767720259384 0.13130962051503162
0 0.4161431726000064 0.3130562094277224 0.1226022191153362 0.09592919612304236