1 0.6633237192583996 0.41400147189067826 0.18829995159900648 0.13859084308955422
1 0.17198967125018946 0.28927209913967833 0.15694086729005097 0.11965903590796181
1 0.1280947463857627 0.39838802390590927 0.1696226744716433 0.1509817587805987
1 0.6634105985505032 0.5632156767111385 0.16175563231716553 0.14156130698520072
1 0.08678901121648563 0.5497050842107596 0.16819652985783756 0.17441016842151918
1 0.6745395169720222 0.730462264045156 0.15708631303532491 0.1446590359079618
1 0.6974826341638773 0.9119288700205255 0.16667039129415606 0.17614225995894905
1 0.047954291074323196 0.7229107800542293 0.08843630698520062 0.16144656010845856
1 0.3266306776930971 0.013618635047640104 0.09701135538619425 0.0240011022629363
1 0.32434146984757484 0.022979999509020677 0.06430793969514967 0.04256020472226433
1 0.5773488160603869 0.13851059250037895 0.1082579275949012 0.07718973477649364
1 0.305800548106406 0.058808415200065266 0.12387383723582168 0.0757181383672898
1 0.6213533461146163 0.18251512255460822 0.1035886083130606 0.08028746369925477
0 0.2748323492378742 0.10706410801847291 0.11127384328594588 0.058457915494652866
1 0.5951135538619428 0.23782933645025475 0.11776928298109546 0.10068177693097129
0 0.2578721082148646 0.14602661406859713 0.11130111436318471 0.06314541549465287
1 0.6423930748409856 0.30763329722264326 0.1396897347764936 0.108621541958086
1 0.208953340064492 0.19730276775758918 0.15065450585373252 0.11337267447164331