1 0.669048499962819 0.42722416521591844 0.1157761917107738 0.12391699710451594
1 0.5941732449827221 0.8432815047530017 0.09383752471457925 0.12133565260503403
1 0.6248156803048863 0.36019717700274273 0.13509919467652337 0.13885279238978612
1 0.5636700028913875 0.8042896253073316 0.11233285672980173 0.1159589478903043
0 0.6315882396198766 0.07872885318142517 0.05812551779449713 0.086922111248705
1 0.5008980888609426 0.7888422537195444 0.12817803262324468 0.16036391935425698
1 0.5542750286317311 0.2856830204687674 0.15792919961943924 0.1633091368892682
0 0.5728180760837234 0.06111966811140259 0.061985346843970036 0.06682793507002258
0 0.5023609960456673 0.04218342348808608 0.07027800790866542 0.04070208271265772
1 0.3979786773019557 0.7597839923470049 0.1914075444862428 0.21945212903138547
0 0.44570779494335333 0.20313588606069866 0.1791038626613009 0.14714048138875013
0 0.3200274322448715 0.7326713746881591 0.13886086463846717 0.15462334160399785
0 0.36099189673023935 0.1115241207592177 0.20965352570316256 0.1314084735308673
0 0.27669249258562617 0.04811013006484262 0.23099001482874765 0.08093759263745517
1 0.1942926031953986 0.7064641315125847 0.25533739330737926 0.2957278387085136
0 0.0684476165784525 0.5833262303552929 0.136895233156905 0.2166524607105856
0 0.7512097425484451 0.4662738566960819 0.08692167984777566 0.06642982878371625
1 0.7563866738790955 0.3968517686067406 0.09760451186299815 0.060689251033457306
1 0.7392880627006695 0.5283372090534467 0.09298067885919252 0.06203342721213971
0 0.739370270228774 0.33422333601791737 0.09591467787060921 0.05749147642635144
1 0.7432566155898692 0.27726486062502326 0.10229201186299797 0.060907574854774896
1 0.6578219095074586 0.8564215136443419 0.0725063527754692 0.09538958271265763
1 0.7240848043348935 0.1714857415184354 0.10898768083635879 0.0721361732831983
0 0.7191771284414505 0.21509019230422372 0.09240767589344294 0.04797092721213971
1 0.6441069193932902 0.8088187675732833 0.057998183802108375 0.08379711124870504