1 0.8327718714741484 0.29134781889643685 0.1090300433312077 0.09923716531583313
1 0.2353286922782331 0.32196601701199123 0.09470374275686141 0.08251855702175907
0 0.05958802753668887 0.33038198416578723 0.08212257223994993 0.06749914976444434
1 0.40193786135927934 0.33213395452361194 0.10903004333120751 0.09923716531583313
1 0.013798681397572315 0.36879922667291676 0.02759736279514463 0.08515554147037027
1 0.16753242061262932 0.3727465584823615 0.09734173407785755 0.11831935598499985
1 0.32381285414804667 0.39851010169615814 0.12426949419272679 0.12376827360990719
1 0.8072949928844853 0.3902343782272702 0.14935066470963826 0.13988128916129608
1 0.08444596831524478 0.4418765587651855 0.1031453034460768 0.10181536116879605
0 0.7887479047542987 0.47614248392944614 0.09543426298659981 0.08876855702175916
1 0.2356533455009487 0.5044272024973617 0.16485391614550365 0.1799006964186109
1 0.026471156126352213 0.5361432600847686 0.052942312252704425 0.12579966531583314
1 0.12183434262921804 0.5917111719602318 0.1370738872367613 0.20685417568342573
1 0.7390015463943739 0.5709662598484275 0.2262175577536727 0.228571933741944
0 0.6746752313975625 0.7111414919879644 0.18248784677728444 0.19845520678620332
1 0.020160267421819644 0.7806745100847687 0.04032053484363929 0.2136509798304626
1 0.6193485117740761 0.8404769689437049 0.30371349706445744 0.2167936866166662
0 0.13496343937459648 0.2742987880300003 0.07394481212508071 0.06369064458064795
1 0.29407463880025037 0.27584358124379693 0.09543426298659989 0.08876855702175908