0 0.6272338558899587 0.5946580779542762 0.14878792848861017 0.11809763905580581
0 0.5267563973955295 0.8390902491559862 0.0798147878817268 0.0875759892846986
0 0.5957763039234064 0.506137748433529 0.17898561151914832 0.12816825174536461
1 0.6412157049912715 0.316989611123088 0.2301335233378591 0.14866546785409565
0 0.44807315906445916 0.7681759581617017 0.11804811151914837 0.12032594148784881
1 0.5333556654425549 0.3907383864664272 0.2777418469752808 0.18262192932763305
0 0.33385103346048506 0.6974247574034658 0.13533120636839743 0.14264929027182732
1 0.18946317573435856 0.6480540288340687 0.20337931788754576 0.25654051565094527
1 0.8136185396694028 0.8452189470243934 0.060331464244305175 0.05723905562232261
0 0.8287968716417742 0.7753317062947804 0.03498077787978708 0.03078528244635468
0 0.8327189681580132 0.7466265411731783 0.04655600666795969 0.040005376595139454
1 0.8149094569481254 0.6843358104364097 0.11170251666989942 0.09941018685265526
0 0.8027284502801658 0.7175043011660225 0.052933552425594145 0.042372216108730855
0 0.7636821836102663 0.7993195611588668 0.05057382697140156 0.05134504635193515
1 0.7181151078468128 0.951346778712512 0.06198955909355419 0.07755155562232226
0 0.7799602431628623 0.6095763535980657 0.08035692182065049 0.07527707416309645
0 0.7355730301265052 0.7664921560301089 0.06865414727484324 0.0644944800143115
1 0.6732490179985338 0.9400465672389746 0.06093724212409235 0.0836004707439244
0 0.7088190825520996 0.7267340433405499 0.07672173879011232 0.06862490440630076
1 0.6374868611807927 0.9236023225966254 0.07681733363936125 0.08873631952790291
0 0.7430021192258783 0.540084561881324 0.1079397878817268 0.09119551709585974
0 0.6792430239175873 0.6731919684549963 0.1079397878817268 0.09119551709585974
1 0.7198832257440568 0.45579519919176503 0.15478283697334128 0.11577697856939703
0 0.5931308254250978 0.8673686913662924 0.06862219636645772 0.08304339513591366