0 0.30377981334047044 0.7268973554243823 0.09564277210332373 0.12952517338864206
1 0.2746953700835303 0.8511871242182554 0.0980858105039836 0.10645293350351145
0 0.4342663175636125 0.3948965605934976 0.1118588054894186 0.1516639739629883
1 0.2577783062143344 0.9387479985003229 0.08311402837152997 0.0735592629865998
0 0.5465065901291547 0.21181012992981088 0.121461126022532 0.16057225430759603
0 0.3517519635778973 0.8235998770899862 0.0979039540774929 0.10020293350351146
0 0.32731791640174884 0.9204038510848804 0.07700042069139794 0.07751624275686134
1 0.5209599870013693 0.48444608369496667 0.2885984648980454 0.3389407802807959
0 0.3581109268265902 0.9766589053127017 0.08458560015828454 0.04668218937459656
0 0.6236062992212125 0.26598018771538967 0.14875105172849495 0.18867696528398445
0 0.4035394356020787 0.9176339738991764 0.120188131037097 0.11682225430759594
0 0.46929847941301495 0.9811485620931748 0.11334709765100222 0.037702875813650394
0 0.7686436660725444 0.3537845879706568 0.21408654671392996 0.23991479763880363
0 0.6667989873970808 0.6533178538927992 0.23080268527287445 0.27924109821314963
0 0.8026635942192828 0.8272525287173067 0.2801949315119508 0.3177151299936227
1 0.8880743130112659 0.4410512425654258 0.22385137397746807 0.40791398838545356
0 0.8487071830947963 0.9382305634971342 0.18265469028743908 0.12353887300573163
1 0.15326167313217343 0.5310065100829633 0.06601745658477531 0.07467533235481909
1 0.18451402164110536 0.4544643063178075 0.09054609514371963 0.11491478321633827
1 0.16371945150370334 0.5960734753988536 0.08071645407749281 0.09819400287173075
0 0.2139574807331631 0.5030641473516304 0.06588106426490725 0.06998783235481909
0 0.3331858877010145 0.23904224703255156 0.06638116943775678 0.08717533235481911
1 0.22103184633085388 0.5856432875239344 0.1210064849563052 0.14494725430759595
0 0.35624295447320425 0.2822240678366361 0.088938131037097 0.11316965315890375
1 0.2129729569139797 0.7100548120931748 0.09652331050398358 0.10627030344607676
0 0.2673361964891384 0.6517857441608209 0.07924488229073816 0.10113637281429604
1 0.4501029515702103 0.16316969642629947 0.18380801332783517 0.21613232654754597
0 0.392785859725196 0.3339894941289149 0.11668269780928667 0.15689936413529218
0 0.2537630929656416 0.7739955635290401 0.06896060015828454 0.06879059246968833