0 0.6859513650923923 0.6266925839770469 0.10696471126195987 0.09860584733906404
0 0.6635117616470394 0.8062020886122404 0.08776168860004212 0.0760814136766876
0 0.6651105555041521 0.852272749098649 0.0681056432762066 0.033445564892709355
0 0.5832601242377242 0.49568019985688494 0.17099091740484731 0.15312207271818218
0 0.5830611585755958 0.8396938325321326 0.09838910819051634 0.07436400782547281
0 0.5648768786089782 0.7664492330256969 0.10741773392387763 0.11871726246066619
0 0.48873380662588006 0.41452109427034145 0.19863869883818755 0.16747801565094528
0 0.48079986106613315 0.7587589013375781 0.16195019371911473 0.1241927332045906
0 0.4154441812664279 0.3136609277038249 0.2062840606810536 0.18234485516453666
1 0.35752884867127516 0.18999778967092668 0.22738385965723912 0.1773475434621065
1 0.28963045320944153 0.08921507603001767 0.19225785453816646 0.13426334589414962
0 0.3609161878233091 0.7232831916094055 0.20252680190963107 0.19111660052934312
1 0.24280942795907304 0.6621267743204318 0.2547094627286827 0.2040024015164718
0 0.11506397933675458 0.5493453092346083 0.23012795867350916 0.23393716542205248
0 0.08614204860227616 0.3985476904649414 0.17228409720455232 0.19665461907011722
0 0.05593498720231828 0.2642106851072906 0.11186997440463656 0.1715786297854187
1 0.9357215039973447 0.3014646161229512 0.04668366593812436 0.05074179171674178
1 0.9213901498330876 0.25934638466372534 0.06651894737146477 0.0640923102575158
1 0.9199849232139098 0.46005836612295126 0.051812090647671026 0.08688037659513945
1 0.9055738157712121 0.21664798808289726 0.06495644737146478 0.06389122537911796
1 0.8838950822212436 0.17084768101566056 0.06433628655241322 0.05764122537911796
0 0.8979961092544155 0.4173830590557145 0.06495644737146478 0.06389122537911796
0 0.8856269535544363 0.38658140783969297 0.057621165938124365 0.05214938586552664
1 0.8801219096973238 0.3410134595492789 0.09805483187624872 0.10208683806867702
0 0.8485474981593679 0.1306628454148055 0.04464394737146478 0.061277121959946036
1 0.8198375146093995 0.08576742030035911 0.08619918860004212 0.07588032879828992
0 0.8433547678878399 0.2840432937052196 0.07994918860004212 0.07507598928469861
1 0.8294824853616861 0.22952560468519256 0.08884697003338253 0.08701891367668776
1 0.7883961805475238 0.04507987250350946 0.06979898757622749 0.0660569800143115
1 0.7957567744736356 0.16522256152353645 0.10337459064767103 0.09351617758226834
0 0.7328971856665965 0.018783768090098612 0.047936085528598585 0.037567536180197224
1 0.7928275748876293 0.6144807698067947 0.1175921308524341 0.09688844148784881
0 0.8011656852637727 0.6859074210228163 0.07010906798575327 0.0691819800143115
0 0.7304891301046155 0.1312020886122404 0.09009938962385675 0.0840949985550856
1 0.7057508187046576 0.06959878618019721 0.08776168860004212 0.07608141367668778
1 0.6613262170999368 0.027701503100832237 0.09806692982861964 0.055403006201664474
0 0.7391489528066179 0.7123991888411332 0.07043124634765015 0.056883064892709355
1 0.6999352284019813 0.5246273717810522 0.13913285453816648 0.127426460028623