1 0.4331219985501075 0.07456075022714262 0.12090634108157476 0.11683337516934214
0 0.4204471676410023 0.22817375113165378 0.1022747402517378 0.11741322930778511
1 0.4950766242750538 0.03701424185939962 0.11827824855010753 0.07402848371879923
1 0.37474299732392957 0.8360891497067442 0.2047611228251613 0.15546650723608915
0 0.581688630498831 0.022961707938201688 0.11337726099766207 0.045923415876403376
1 0.43501672387871276 0.7827317763464243 0.17687292116548722 0.1571175384437538
1 0.5044761962843112 0.736736523632891 0.24306660622842174 0.18859991180407362
0 0.6126080049975994 0.7145981727738084 0.26856351369695447 0.1759294934412793
0 0.6681583427551818 0.640310823723748 0.27637601369695447 0.1763389292169281
1 0.821791905617655 0.6079443017883377 0.32256577469461656 0.2519054952503016
0 0.8662202250046445 0.4457884605401935 0.2675595499907112 0.2408927521477066
1 0.8955394881771452 0.2933727894638658 0.20892102364570952 0.22593613749381403
0 0.9754278977202706 0.2094271573971187 0.04914420455945887 0.12991987336031982
1 0.1277044832027678 0.3086170041838715 0.07289397095570585 0.058290534825709096
1 0.13283061370159888 0.3452129234511768 0.06136447510489074 0.049904824739800804
1 0.12803729254075596 0.3854661092268256 0.06605197510489072 0.05015048620519007
1 0.12887866474121729 0.4379736335370851 0.05570647095570584 0.057389776119281775
1 0.1474044444102114 0.47543601198578767 0.06351897095570584 0.05779921189493074
1 0.21254050187409979 0.2688750734966054 0.07658765601864026 0.08649742198083885
1 0.17317496163165083 0.536049285391536 0.08331125269929238 0.09307497060135787
0 0.24774337344986117 0.22624383819592647 0.05402557178554286 0.05574538896415204
0 0.27505123465266035 0.20363517582602605 0.06579186597668399 0.06725609905006032
0 0.2558420612120879 0.3434722817734913 0.0865546518694554 0.09480124491161739
1 0.2115648006386331 0.6493371794440707 0.09940984937994449 0.10014384215265544
1 0.31969996120744354 0.15109667401700375 0.10973204274124866 0.11313516508343388
0 0.29612351909553924 0.32645852216255294 0.07358105518880328 0.08789614767057934
1 0.3329122014591813 0.26335101255161447 0.14058022365499828 0.15054663387576941
1 0.3791099273892646 0.11739338138937856 0.10397895020978139 0.09882700361804461