0 0.4373923336083975 0.08645531490171977 0.19396533278320494 0.13622518430531072
0 0.28561323960381585 0.9394403765261089 0.12450493776222675 0.12111924694778224
0 0.39024338524949387 0.8432375814100631 0.17900410622842172 0.1852425384437538
0 0.547230781519872 0.6553768125268705 0.26134485477852926 0.28604812188998174
0 0.6996733103636734 0.4343350514455941 0.2792427497995075 0.2963238805964091
1 0.8144498958461707 0.22386894221876846 0.2625754680559208 0.26121189620024127
1 0.08822863142426998 0.6485713760738532 0.17645726284853996 0.11353131275401332
1 0.11465600247557776 0.5778018526681049 0.19649833693238983 0.1285764586155702
1 0.05909631586250449 0.759515520126388 0.11819263172500898 0.07719102103089917
1 0.052840026857844426 0.802156721505869 0.10568005371568885 0.07998847241038014
1 0.07799477613289815 0.7146500774533343 0.1559895522657963 0.097005554047586
1 0.04977959283220621 0.8667957536180445 0.09955918566441242 0.08960913387576923
0 0.18398726554783235 0.5116279760284248 0.15961364357108562 0.11419305404758599
1 0.33290482053614295 0.15078673055098052 0.26084610207923686 0.19731317051050082
0 0.23521972405598354 0.4358777035271876 0.18122853444287887 0.13244508706427266
0 0.2755030271701944 0.34935702736247726 0.18421182448483522 0.1512769742194024
0 0.3221430740606279 0.251404206240721 0.20054721950581325 0.16147084577069998