0 0.4866174625356475 0.2694132103947974 0.06974515494824055 0.08974937081501907
1 0.09883308148013807 0.41736859007016863 0.05288984561740726 0.07395265311126434
1 0.06742654806828617 0.4460971581332414 0.06568237153638867 0.1140556837335172
1 0.3798199498589808 0.338062866976644 0.12017438190398125 0.13557702392628332
0 0.4556989446751845 0.32175270022824565 0.08081935598499985 0.09252582320764749
1 0.04887132917106386 0.49548677380368583 0.01654224250712951 0.06527645239262832
0 0.3373289449580084 0.4114076918582838 0.11017466531583313 0.10970991507440608
0 0.8234824754951383 0.25174549064925744 0.07673744872768502 0.0812414796668965
1 0.2647601693218509 0.4565373977214945 0.10679538708777754 0.1418287279929041
0 0.8067631586714343 0.3040866845493264 0.10093636635259244 0.11023188445215322
0 0.2311752727149526 0.5415151137512568 0.10413927879370348 0.12915530622252866
1 0.14202458982148036 0.5774415373182223 0.13650201093324044 0.18071439808928727
0 0.7833933006601843 0.37057623730127276 0.11329966531583331 0.11005675861515699
0 0.9840700780397682 0.31061982210426914 0.0318598439204635 0.06822291842239077
0 0.7580214452408324 0.44123217270878234 0.12656108294074037 0.13783321100778528
0 0.1142208015086561 0.6743989880368583 0.07947146946287016 0.1124914796668964
0 0.9782397430727773 0.37555028298945686 0.0435205138544454 0.11058043205952481
0 0.7142119481155544 0.5265558802459853 0.15796690782296263 0.17845480287454407
0 0.9749288153631014 0.44577522007095877 0.05014236927379727 0.11665530622252866
0 0.6597574769092579 0.6525028837165676 0.19739984618305506 0.24008258182280445
0 0.96128084516993 0.5516758204302767 0.07743830966014009 0.14859558517078925
0 0.5784281474088873 0.7688113463983454 0.239606470028518 0.2803556260821914
0 0.9441073337892123 0.6812732014118477 0.11178533242157548 0.17272336411904962
0 0.46828075080198894 0.8622867291765062 0.22279082544787004 0.21195417368956307
0 0.35213763242314633 0.923296455495418 0.15820206220555538 0.11039848995604587
0 0.2522545010848129 0.9627805814550114 0.11734332488222217 0.050159789237410025
0 0.8887887404343964 0.7998378511751273 0.18335788708777762 0.1503263947413025
1 0.47128711404351814 0.12123584305036061 0.0639640466541664 0.07672910550389266
1 0.41271248788898107 0.16402350298019197 0.06613213939685174 0.06613844904464364
0 0.4559840342603237 0.15369894340967857 0.03195262902925915 0.0468715918667586
0 0.3928490472198144 0.1804271968802609 0.04486273213953691 0.052946466029762405
1 0.3620481065506477 0.19804484317295817 0.05730394354388872 0.07134791842239077
1 0.7239630547126849 0.07899230536434551 0.09134675287472209 0.0890522756002758
1 0.32136431795499953 0.21991473097309608 0.04880793836009252 0.06266830957051335
1 0.6680349749294903 0.11596437175342593 0.06451085080120364 0.08297910550389265
1 0.2770866376534254 0.2548048840843604 0.07646404665416658 0.07811647966689642
1 0.6198804389257403 0.14260761840544117 0.08706935598499985 0.09321951028914935
0 0.263687810462129 0.2910008126733029 0.04289012902925915 0.048085544259386916
1 0.5526826684733791 0.19502955895752544 0.10066296427907381 0.10710688445215318
1 0.2260606713481012 0.31174260693268985 0.06369064458064803 0.07360410550389265
0 0.6107296143263421 0.18227624256844505 0.04771433006601846 0.050168309570513346
1 0.17546464052814745 0.3465451971254561 0.0752528611687961 0.09964463612614552
0 0.5307290475026383 0.24164101816872083 0.0639640466541664 0.07672910550389264
1 0.13465371281847147 0.38499475669596944 0.060370154948240586 0.0887088401927663