1 0.44664355628088515 0.09256845015196694 0.17907720395726018 0.18513690030393387
1 0.23162345389943137 0.8766400901956617 0.18364595760961003 0.13933058762187223
1 0.5434894279879874 0.1516698677757688 0.2067128874382295 0.21478522868809904
0 0.3600354549922449 0.9406761949727998 0.16227237208101153 0.0966429824490227
1 0.5788199817093362 0.274501962523777 0.220310266823941 0.21050690564770314
1 0.6873433771711699 0.3819614583671419 0.3741620760382718 0.28509303167023514
0 0.7765147587425082 0.519585827330045 0.31029091010014725 0.23805289561857332
0 0.8324024707233724 0.6550626745853357 0.1967177266191779 0.20826244404836308
1 0.05877633587359341 0.3340363677092618 0.11147297515245516 0.11853470282385156
0 0.095769989014036 0.3851525868304494 0.092890113309589 0.10397209765100213
1 0.09376163191633322 0.5153030880840908 0.12538043494769227 0.11738137978345584
0 0.1219097112330455 0.44359557264468447 0.10930241228577446 0.09665970282385157
1 0.10187927993770311 0.6062092329112412 0.15207377924771331 0.1508758413827959
1 0.3087075639594942 0.04252481763011953 0.14508487208101153 0.08504963526023906
1 0.3583441593523288 0.0769309098708453 0.1551866812953424 0.1538618197416906
0 0.1876386604162279 0.6761603685671916 0.14710039474292938 0.11645537727617317
1 0.19880983731140184 0.7755466031277856 0.1636556359715068 0.12628501834239997
1 0.8227789966637307 0.838406371998911 0.10424434211439397 0.17129598997087