1 0.484375 0.07010698117973864 0.1109375 0.12170785672980178
0 0.41015625 0.34891241349897223 0.1109375 0.10920785672980182
1 0.49609375 0.1274419787082807 0.153125 0.1437393656270504
0 0.534375 0.1680696373015181 0.0796875 0.07824701680591399
0 0.45234375 0.40891215460172364 0.140625 0.13229252965749527
1 0.47109375 0.507366900647391 0.2390625 0.23942855041774186
1 0.578125 0.23816196140807513 0.2296875 0.22029654844057553
0 0.53515625 0.647725303803421 0.1609375 0.17218270060802218
0 0.6828125 0.3299900226630509 0.159375 0.170556533611828
0 0.74140625 0.44088376030576126 0.2109375 0.2070325444862428
0 0.61796875 0.7802884530051182 0.175 0.17900570357377177
1 0.63359375 0.8851205330431743 0.2796875 0.189521392318796
0 0.82421875 0.5961031595074585 0.2109375 0.232032544486243
0 0.70859375 0.9562832672258434 0.1515625 0.03586319863085592
1 0.85390625 0.7339559865797651 0.1984375 0.2190232085166878
0 0.82890625 0.8841934085188754 0.1140625 0.12496019072219085
1 0.3109375 0.16701776775731608 0.1203125 0.11896485870696819
1 0.34609375 0.22886651034294228 0.1453125 0.1559210306460784
0 0.3859375 0.2655242519399853 0.1125 0.10458402372599611
1 0.18671875 0.7580167939547702 0.1796875 0.13388420456235509
0 0.22109375 0.8902098700384936 0.203125 0.13015170950527094
1 0.15703125 0.8170389668824637 0.1015625 0.08382585475263546