1 0.40388508674484236 0.39220945048976263 0.16816016842151899 0.17010576866768634
1 0.1786538034691592 0.4906817268680868 0.1319499576491306 0.1226034772718286
0 0.7937874031980128 0.26117231575217764 0.07398292154477701 0.09503185633066594
1 0.8515862676593933 0.25781944481101504 0.08974427693097127 0.11874209172016936
0 0.4674163216195318 0.43407362216227385 0.09760222872636959 0.12669095941492117
1 0.920463532686508 0.2784944090972001 0.09298745159900648 0.13910913879807002
1 0.24072253229372448 0.5497606720795483 0.16812380698520063 0.16385576866768634
1 0.5674890444921687 0.44482811566945213 0.17611811416679296 0.19524213636243815
0 0.29016399609117516 0.5871828056026126 0.1335124576491305 0.1226307508107789
1 0.6475174329576544 0.5020309151829847 0.13858175273047452 0.18833757142762994
1 0.3630747761454044 0.6296645860414218 0.20901242739850953 0.20987738068039513
1 0.7741208395735126 0.5068530085280072 0.18414878278470398 0.23287850405718977
1 0.10320993851679931 0.8185942670461286 0.06950449980360826 0.1308875357138149
1 0.4743713453290493 0.6894469147759477 0.25321694535249045 0.2887660397710047
1 0.9082948099120669 0.5591677106393277 0.1834103801758662 0.28449555113509034
1 0.9646038972460843 0.5878733632371154 0.07079220550783134 0.30128185633066595
1 0.6202110861556671 0.7775354756535661 0.31618055366555103 0.3695444813290184
0 0.761812778875879 0.8086609703785603 0.2499374092481368 0.2621489926931041
1 0.9132889204646226 0.7911716871003772 0.16195562021691715 0.177809174511885
0 0.26232832493918157 0.23450781899529324 0.04872839149054773 0.05084547970746058
1 0.2927516231437834 0.22616348498576158 0.06604315651766246 0.0730204886359143
1 0.35364367134838537 0.21728731696669837 0.07069429508134392 0.06685230925276534
1 0.4020766261688455 0.21566058725923778 0.06599770472226432 0.0652079886359143
1 0.4442323099120669 0.20945545170757862 0.06290906615858276 0.07140344155801355
1 0.49266526473252703 0.2078287220001181 0.0754545179539809 0.07943412986961632
1 0.5450544665279251 0.21472755844528169 0.07704428903121965 0.08414890340856669
1 0.08835553551517832 0.4141249553577313 0.08480224687674202 0.07491027110331831
1 0.600550487605164 0.21844684781254461 0.0880363311856975 0.09371481818121907
0 0.6615788911959601 0.23300817979348137 0.07077610831306061 0.08091480925276526
1 0.13622086377400952 0.44923061241974593 0.13498405405833439 0.1070330243497292
1 0.7185783249391815 0.22654394562179397 0.0849931444174139 0.10772277110331833
0 0.29226633069471813 0.4113470085247119 0.056631795081344014 0.0666068474022122
0 0.34451008674484235 0.3932458449698756 0.06915906615858276 0.07151253571381497