1 0.34439381451285833 0.43671449882222146 0.21984074855010755 0.11546634099925886
0 0.3886901114032918 0.339926973186064 0.16671574855010754 0.11081850574944418
1 0.3804045987320226 0.9609353744111108 0.1607025468904336 0.07812925117777851
1 0.4043169566340515 0.23748547836986028 0.20757754689043356 0.1174977327051848
1 0.40392553172036455 0.9483833136196751 0.13174875269929237 0.09999858294074074
1 0.4052521559954183 0.8997407620645361 0.13811715186945542 0.10210788708777727
1 0.425649350205137 0.13239743718231398 0.1740546518694554 0.10525201093324044
1 0.4594077823450645 0.859652295759212 0.20767263527271584 0.1392360316684254
1 0.510261732554846 0.7697299247884711 0.26548513527271583 0.14429397002851801
1 0.5517290273706871 0.6687627470787951 0.2579094336130419 0.1467354648447216
0 0.5967482972914189 0.5209205693691191 0.295764631123531 0.15470378972694387
1 0.6397081597436178 0.3587424895859247 0.3417642153566284 0.18821891875620303
1 0.6962685809091053 0.2142693196519431 0.38156042116548716 0.18083564571194372
0 0.0887446979114744 0.5724203870877775 0.037950285892771426 0.029706623845462944
0 0.09042467446625764 0.622898840716435 0.038305483403260475 0.03439412384546294
0 0.09688908463408277 0.5479671912348145 0.04107528589277141 0.02998002591898139
0 0.10135328691845666 0.45791838967967563 0.04322978174358651 0.037929226955740705
0 0.10664351554783233 0.5126448459002312 0.036742983403260474 0.03425742280870381
0 0.11398426409793982 0.41576984590023114 0.057292281743586505 0.03915953628657398
0 0.14115226057345484 0.31669735885972194 0.048035680913749525 0.03990183006601846
0 0.1405071848392198 0.6469412249294904 0.0565818867226084 0.02978453628657398
0 0.14217550600006273 0.6871950780397682 0.060417281743586494 0.03943293836009243
0 0.14964723172965338 0.5470779259662496 0.05561138257342346 0.037460335249814666
0 0.17050602862008687 0.44823988477870336 0.06569677759440165 0.04765554147037036
0 0.18112514252217843 0.38074958840736073 0.08179537427505376 0.05527255183796278
1 0.1867616811142422 0.2648511863338422 0.0959762734452168 0.058065361168796056
0 0.1941588614032918 0.3229076941095366 0.09573947510489074 0.05494036116879615
1 0.20963234128206737 0.19135489773819403 0.10821616431701005 0.0762097684261109
1 0.22928257446161324 0.8245767923188421 0.11756785352912935 0.09720577360990709
1 0.2361362257063687 0.8275356969842587 0.13809384108157471 0.12228368605101814
1 0.25995500185087783 0.6896351557967124 0.15094903859206382 0.12806479434509227
0 0.28503566699308047 0.815298828605416 0.09190408008391256 0.04529195909527743
1 0.2958360701119357 0.5378477718664809 0.17031434523075956 0.11734190782296264
0 0.2929674887786233 0.7625155811973141 0.11401587842423862 0.05033077360990727
0 0.3006051578695181 0.609830078605416 0.12938076929603196 0.06874858294074038