1 0.6406512091417603 0.5930895290722706 0.1357802580585183 0.08824540944452863
0 0.6488437094245844 0.5173173694313503 0.12871005183796277 0.07883404800821019
1 0.5955055130059735 0.6623935200952802 0.17538956220555538 0.09472266842151918
1 0.5531724585761125 0.7442202370159888 0.16003796427907382 0.09775676483072289
1 0.5165425999992145 0.8323333153730159 0.19849487153638884 0.10891243344863355
1 0.45033254816125173 0.9101128817279903 0.17050657257314797 0.11031130698520072
0 0.2437616875116207 0.17103570442767674 0.23665783581546257 0.2059601502711465
0 0.0991668679546068 0.46238234621281205 0.1983337359092136 0.279434011707465
1 0.7829322027801856 0.2265428993873837 0.08468664976444415 0.0754545179539809
1 0.7352582459939823 0.3872849566671719 0.13624914976444433 0.07575449980360834
1 0.7500131045708802 0.29904461328303017 0.11730366013203693 0.0912613251355733
1 0.7067922019317139 0.45355939646051746 0.13714726842611089 0.10387040944452863
0 0.7462722413758338 0.24352586630809228 0.07570262902925914 0.04416815651766246
0 0.7158240322805561 0.3324565561014379 0.09044863421305535 0.052062469749379045