1 0.5691607066340515 0.22799895305759063 0.11328401784613931 0.15941784946188073
1 0.603374960359029 0.614540074645378 0.13925452199532415 0.15284251778268043
0 0.5631517794452795 0.6487309840748373 0.10696224025173766 0.11708480024766903
1 0.4876530267459871 0.7345914013621796 0.2604442829929864 0.2316653387085136
1 0.4356368889976935 0.2829325479713575 0.19794428299298641 0.22875435442427944
1 0.3711740765362057 0.8232471788647697 0.20762601369695446 0.1715968258882321
1 0.2948100568391885 0.31008574524248905 0.2227559514591812 0.28907542431665556
1 0.2823581850397125 0.9256710689613626 0.22050452199532425 0.14865786207727466
1 0.15642114044758598 0.36714476633493826 0.2408906448204855 0.30237594499482007
1 0.1889149157436806 0.9745505438375283 0.23250576929603187 0.05089891232494352
0 0.05990502841959423 0.46268624462331653 0.11981005683918847 0.334747489246633
1 0.710278923641065 0.4556616883752823 0.09458063942190087 0.11806510339082213
1 0.6326670995804371 0.217628687341825 0.09226112282516112 0.14909677956950457
1 0.6446054568345441 0.5153234786981538 0.10362375269929239 0.09357452564056316
0 0.5012744670070136 0.24443728225559172 0.058097765146846926 0.06809933664159917