0 0.9375462333576131 0.3946417658736876 0.11878873051823931 0.18259541868236298
0 0.0740467950460105 0.3921869526575459 0.1128466477265238 0.11066587468172653
0 0.18573036322722952 0.478405168642592 0.17145008035608367 0.156651084022908
0 0.39492985957378157 0.6002148919478205 0.26796261606989863 0.22651014536918018
0 0.6359969646866316 0.7122768979153675 0.27610239853730273 0.24535105203690738
1 0.860825415173099 0.7893644672183688 0.23997398376465034 0.23399538136536221
1 0.3299756465087078 0.1469722606222293 0.09666826866768634 0.16827838001272669
1 0.4044398583592609 0.16017114727882067 0.10790577759614006 0.1855931493475448
1 0.21477734050235336 0.1279960886378195 0.06320120373287823 0.13039657200827234
1 0.17176768019392788 0.12615232531031922 0.06621710957707685 0.12418293467536326
1 0.2635557597392326 0.14696371729791075 0.08074325973923262 0.15090906667727225
1 0.10696484050235337 0.1292506006524552 0.07567393019392786 0.12897952267663593
0 0.47968136606989864 0.21790128393541205 0.09946598620028232 0.14956474267981754
1 0.8569899342511176 0.3010286732177326 0.17138762499835244 0.24257040268936264
0 0.5623671810047067 0.2544467639242762 0.11541826866768634 0.16849655601527205
0 0.6534421943973874 0.27917349657864043 0.13416826866768652 0.16871473201781734
0 0.757099028406919 0.30844227856464107 0.14225350405718978 0.1844306386855446