1 0.2456346635353503 0.4314615990844287 0.1423988735787013 0.12843188442061226
0 0.5542181061510701 0.9833834501860039 0.07504477360693614 0.033233099627992146
1 0.5181874138176991 0.7656378440272282 0.2176256577089811 0.22185570394851517
0 0.6325853008329286 0.9383800300679797 0.15900952090551304 0.12323993986404069
1 0.5325368821064936 0.6273796835408196 0.3016058155591366 0.2791871176252029
1 0.6084685925027804 0.4994081257511258 0.33807393657758916 0.31954848494995536
0 0.7283898954724346 0.8729745148069317 0.21146666297065303 0.2226138644349235
0 0.8386588085136749 0.763589866781189 0.2526376945406842 0.23721707127326752
0 0.8420175688958441 0.6113235697067967 0.22883617349399676 0.22795079809729996
1 0.16022153732581312 0.5330255627253377 0.08056673151356133 0.07860315904149431
1 0.1649237188534919 0.47932039760373557 0.10582433674699834 0.11286943221746189
0 0.15679967668952996 0.4160935110157517 0.0801117052052021 0.07079065904149426
1 0.21677537421398582 0.5891042881044557 0.12548438936371686 0.1309074507582359
0 0.24737990308259378 0.50960968859802 0.11272678413027981 0.09824985660945096