1 0.5484826577654486 0.3486219589366172 0.12948851723031396 0.2137043557412186
0 0.64457981589869 0.3727041046782733 0.12081402057829856 0.16357702174882985
1 0.044642669851187936 0.4787205661978916 0.08928533970237587 0.1558918557412186
1 0.7437118550135023 0.3694425004199295 0.13139956483768564 0.20289418973360734
1 0.05778628347984723 0.4953841427759066 0.10762374163003818 0.1288200197716634
1 0.10526825967616141 0.4880053828900749 0.11144242871154009 0.13519735376405215
1 0.8462298788171883 0.3707092286710997 0.11682020765980061 0.1696360207602467
1 0.1462460674500848 0.5322209565023404 0.1531011430673102 0.20222302768032882
1 0.2353128276166366 0.563589020228774 0.16090682680082738 0.2585366946765234
1 0.3347951184054412 0.5852000819780414 0.16472721794894998 0.25091519566510634
0 0.4799367527349968 0.6018398008376714 0.1747924968972104 0.285544863649884
1 0.6373174023756787 0.6133145172258434 0.21107172823809925 0.3321307035737718
1 0.778901334312606 0.6409872365797651 0.20759477249748634 0.3708748685927999
0 0.4068757209291419 0.13196499403131992 0.030551200718635884 0.03701983893530465
0 0.35757111207726455 0.14175117091334605 0.03697462248901147 0.038837006920082205
0 0.42987966650320325 0.13491623908840406 0.032460544259386916 0.04020850593149907
0 0.5176389471254561 0.1220077207996153 0.04200896602976236 0.042153007908665385
0 0.46538361207726453 0.13735814817593303 0.03506527894826057 0.03564833992388783
0 0.5590460491587664 0.12731996190236675 0.04200726196314175 0.05615184091247101
0 0.6553149249957626 0.13584077464021727 0.04409173134088888 0.046904174904859805
0 0.3370911545400615 0.19313725737719276 0.032458840192766306 0.05420733893530465
0 0.29881075657337186 0.20169651528585816 0.0421806837335172 0.05771434091247103
0 0.433705169851188 0.18453423711123768 0.040097918422390674 0.052963173916276585
0 0.5298864827696861 0.1868368833471854 0.04912437081501899 0.06421900889724856
0 0.5954247718844983 0.184944119507021 0.06023358851877383 0.08022601087441492
1 0.7076629351623144 0.16870501277721917 0.06491938445215321 0.09441584486680368
0 0.6528037174585595 0.18649469064782848 0.060058462681777766 0.09266234387822055
1 0.7805810218844982 0.1773995804579856 0.08314741507440608 0.10449118182494202
1 0.17035084149896582 0.3080340400004375 0.10467386746703436 0.11625635277546911
1 0.16713998264708843 0.3159420404947291 0.12862992871154014 0.13589769072219057
1 0.3011681391063375 0.3135916788220114 0.1362673028745439 0.1486523587069682
0 0.18094746219138733 0.35970928654039647 0.05189911914102674 0.08921900889724857
1 0.44978076494333363 0.31997964718734984 0.12723744234867418 0.16539418973360737
0 0.2325099621913873 0.3576082756659815 0.057278602155907875 0.10965884288963731
0 0.38085904723957886 0.3383423280237087 0.07776281985966271 0.12604784684397002