1 0.7631334203402946 0.3254081396154395 0.13269594606059662 0.10374438311602718
1 0.715418893370593 0.3770894164008008 0.17268232863401992 0.13721144805083538
0 0.4678586543682551 0.45494522971075585 0.16160311867597632 0.15574325973923261
0 0.6987776902610265 0.47751215625453103 0.16148471950581325 0.15418075973923262
0 0.43243156246148784 0.5345742284929399 0.16887208963168215 0.21048530681713337
1 0.3478798863216231 0.585333933443634 0.21607897635429058 0.23627623944669301
0 0.6779692054078735 0.5435871696472117 0.1711198286340201 0.137184174511885
1 0.6532195043728996 0.6402400271956936 0.29349542656407196 0.33125354869945856
1 0.5559445305174087 0.7811844013832671 0.2855645273939089 0.32955468100470675
1 0.45609847987877555 0.12424465462967793 0.053315176764564674 0.04462275324641087
1 0.4306015724102427 0.13877080479183374 0.045857874275053764 0.049173885551659156
1 0.3315371103776066 0.16318619805413065 0.05606166846619489 0.06027502678536125
1 0.4089992595477696 0.16339865787608882 0.057860966806521044 0.06342730032431154
1 0.5418942699207319 0.14152188352635958 0.061482874275053764 0.04944662094116259
1 0.4806258058135032 0.16918896185384835 0.06399256763635783 0.06197389448011292
1 0.32661373465266036 0.21177370251835753 0.059778664317009955 0.06814207386326192
1 0.44550544461070396 0.19092364001918133 0.06868006763635784 0.06205571509696393
1 0.28320727676920904 0.2273947483784422 0.07466995850815117 0.07932503571381497
1 0.3928190751095351 0.2286106006519184 0.07923905933798814 0.07784435633066603
1 0.24867891141722503 0.25694192654377523 0.06579186597668399 0.06512616801906326
1 0.703199545440541 0.18486100609237527 0.08044636182749905 0.07318412986961631
1 0.2042786385967082 0.30074251948176056 0.06517655933798816 0.07759889448011288
1 0.3152277939906485 0.28863621144681123 0.07107136182749904 0.0730204886359143
1 0.6485129680559207 0.23744626380301298 0.1266827444009227 0.10676028896022585
1 0.266814527393909 0.3207726014626973 0.08428175684847723 0.08261367694751698
1 0.6132508968950778 0.27795821550729627 0.10961364357108572 0.10802278003177204
1 0.5715845377668712 0.2958957378284307 0.10805114357108572 0.10799550649282175
1 0.7877297560232848 0.2577024423753831 0.11155465186945542 0.0924523271096728
1 0.5188273132866804 0.3429713352306429 0.1445340178461393 0.1570057508107789