0 0.6941783607211383 0.49107637437637264 0.10398265351435185 0.1080382293077852
1 0.259825323449821 0.29397348654387434 0.1421028143334035 0.11625352103089917
0 0.7365632437591995 0.54669893260783 0.10944535453816648 0.11609639077317446
1 0.23862492505454175 0.3572580585701417 0.16457377924771333 0.15473616689245615
1 0.7963209118829507 0.6409269674335392 0.16377438231915703 0.17800989258219674
1 0.26739428177833524 0.38389580167273674 0.16552821638103266 0.13302494120271566
1 0.2887750328711488 0.4533385204650723 0.20921772661917792 0.21303334577069996
0 0.8169385599043206 0.7338890733810044 0.12628648027152778 0.16050148801421232
0 0.8495668914066599 0.8007800022592482 0.10221672150010538 0.16856629353213642
0 0.31034106904965253 0.5604859571452321 0.17345946272868273 0.18162621551297525
1 0.3165388614400425 0.6958845465843542 0.32616550074781864 0.326414172319523
0 0.4506774853327718 0.885890991632257 0.2685564327620653 0.22821801673548592
1 0.5599397879613071 0.9452117599496226 0.2527060380191358 0.10957648010075474
1 0.40337077484754486 0.1373660396869491 0.0832171308524341 0.08674308344622811
1 0.5540222971355533 0.2811204409755731 0.13116531433340342 0.11568031094499087
1 0.6153303673069338 0.35972347580128217 0.1328707565857954 0.13286781094499087
1 0.27380918675941 0.19261570443169873 0.0893120906476712 0.08550813206674705
0 0.6661660580926029 0.43306580054108296 0.10726269371911493 0.10976450361804471