0 0.7351600962714315 0.44698956142581386 0.0927887455733611 0.08221361067790874
0 0.7083039736407988 0.0948367154280411 0.04835442103385894 0.03800907733927246
1 0.7291226399805083 0.7472708247533142 0.11510283330361001 0.06062951201463562
0 0.7085857498216598 0.36398615742358675 0.07584848242719922 0.05861247867599957
0 0.687416921033859 0.04544524275935937 0.043475070157448135 0.03639203333863612
1 0.7032880040476661 0.6829992394175416 0.1257930964497717 0.08415791868236297
0 0.6729924121359959 0.2964804840865415 0.10975670170823655 0.09333292401336309
1 0.6621438374181535 0.60840777207986 0.16425235083182557 0.09240677068745348
1 0.645938438495197 0.2095708300843143 0.1400474473261827 0.08588405068427196
1 0.6189170041368361 0.5041469860757238 0.20772742098927388 0.12879880402608973
1 0.6053015920454253 0.12640379408017816 0.15391809644977172 0.08448518268618094
1 0.581254846293724 0.40073108473899666 0.21907631573080905 0.11956925469445334
0 0.5529044561125829 0.06182312607413295 0.09555773680925306 0.06664315467854491
1 0.5104924121359959 0.2945896253978152 0.22628557011286307 0.12745448002863508
1 0.4811362279782676 0.18892997139558804 0.20172465784311205 0.10532494135899881
1 0.41104527188797724 0.08825726205440658 0.2398002104723444 0.1104487933640895
1 0.43919181092519716 0.9592141047103617 0.14163764031489628 0.07342041335136287
0 0.34311906139334025 0.024276030712906967 0.16436312278668047 0.042479496021635366
1 0.23309412236312244 0.8881641660168629 0.2708840525400623 0.18570333203372574
1 0.160961039081805 0.783567025342136 0.14772148238261412 0.14838405068427196
1 0.10570198654174276 0.6003727173376816 0.08593349991082988 0.1788704346753633
1 0.9383908681148236 0.6217639367838583 0.0723397806743776 0.05545111600890884
1 0.9277559909460893 0.5732718927832219 0.058304973663091175 0.04280566534054522
1 0.9119262935976142 0.5333008734484037 0.05712617541591314 0.045912484006999675
1 0.8986598901142635 0.48243780744744935 0.08152292979796698 0.05399770401018138
0 0.8654508418893776 0.44070429344363127 0.057893578921556 0.052162484006999674
1 0.8573664121137032 0.3430934967774949 0.0854153333036102 0.060284066677272284
0 0.8426037410352594 0.3944105487746314 0.06142997366309118 0.042842028007635945
1 0.8549998154187136 0.7495156721037224 0.08053598242719887 0.05866702267663584
1 0.8367858286094606 0.6837724934356771 0.08714199119130725 0.07434656667727228
1 0.8093561533941805 0.23799691677272242 0.07699958768566395 0.06798747867599957
0 0.8031733858213796 0.2956548754375861 0.059456078921556 0.05218066534054513
0 0.8163368637104771 0.6570099987666772 0.07974088593284216 0.06489884134309047
1 0.8111025040922509 0.5953185207669953 0.11545884206771788 0.07623633068109026
1 0.7920390348335061 0.5163031827657227 0.12601264031489628 0.07323860001590835
1 0.7900304469472096 0.8493969460932231 0.12713605258464736 0.09509541868236297
0 0.7599465525400623 0.19139408943344996 0.05400117541591278 0.045876121339908774
0 0.7438429253713278 0.14283841076540454 0.05304192103385894 0.038063621339908774
1 0.7619479864525726 0.7858793387571323 0.10570014031489627 0.07300224267981754