1 0.22943290163597413 0.4329633478157099 0.1050641847906915 0.09960912667911229
1 0.2601616368072265 0.49875369437569594 0.11364068874502423 0.1194107902698132
1 0.32068795992520044 0.5387778856500883 0.1470261917107738 0.13789027735075726
1 0.35093919262499484 0.6162869822100743 0.13921369171077372 0.1368386137600563
1 0.39200059133240045 0.6954487497430788 0.18854252965749527 0.16523392802240194
1 0.46553890901316686 0.7593611965542096 0.19635502965749527 0.1662855916131031
1 0.5264498927015445 0.828081305110462 0.19453786167271758 0.15982525889496282
1 0.5838193823214212 0.8693074118211348 0.23663251977166339 0.12508957500288814
1 0.1035110246773983 0.2626655452166961 0.06804434585538689 0.06820897416188795
1 0.11818101973448245 0.2839997180352942 0.06329317885919247 0.06601547600746738
1 0.12653734779537218 0.3077377217264531 0.06667284684397004 0.07268614144374777
1 0.14147925688290117 0.34146672818598106 0.08067167984777565 0.0730166359070095
1 0.16364341695901335 0.36956173741387827 0.08124468281352515 0.08707913590700951
1 0.18936365855605636 0.40572466484642494 0.09575285178688593 0.09990963037027108