0 0.20918205865198752 0.21880070813656366 0.048313856905087514 0.07055601155073458
1 0.4359954794090112 0.2373071749521313 0.1399821389349535 0.15854303465220368
0 0.30174533402632325 0.2458907948627907 0.07408520715464464 0.09829546241225377
0 0.3628187999164777 0.2656046677089927 0.07979376663882584 0.10978085258455757
1 0.6342265037433572 0.30496137297382575 0.13977445174690004 0.18942777453733442
0 0.5295390037433572 0.3171975868219448 0.10669001996659092 0.13301543350351147
0 0.730520464225767 0.405854219814922 0.1292325266221214 0.17583199419272671
0 0.8243235975451799 0.4462255565411491 0.12908666098152394 0.17426949419272683
0 0.9157100480442942 0.486089588353528 0.12083656405973216 0.1686688439055537
0 0.9680057183857258 0.5211646606253838 0.0639885632285484 0.16655845373324993
0 0.11010775519893887 0.6718648482769616 0.10644031073196696 0.14689530344607676
1 0.2619733053242223 0.1920961561263522 0.1002521322794232 0.11371754333120761
0 0.14654609276183303 0.1992694653477963 0.0391885661397116 0.055580361263561515
0 0.17640046942571563 0.20604705928525596 0.04245943178030891 0.057508121378430754