1 0.3003140511383858 0.33643254639640696 0.09187958279171564 0.08407429765213097
1 0.30913389772981914 0.41436220906431825 0.09683981818121908 0.1003302958065515
1 0.3524923855549545 0.48754419153131356 0.12978868587597078 0.11255978288749553
1 0.35799631737373544 0.5759906887629445 0.12049550649282174 0.11598528657865437
1 0.3735064947282895 0.6743980986624865 0.16915119480442442 0.1350056008410002
1 0.42106155885231883 0.7763360792839025 0.1784716477265238 0.13314259714984136
1 0.45770639651529843 0.8752392308783371 0.1783898271096728 0.12845509714984119
1 0.49436487094775317 0.9530118393061286 0.2361750535707225 0.0939763213877427
1 0.23465564366933403 0.10519774043916855 0.05868525324641087 0.05778231057118699
1 0.24200449350717826 0.13281190402986948 0.05399775324641087 0.05715131241676641
1 0.2438709565755473 0.16047115310707977 0.05720457386326192 0.062259477853046793
1 0.24786298133231366 0.20094590126150033 0.07277502678536116 0.061237805034448645
1 0.2589408031669806 0.23924214664755175 0.0683329886359143 0.07466930688002815
1 0.27218509699847043 0.28801014111081347 0.08099662986961631 0.08572696862514961