0 0.8730019759533054 0.9078105134328982 0.12355774440092233 0.12025212114237398
0 0.8358203620512137 0.8355299427110244 0.1489362526992924 0.10820277735075727
1 0.8102507543728994 0.753213283734272 0.1937285344428788 0.1482567607405425
1 0.6964320950302669 0.47574957064586065 0.17149833693238978 0.14062460268657961
0 0.6367475964801594 0.37182842458816434 0.1318671518694554 0.10745161745121515
0 0.5775366946107041 0.27415727853046806 0.15229805103961844 0.11174844278703758
0 0.7053669579066733 0.9659924366224374 0.21318892946385706 0.06801512675512526
0 0.6559454531327884 0.9211223501751317 0.216077131123531 0.15745141879450486
1 0.6288133454544742 0.838595358480239 0.2758791062284217 0.21189839664755183
0 0.5271422564474919 0.7112368117508978 0.26387601369695446 0.19636356762057047
1 0.4685466612167324 0.6012759984113417 0.3372668921211931 0.24645353993687885
1 0.40819838922140805 0.44777551778992575 0.30580340456874777 0.21901971829221534
0 0.3080306006293443 0.31984605377872466 0.3015895012493998 0.22463872013779476
1 0.2487003769743461 0.1695757395163788 0.34387208963168225 0.25198237080943964
1 0.9724482981398335 0.7374526299613237 0.055103403720332976 0.08843130318886931
1 0.9240368767738534 0.5404124820580479 0.10279495850815117 0.09116562852469165
1 0.9504944782283904 0.6344478910348003 0.08044636182749905 0.08197097047072913
1 0.8823453616270065 0.4698446631817535 0.08790366431701031 0.07833513406143008
1 0.8476967518740999 0.39017225789615995 0.08946616431701031 0.0785454667795702
0 0.8031170350675788 0.3223087735835851 0.06207487012586874 0.064032310571187