1 0.4199628474524128 0.3251361288171881 0.10941469473518968 0.10241768038553242
1 0.4133705962712865 0.405864159439441 0.11788195916315995 0.12203478923740985
1 0.44419649953666385 0.4800863175726825 0.15280259618646852 0.14147506818567024
1 0.4316816305695227 0.5708830352764371 0.14499009618646846 0.14060795933379283
1 0.42889642566753194 0.6707954723579391 0.19430061542376217 0.1709840342154328
1 0.457661321128361 0.7758332240319314 0.20367561542376222 0.17202456483768563
1 0.4768602436310321 0.8764427563281767 0.2018948606144388 0.16560114306731027
1 0.5019892184032886 0.9222789297725444 0.23461310217691816 0.07740234378594621
1 0.39838791469812274 0.08911021386537969 0.06937004809323426 0.06995713612614551
1 0.4001785931912436 0.11792975298019195 0.06619048439090332 0.06804779258539458
1 0.39485617613086815 0.14518594006169386 0.06953373920022674 0.07464463612614551
1 0.39158733239147037 0.18633120537282027 0.08365080290255769 0.07776793205952481
1 0.39610370680090723 0.22582811183206936 0.0840327488188736 0.08870543205952482
1 0.40097474527549454 0.2754812682913184 0.09847719473518968 0.10120372799290411