1 0.28074325300293057 0.4170584340192331 0.14214769072219058 0.11806334138279588
0 0.6690363622413713 0.9457112490755633 0.07674818380210838 0.08338681301126591
1 0.5968589788198239 0.706392684810656 0.21758804250907637 0.20765469028743908
0 0.738396515891693 0.8860838479802066 0.15955536661563344 0.16226798244902269
1 0.5896619496566202 0.5680659707040332 0.3008117193911026 0.25845632383181877
1 0.644869419999125 0.4292140708623178 0.33671472729976804 0.29695653417751766
0 0.817629076652377 0.7814849276845199 0.21290054250907636 0.2075182979675713
0 0.8919460553606579 0.6568917561351922 0.21610788927868435 0.21941054420664763
0 0.8877499980414243 0.5050110073888334 0.22450000391715158 0.2126604390337981
1 0.21201711072131552 0.5305466210079671 0.08105368182494202 0.07414820533113406
1 0.20822626585451184 0.47581365690134436 0.10576452174882985 0.10608016693047428
0 0.19093133650102775 0.41522549788842894 0.07917284684397004 0.06629024122451135
1 0.27558220361095287 0.577654953219563 0.1267136917107738 0.12229620031656907
0 0.29401918581645575 0.4939164507122806 0.11137785178688589 0.09063702335696497