0 0.5632464970878268 0.37780433047455925 0.12762800457555096 0.1546233403073211
0 0.8145196888514313 0.5115088771502777 0.0919600133110606 0.08813747091226495
0 0.47737203015768265 0.3963792451682081 0.14133695174690003 0.18520366061076282
1 0.285402117096179 0.3248875271308811 0.1663171522460143 0.23686175546001173
0 0.7511358067798041 0.5799880680567236 0.12671078868539637 0.12818838606495558
1 0.3677794432191862 0.44325463198206966 0.20335975582333665 0.28485271637033704
0 0.6895443344419152 0.684277213205535 0.148627810731967 0.14703398091420466
1 0.6518909920956741 0.8207569760824127 0.2647126301994437 0.2278371839486219
1 0.7972012766221214 0.22633665169608497 0.06179289434269819 0.06396664727484327
0 0.7274092061146549 0.20125716123898263 0.03304240973373851 0.03836086939505616
0 0.6980653591928629 0.19421006472274374 0.04329260357732245 0.0485011439408634
1 0.6368781499582388 0.20317073441736233 0.10708559484181243 0.11728283697334119
0 0.6710034407236147 0.21991169532768756 0.04543856613971151 0.05487868969849794
0 0.7562647458400411 0.2695128247246834 0.05310520049911425 0.05395391848667064
1 0.9113700432609473 0.3364447174575988 0.07927212562389271 0.06849465060882318
0 0.5662850299498866 0.2276448338085392 0.08087664767046335 0.08568215060882312
0 0.7251507117301955 0.2933330909355409 0.06891808818628213 0.07385183030538141
1 0.9038084640179711 0.3800193742753398 0.08552212562389272 0.06900483363936134
0 0.6875678791594539 0.31429942411586026 0.07433491638926881 0.08204696757828503
1 0.889830008111112 0.4129913709413599 0.09323078202986608 0.08514001666989941
0 0.4989627755821317 0.25393652471498507 0.09741886356061791 0.11339256242753395
0 0.6377038450496085 0.3365891412351033 0.09741886356061791 0.11339256242753404
1 0.4171194132692996 0.26586282668153743 0.1266489671379402 0.1607457945496865
0 0.8374454475869412 0.4498059736665166 0.0846889538268794 0.0766897878817268