0 0.8922961824363874 0.3348127798775057 0.03950042069139812 0.06918635200509068
0 0.8607961298499628 0.34377015654841453 0.025210600158284534 0.0612102200031817
0 0.6599694157433401 0.34766895790900415 0.07127926959604132 0.14140679734245412
1 0.8088471849436699 0.35765139055541423 0.0763304824490227 0.15396134134309047
0 0.7327022220906885 0.3710331852323683 0.07890991316955046 0.13524770401018138
0 0.8674432834526019 0.43741106854714185 0.05401756175762458 0.08497498400699968
0 0.9168977141731297 0.4555792658736877 0.03807431301126592 0.07385567067154533
0 0.07068429222809047 0.5232187766550005 0.08432483887551348 0.16030224801081766
0 0.15741976260291932 0.575316531309683 0.09784176959604132 0.1417158800127268
0 0.28732255977906773 0.6737711179583201 0.13885922618081653 0.20935791335136286
0 0.433015493006878 0.7126870726050483 0.14162051332783515 0.19689427601845377
0 0.5717393607161398 0.8032291619191856 0.1354159774344577 0.19838405068427178
0 0.020952379849962725 0.7972926233290911 0.04190475969992545 0.18041475334181775
1 0.7230374362638182 0.8373939818985047 0.1468081185006845 0.21413632001908986
0 0.8138526528777232 0.8566428738860962 0.07646687476889084 0.1586488413430903
0 0.8956793143979211 0.8627196038749603 0.07555759263643722 0.12739884134309057
0 0.10846045922507175 0.8890614053150918 0.10729097743445778 0.19805678668045382
1 0.324905408617204 0.13367282928868388 0.06013116943775678 0.08036020934118145
1 0.39112980219071336 0.13915012261300247 0.06964256175762476 0.08515679734245413
1 0.48651885853806187 0.16225072059995763 0.06867109514371954 0.10545111600890866
0 0.5487688059516371 0.17011721725813983 0.046159597651002214 0.0833215773392725
0 0.6224192546188535 0.18878485391473118 0.04226170783841639 0.056722714672181554
1 0.2370356840857401 0.20107905263368334 0.06821645407749281 0.08982611600890866
1 0.7416178840065978 0.22566614123173195 0.06769962852981451 0.1257454346753632
0 0.6720411698999751 0.22803771057450425 0.06169366943775678 0.08037839067472688
1 0.2971775622198432 0.22771373062541098 0.08103470282385157 0.10090906667727229
0 0.3686206532069277 0.2417211392823205 0.04951191818411545 0.09117044000636339
1 0.5848988710744741 0.2704439339195037 0.07155205423577726 0.15078179734245412
0 0.4256829954476535 0.26682967994113904 0.05893238229073816 0.09284202800763604
0 0.5089357646479834 0.2775757285964578 0.06251202335696497 0.10850339067472685