1 0.5285869412867117 0.013569961966910613 0.08217388257342347 0.027139923933821225
0 0.5597320427412487 0.101394489258458 0.06183807178554286 0.05379770934118144
1 0.7681117211794205 0.7049723805697317 0.15812292116548737 0.15014654535327168
1 0.519342918466195 0.05338425059677594 0.10665366431700996 0.0683692866804539
0 0.6474394105920325 0.4436450765834129 0.1119098493799445 0.09653064934754471
0 0.45236798340326045 0.026013775938911902 0.06761447510489056 0.04762043467536324
0 0.5773860971048593 0.3756496019255489 0.13508724025173766 0.11397268801718105
1 0.6755564456596113 0.659914966581822 0.1788857070582587 0.17692722135581712
0 0.5034148782237459 0.31786492126832117 0.12019594606059662 0.10287155601527206
1 0.456526377599046 0.22535979527373 0.2262809253146722 0.14313402402927133
1 0.5764076280232533 0.6000774372613215 0.22045790041956295 0.1898999360279987
0 0.31372264834497043 0.18792452462604733 0.1477056394219008 0.1156806386855446
0 0.4218734933752374 0.5729438672820024 0.2295961020792369 0.18688402402927143
0 0.24937488319812343 0.12299041530077423 0.1318671518694554 0.0920795066836356
0 0.16659734937994447 0.09345800397836464 0.15232136182749914 0.07358404535327182
0 0.30008008113281975 0.503204626631138 0.23118191286711748 0.16660788669636234
1 0.2207575888064896 0.39543812730745576 0.34855958963168215 0.21168512404517975
0 0.09226389067130061 0.2991909306572277 0.14971842531467217 0.14224313868554458
0 0.05889343838692672 0.20965626332750026 0.09600142946385704 0.13381247334499946
1 0.9035817442004298 0.3773275438813236 0.04983497925407576 0.03960794000636332
1 0.8646367207552131 0.32773662388609615 0.06759116431700996 0.06791475334181776
1 0.8704149693053207 0.42462980521964155 0.07313076929603213 0.05861247867599957
1 0.8032955564382032 0.2612036518937321 0.0701241684661948 0.060138616008908664
1 0.8235148132866804 0.34229001989182317 0.06183807178554268 0.053797709341181485
0 0.8373414375617341 0.3906093412237778 0.050426975104890914 0.047420440006363404
0 0.7661973755244535 0.22566614123173195 0.05078217261537983 0.05210794000636332
0 0.7359528458554595 0.18770306456877722 0.05054537427505377 0.048982940006363364
0 0.7782256240745611 0.32248659723109563 0.06411096680652104 0.06319089067472686
0 0.700653963282036 0.1552723725732316 0.041904080083912554 0.037954533338636146
0 0.7360372014591812 0.27136953990295903 0.060749168466194804 0.060029528007635946
1 0.6761266373473083 0.11020532057609507 0.0857491684661948 0.060320429344363116
0 0.6904161255244536 0.22654793590868602 0.05726897095570589 0.05530566534054513
0 0.8251294705547206 0.6112581958943685 0.07528526514684719 0.06644316000954494
0 0.6225513514545369 0.08424280458309474 0.047065176764564676 0.04425907733927246
0 0.7969326929603189 0.5693615972310957 0.06640717261537983 0.052289753341817756
0 0.6484528458554595 0.18872121924732213 0.06207487012586874 0.05692270934118149
0 0.5823873701258689 0.04952290658818543 0.03541728174358667 0.03475680800445434
0 0.7548277033332811 0.5503030619032773 0.09270956348717299 0.069768154678545
1 0.7314601356969231 0.4895837379058225 0.15381392946385705 0.13448518268618095
0 0.6060751690908949 0.14542575258595827 0.059801975104890735 0.04752952800763603