0 0.6679143532697607 0.18392265520958032 0.06629084486680377 0.06331114144374772
1 0.7002041547132668 0.8238264860821409 0.06979784684397003 0.07310680688002824
1 0.6562830583635884 0.756533919051426 0.1329636917107738 0.13599728288749552
0 0.615686008402957 0.12250450822909427 0.08497717787060921 0.06427263406143
0 0.6074490385547439 0.26358026376583255 0.09192751482874754 0.08230146493399078
1 0.6364002757775247 0.9674422229061639 0.0808918557412186 0.06511555418767223
1 0.5808281887450242 0.18230027299372975 0.09935801285158127 0.07397812852469174
0 0.5868499674511174 0.7114469458123278 0.10675401878308044 0.10294445939725243
0 0.48331917737631774 0.1155637271871782 0.1128766847906915 0.1006607902698132
1 0.5255781809107208 0.9238569734960194 0.12428902866891214 0.15192278657865438
1 0.4915255385919249 0.6411196490829866 0.19667336463846716 0.1740980916131031
0 0.42443217497922187 0.8822706795350473 0.09294618676785796 0.10730146493399104
1 0.3780612633830539 0.5069702751722435 0.2254987015966055 0.19507158053962642
1 0.2788504891627661 0.37940139572476206 0.20266869665368964 0.16868942248566388
1 0.2929447530401116 0.8397078975703416 0.2025705375661606 0.20441658976752358
1 0.1751604619767288 0.23724418448193013 0.23717103064607842 0.17644174228474796
1 0.162052897298893 0.7164209474009862 0.1747638725471326 0.2084431008410002
0 0.07563128315471739 0.5594950624167664 0.11318970258518868 0.18461512483353282
1 0.8683241660447922 0.5069239977454731 0.05248301285158128 0.06766814698048602
0 0.8373169051703773 0.4514703424598796 0.06466467787060921 0.061538308725607574
1 0.8165932282883512 0.40050884984219737 0.05841467787060921 0.0606969778530468
1 0.8033995030029306 0.5152775235835851 0.06517401384016433 0.07403830872560757
0 0.7734679693911026 0.3527475328114823 0.07898184585538673 0.06968130318886931
1 0.7690762411399324 0.45471570286171126 0.07904551285158128 0.07124380318886914
1 0.7426609101504743 0.8551815531128562 0.05936968281352506 0.08413447785304698
0 0.7164168147521979 0.40178613952215514 0.0748036818249421 0.08155030503444874
1 0.7066067801517868 0.23730297408587475 0.06947951186299814 0.06529430688002816
1 0.7031090484405755 0.32307522685424395 0.1045548488211363 0.08710912667911233
1 0.8275665148659286 0.5744721816375479 0.06460101087441501 0.05997580872560757
1 0.8409551942194128 0.6361007606645291 0.063038510874415 0.05976547600746738
1 0.872283448668037 0.6612959986682628 0.05216467787060921 0.059855646980486024
1 0.882341539580508 0.6983903286180339 0.05647017589344294 0.051111645134906604
1 0.8966096280215211 0.7243969067222255 0.051719008897248384 0.0489181469804862
1 0.9064130509492145 0.7552412366719965 0.04008117193911005 0.030258317953504664
1 0.9075272233826164 0.7825849866719965 0.03395850593149916 0.032541987080944065
1 0.8848232579458465 0.5495471585678049 0.05015650889724839 0.04870781426234601
1 0.8951360168430949 0.5928914885175759 0.045341674904859984 0.044951816107925424
1 0.90894119026508 0.6266054002626975 0.04489600593149916 0.03401431610792542
1 0.9227145301889678 0.6595380620078191 0.03258700692008247 0.037019154362803876