1 0.3917559025475872 0.33490693147935263 0.2124504146981227 0.1509937378889811
0 0.45849202396179906 0.25273968897222315 0.1651934687818068 0.13595520678620335
1 0.27225186816453306 0.835267099387084 0.16050596878180678 0.13554510367592557
1 0.5013640594411617 0.1625350625348621 0.2030754146981227 0.15017353166842556
1 0.30114075999716505 0.8109314807254172 0.13339783175849823 0.1175961860510184
1 0.3159225118112635 0.7668007719129637 0.14137402286549072 0.12296719123481452
1 0.5497866904740204 0.06950823246884366 0.1728968413771451 0.13351371196999967
1 0.3760886854950609 0.7389498825161119 0.206855179126093 0.16919693374194403
1 0.4456769883976186 0.6643217379354638 0.2589087524470708 0.18777056795499938
1 0.5117137053653268 0.5798790959467139 0.2510962524470708 0.18708706277120318
0 0.5925048922959681 0.45208699514551043 0.2859623257680484 0.2041569855799068
1 0.6768575888452564 0.31152149227078835 0.33409229092165804 0.24419551668268458
1 0.7668055209665742 0.18915918524902928 0.36685022721932725 0.24550373845462894
0 0.12799101371018007 0.4163981051365281 0.03859127404661713 0.034530824882222075
0 0.11466263449141982 0.4635171129122225 0.0403174651536097 0.03935502591898139
0 0.14036452813815034 0.39662284736083364 0.040208337748947984 0.03623002591898139
0 0.17049102695702398 0.31454307921754665 0.04673115626060227 0.044589330066018465
0 0.16017852033360205 0.3645136849197225 0.0371924651536097 0.039081623845462946
0 0.19359371025946825 0.2774730147029171 0.05616071996293313 0.04697203628657398
0 0.24562249092950733 0.1926981820450005 0.04996528366526398 0.04798773213953691
0 0.15177076489130642 0.49376168751162075 0.05432540145127884 0.03902283524981485
0 0.14192204973769673 0.5304510432137965 0.05934028366526398 0.04880793836009243
0 0.18844736407299978 0.4025413652212967 0.05454365626060227 0.045272835249814666
0 0.2342807084453697 0.31675083671041715 0.06586310217691818 0.0571672425071295
0 0.26283478358044593 0.2573956690855098 0.08332342068857254 0.06648345391148132
1 0.300002456083117 0.15211284679518577 0.09442461179556502 0.07212786116879615
0 0.29111604020386794 0.20585300146060242 0.09437004809323427 0.07056536116879615
1 0.3411929404740204 0.08775782087620436 0.1075793762235353 0.09197146946287016
1 0.18067947097442344 0.6695921641845375 0.12078870435383648 0.11337757775694417
1 0.1859845298674309 0.67380121055588 0.14342759618646844 0.13716639227157384
1 0.24632680754224506 0.5516924732325468 0.15469247840045364 0.14749829952888865
0 0.23283224801626545 0.6704814294531023 0.0893551658792491 0.0607802580585183
1 0.3202777174310444 0.4190467770967599 0.17166172359113024 0.1427520109332404
0 0.25553562723502565 0.6225422154568523 0.10832342068857255 0.06867067049962934
0 0.3047593556354793 0.4842712359092136 0.12622024881887367 0.09048688190398124