1 0.3412341602436313 0.45369946822166474 0.21834708667404978 0.13655542764299256
0 0.3703487661960125 0.35516630119072695 0.16960919802510172 0.1270616812953424
1 0.44503007480619916 0.9523742278989461 0.1634593275747512 0.09525154420210775
1 0.37280074259874435 0.25555995067881965 0.20917234577334848 0.13875018641441506
1 0.46353904534883494 0.9375658881860482 0.13443316162790725 0.11115079679055846
1 0.45868036706348986 0.8906969371622336 0.1409835502768552 0.11645845760961002
1 0.37940929287559955 0.15243495067881965 0.17555880937615384 0.12299434211439401
1 0.5055343831026189 0.8466005628955952 0.20891152991878953 0.15890764620965214
1 0.5412797208564027 0.7550150767860904 0.26556204811738693 0.17073909358111675
1 0.5690320859080826 0.6532018695503896 0.25951230721668567 0.17324393276206518
0 0.5926068931247681 0.5061597313932558 0.2944880845145814 0.1860298172668493
1 0.6130264219638235 0.3470112427242147 0.3418031755075678 0.2217759832049735
1 0.6482198496308598 0.20269440610280265 0.3790027868586199 0.22080944811928332
0 0.11497564158360865 0.6105064400667649 0.03773983189368777 0.03169092470954702
0 0.122909255094129 0.6584667215001053 0.04126535009228505 0.038251005119072624
0 0.11965264960317312 0.5865977704762908 0.040964961443337125 0.03356350511907262
0 0.11187852483388579 0.49934242873580603 0.04469073874123303 0.04324858552859858
0 0.12429937924510752 0.5508928307834351 0.03804022054263574 0.03637842470954702
0 0.11853833744924211 0.4567612792477133 0.05865310919158371 0.04308144737146478
0 0.13260893430232468 0.3598802302715279 0.04947836829088237 0.04527620614288726
0 0.17367071869693446 0.6760830482572813 0.056589961443337077 0.03511390716670171
0 0.17986135950535073 0.7144357693834772 0.06031573874123301 0.04479898757622749
0 0.16962237122554305 0.5797627869263223 0.0554279796419344 0.04120886696193882
0 0.1774429680786256 0.48226157713108525 0.06540375693983029 0.05151410819051634
0 0.17847334438907242 0.4171077467215595 0.08319203423772628 0.06259455044290832
1 0.16839504241417425 0.30446480446916746 0.09745479333702489 0.06711491228577451
0 0.18300945250092196 0.3585915168239409 0.09559190468807692 0.06227237208101153
1 0.180963696022517 0.23102125549298197 0.10959384793281676 0.08695019371911483
1 0.2805145967054243 0.8368522935121178 0.12183303207825791 0.10834797515245506
1 0.2881769023809503 0.8399712445359324 0.1435473457733484 0.13223849781437308
1 0.29293185842561653 0.7044273940240251 0.15498549352159507 0.14113627924771333
0 0.3333287160760408 0.8224373702692939 0.0920663864894796 0.055712291671485656
1 0.3080130451919514 0.5549700347406953 0.17313471622369914 0.1336217617048682
0 0.3335079912144684 0.7705647898597681 0.11257914558877821 0.060852814333403414
0 0.3225075393318553 0.6232367671978501 0.12950582973421945 0.08271571638103267