0 0.4172023150126078 0.3899452160285104 0.07786965060882314 0.08353887249423435
0 0.08078645395250138 0.3557939343164533 0.03600114394086338 0.04367399613867225
1 0.7083215225889532 0.4463050985867817 0.056600428488610174 0.10680744668089712
0 0.3409267284983086 0.40162171331738605 0.05653678454774687 0.0681841367893421
0 0.04078320728648127 0.3671621653795574 0.02455346091032524 0.03588683075911483
1 0.650795936074654 0.46061673652632723 0.07885806576151388 0.11456927744001195
0 0.2825401436509993 0.42430750620270913 0.08695760818516848 0.10026184776534688
1 0.5857607385002483 0.487001851667649 0.08647911818710803 0.1511655626026794
1 0.20313955713670007 0.43554481338313983 0.0798784318225901 0.1270692774400118
1 0.4927918595622944 0.5117780058329661 0.1205351248550679 0.18993246368712918
1 0.12951060956229438 0.4607221557262379 0.07946384364130096 0.14091218238578945
1 0.3985315475938024 0.5301943624711719 0.1106179909161443 0.20089529830757175
0 0.0763695051701477 0.5003631862471172 0.0627548336393613 0.08759292195200956
1 0.30838465077800103 0.5800803141636003 0.11881312818904784 0.2066807735786842
1 0.21042538290015358 0.591026230693361 0.09866012485506799 0.18685813292801434
1 0.1257472360843523 0.641680765075568 0.10159367728066226 0.22279563292801435
1 0.9647790100865287 0.7658997701690482 0.07044197982694271 0.1383446290666866
0 0.07310033926855096 0.6968369980693361 0.04492934697528086 0.15304899613867223
1 0.9225354670588999 0.912704929900511 0.15492906588220023 0.174590140198978
1 0.8444006097314724 0.9667061847271707 0.14320735030926066 0.06658763054565853
1 0.6766230494299702 0.9939907851831545 0.17407497091226495 0.012018429633690885
1 0.5510518012176464 0.22263529370675786 0.05328423879011233 0.0661824466808971
1 0.5057233257634535 0.22553223960719454 0.03989141848667064 0.05348818624711722
1 0.4700887147033471 0.23365300583296608 0.04276132697140156 0.050802376355562194
1 0.42338905788560605 0.2386741066791803 0.049362013335919566 0.07489866151822966
0 0.388248654401845 0.26231007537784057 0.047448826971401556 0.05146116151822966
1 0.2956625416747486 0.25393166965160263 0.057302059093554104 0.07755913678934209
0 0.34771924925109393 0.27669350891383343 0.04001896424430509 0.05505068624711722
1 0.6883442492510939 0.3245652307343355 0.05535692182065048 0.0726520417351196
1 0.6287459797062566 0.33240727361965855 0.06967451333591938 0.077753397223122
1 0.20229505000969833 0.2832855262898084 0.06434928454774687 0.06928211206045454
0 0.2591190059190537 0.29822219824181795 0.04757637272903601 0.05302366151822966
0 0.6059940059190537 0.34697230027921 0.0597893303053814 0.07018582689778707
1 0.5475915745555056 0.34108123574586674 0.07053538273097573 0.10722130216889943
1 0.4738670321318509 0.34616567314318736 0.06804811151914833 0.11459461206045454
1 0.7968261710717444 0.4046835043130196 0.08823306576151388 0.11588684776534675
0 0.16536887698109987 0.3228885548800238 0.04419628121376697 0.04945947140978468
0 0.12035926592099341 0.3296917507804604 0.03638378121376702 0.048361496138672244
1 0.739491903193897 0.42133889225256516 0.0682076081851685 0.09762670711467702