0 0.6554810966498046 0.4806007296107319 0.18156251324684405 0.11925732654754598
0 0.6554662607997732 0.1440747541799723 0.0712599303072194 0.07991072252712299
0 0.6044418971052916 0.5719055128589762 0.17084326805616729 0.12422891614550373
0 0.591423608167368 0.09109179176771852 0.07965278366526399 0.05288150287173068
1 0.5333208321370163 0.8114753105615916 0.31121529691210786 0.17798299125718414
0 0.5313813646211539 0.6873072903318531 0.23296132213985138 0.12059661844288812
1 0.46863579484355533 0.9275314739470353 0.3011855324841376 0.14493705210592936
0 0.4575024428362731 0.3319501371729494 0.16751986061443874 0.1627435259731998
1 0.4219393549176891 0.9784192557434613 0.2887202488188736 0.04316148851307737
0 0.3556447877567972 0.4408482585832861 0.207237125042409 0.18605927740906517
0 0.22935012786799786 0.5531656141033862 0.2434821598887993 0.15450489878749601
0 0.17160457133724313 0.7017350071793267 0.27166172359113017 0.15935473982131895
0 0.15179054602468167 0.9603084465220173 0.20779763103285878 0.07938310695596548
0 0.1481794511041576 0.8558847615188286 0.24800596878180675 0.15036528895979978
1 0.9365227655242787 0.496976574920245 0.059613102176918176 0.05831981212508062
1 0.9230480533658938 0.5683544145182028 0.07772818511654264 0.08689124275686133
1 0.9066988231513416 0.7445110691448777 0.09911211179556503 0.07538556356094617
0 0.8925569667980721 0.6777497035418143 0.07222222958157971 0.06290585258455757
0 0.8882340876641299 0.3971997830249028 0.046150802902557686 0.07386364160816913
0 0.8631448076270631 0.35190757204851436 0.05552580290255769 0.07495942195277686
0 0.8511730202487839 0.8070516471921009 0.08773810217691817 0.06160715315890393
1 0.8465648766020536 0.871621452105949 0.1145188569862416 0.07096186413529218
0 0.8198412409295074 0.31154636541162783 0.052400802902557685 0.07459416183790761
1 0.812078259997165 0.9381900359285392 0.11328373920022691 0.08015423407785746
1 0.779771702285284 0.9822037788130246 0.12298612141421188 0.035592442373950914
0 0.7661631694226282 0.2762480634014164 0.052837312521204535 0.08709416183790761
1 0.7354340137949981 0.19029026716657219 0.08732143992586625 0.09423702310146913