0 0.3944300000289144 0.5582484506400891 0.09477479167148584 0.09507183540139544
1 0.40358947006229684 0.6349202112837509 0.1367951535143519 0.11197511213660043
1 0.48358546784775547 0.2448411505238736 0.13584071638103268 0.13363159084927706
0 0.473949245283751 0.6794075386393746 0.1064995906476712 0.08813342055068922
1 0.4895137555218964 0.7580788418576831 0.18333587720008424 0.14315941015912906
1 0.6029489291386299 0.8691962943393576 0.1859957565857954 0.13869043144645268
1 0.6526648117738671 0.13485913518863485 0.16395361842866177 0.15111402179152655
1 0.6570218512597259 0.3586026377865249 0.2401455482572814 0.23092149011264293
0 0.6615536605029712 0.9524112189513702 0.14117257310482606 0.09517756209725974
1 0.6835474068506213 0.9853411923422157 0.18760664839527924 0.029317615315568445
0 0.764126805561981 0.17135899992312542 0.13819051535721805 0.12603761213660056
0 0.788605010985964 0.44150760895763275 0.2175074451858375 0.2060636017450403
0 0.9080398026429926 0.5748824736921234 0.1839203947140149 0.19773764951546724
0 0.3277208351836036 0.4410884477900975 0.055748585528598495 0.04579310124083733
1 0.34392970214554247 0.49497827229572966 0.11490805556198094 0.12596120248167447
0 0.5544878837858798 0.2947972278794973 0.09664737208101144 0.09830609604505716
0 0.9389670659870809 0.7221834446111298 0.12206586802583815 0.23076867080279087