0 0.29900498717340385 0.6215063093168494 0.10648749269530029 0.09969377461060631
0 0.4002728544803376 0.9434003782006102 0.05465120614288725 0.048329851411925515
1 0.23956121525930468 0.3334500313410308 0.1222796308524341 0.08613137978345567
0 0.3422607382662174 0.6880202079049236 0.08525684941909369 0.07414820533113406
0 0.43099836069222375 0.9713291499082224 0.04794818348096932 0.027880959092057723
1 0.27756867870689167 0.38219976840890707 0.1386677339238777 0.10997805674305985
0 0.3897207218161858 0.7357159103330637 0.1266328545381664 0.11430184389007855
1 0.3323760416425713 0.43435565030393386 0.1763106761762697 0.12821123119538153
1 0.4349326223970921 0.8060678627612038 0.1516328545381665 0.11502926959604132
1 0.3962664710972816 0.5127330513992905 0.22596430190963107 0.17327969028743925
1 0.49130853430895716 0.8659680484962966 0.16444293494769227 0.1185179824490227
1 0.45437807014246606 0.5943945768678265 0.2347191410905795 0.16730247492717537
0 0.554542509087503 0.9038568419115214 0.10680967105719716 0.08723923871722902
1 0.5441987408257537 0.6626695522572204 0.24346188231915686 0.17690479546028862
1 0.5947364491542679 0.7500044162055584 0.21598123904295044 0.15117736975432586
1 0.6827560105542259 0.8128788377548861 0.25331410088581646 0.16628554420664737
1 0.46564919590474185 0.025453326405608157 0.14682660819051635 0.05090665281121631
0 0.7645074250256274 0.8525658118906388 0.17398507310482608 0.10477373119538172
1 0.6736348830380612 0.04530517366089885 0.29335523392387763 0.0906103473217977
1 0.7812269206832877 0.061000718329764794 0.20317115863342466 0.12200143665952959
1 0.8692234027665332 0.1819206912783831 0.14032478436678622 0.1894837003165691
1 0.06863078761631215 0.5487520855768082 0.08166672880480504 0.06936977711788864
1 0.0895222221900951 0.5894309098708452 0.06449132675717595 0.053290136051661816
1 0.1129063979924555 0.6206892700582597 0.06480140716670175 0.05641513605166182
1 0.13676779236147554 0.6628396661390514 0.08963426900956795 0.07115959765100222
0 0.17717837898288757 0.6873706532069277 0.06698406798575336 0.06271060015828453
1 0.2057635672090204 0.7761232646479834 0.09494192982861956 0.07754598997087019
0 0.20814249447810357 0.7207454428612288 0.06777136696193883 0.05494356426490725
1 0.11952361839974728 0.3891353931777979 0.08994434941909377 0.07428459765100204
1 0.1515972112330455 0.4427317546188535 0.09930725146672281 0.09013691818411548
1 0.2744190167661121 0.8535830234234719 0.0893120906476712 0.08361413354437915
0 0.26679673423995826 0.7969382183297649 0.06854656798575345 0.06275606426490725
0 0.17645426898065353 0.459146364806268 0.09040947003338248 0.07897209765100222
1 0.19423280150680738 0.5154956532069277 0.12679999269530023 0.1002848079967011
1 0.22967605259962093 0.5822368723281153 0.13617499269530028 0.10055759263643722
1 0.1600518347807799 0.2633170392585896 0.14287801535721809 0.1210064849563052
0 0.3314684136946685 0.8752928873718101 0.06167640716670171 0.056324207838416386
0 0.3564211384732143 0.9142955513992905 0.059493746347650145 0.05002874373179367
1 0.20048056833074832 0.31121733016653186 0.11695987208101152 0.09532452335696498