0 0.2809475065021148 0.36117059065935486 0.049627640500720105 0.05928571996293312
1 0.34072467625891045 0.3559721699707823 0.09251075319027909 0.09033731252120454
1 0.4388769177109806 0.403097651914615 0.09684226246066618 0.09982143992586626
1 0.02959880104790704 0.48830604265093863 0.05919760209581408 0.09567957694917481
1 0.4975563050214216 0.4306026038213807 0.10782594148784881 0.11264882213985139
0 0.014941230797546976 0.5177752878416152 0.029882461595093952 0.037465283665263985
1 0.5661759523247069 0.48964773240716875 0.11492646002862301 0.13156251324684404
1 0.04588960347995021 0.5722891730508252 0.09177920695990043 0.14148315027015243
1 0.6563376984119705 0.5323858147138212 0.09068462051503161 0.12449405771188111
0 0.05658057139482414 0.6546825215995463 0.11316114278964828 0.0946627139724832
1 0.7436298927896482 0.5853347107228044 0.13471169467812807 0.20069445916315978
1 0.8710756488697562 0.6586581049176891 0.10060032735337572 0.1652827488188736
1 0.2323849109084155 0.29131444764559655 0.05074179171674169 0.04376984736759475
1 0.2771485196852382 0.3060837865756708 0.07246188586552664 0.05541667549789597
0 0.22171104358366298 0.32590770245491996 0.047461885865526646 0.05454365626060227