1 0.8377666664647216 0.44084508027840935 0.058825854752635465 0.10442855042954129
1 0.6812765859323741 0.4193341711878693 0.0804116946765232 0.13674308344622813
1 0.7653823304951667 0.44957827114244076 0.10553902866891214 0.1411782779283041
1 0.6057354164647217 0.4286848377416413 0.11487953657757757 0.17908771370395282
1 0.49283616844188816 0.4133730189947342 0.12144787155854928 0.18722776232447186
1 0.3819941689361797 0.4052152809805219 0.12377437551288217 0.2060596494796016
1 0.27038816547613853 0.41580754296630945 0.11063770555093821 0.18977955223856355
1 0.16813991597043015 0.4081001843053107 0.10862953657757748 0.17876016508343393
1 0.9262986313700191 0.6122464467413243 0.09090352570316255 0.1263787935321364
1 0.8368567879860901 0.6553170160540581 0.10119903855474384 0.18772572930778503
1 0.7510174470736192 0.6868326096770516 0.12514587452429904 0.20145403663473135
1 0.6367175251345089 0.7058957909301447 0.1589425543720747 0.2655917797373263
1 0.48521869213070323 0.6963902368825586 0.15957922433401847 0.2812167797373263
1 0.3357943536896902 0.7128297071452322 0.1751405573378241 0.28047315128862405
1 0.19834077464021727 0.6852701939162491 0.15849688539871387 0.2546542797373263
1 0.07140748465837027 0.6670037935321365 0.14281496931674054 0.25202060266810483