0 0.2906200221698308 0.3334554726375228 0.03730142319868044 0.048758404567984304
0 0.2437450221698308 0.3359120872914153 0.05655152837152997 0.0669285504295413
0 0.3043726336108864 0.37017754466379016 0.04386967194503919 0.06002345318850324
0 0.37197767075790494 0.3791154534156459 0.058159492478152594 0.06857293758467105
0 0.4288808886254514 0.4073356286758451 0.07102320533113407 0.08172803482570909
0 0.5005596603330638 0.43712162596231163 0.09684155925034225 0.11116322930778519
0 0.5869685217741194 0.47003594527504544 0.09344377461060631 0.10162445499752551
1 0.6849059166012699 0.4820645545018712 0.1176374440483631 0.1824583751693421
0 0.7750702638565605 0.5467644623492158 0.12091555674305976 0.13426653663473137
0 0.8646723214575502 0.5771712573516903 0.09996655925034226 0.11132700361804453
0 0.932603967538342 0.6016932225259811 0.09256323620994636 0.12498006784239593
1 0.22787598126188852 0.2915003459978426 0.09459709765100213 0.08764384215265535