0 0.6113957508251926 0.1643451180241462 0.06221658008391255 0.0399193458553869
1 0.6131438145128583 0.3776754475679107 0.13821224025173767 0.11778436068413445
0 0.5943723489557373 0.25538395349940973 0.08875576929603177 0.061250517794497125
0 0.5804389809044608 0.3159222054765761 0.099930067636358 0.06482118676785786
1 0.5661942690723173 0.5758556209898957 0.17066954274124874 0.11443386760421674
0 0.5461320680373433 0.4808760434232976 0.11877515601864026 0.0873965237259963
0 0.4791776759161501 0.6861020542977124 0.15734074855010755 0.10298703163466172
0 0.4493582761212872 0.7815564757425312 0.1558966477202705 0.10448586463846717
0 0.4189944246667503 0.8739177306854471 0.15085395020978148 0.09960736364988385
0 0.3917914620094142 0.9451215686321686 0.14763386182749913 0.07766869665368965
0 0.3173049765547832 0.03916730557062252 0.12154495850815117 0.07833461114124504
0 0.1720973751002463 0.1339572114452562 0.13539581618646546 0.16284219269935693
0 0.055551260372962194 0.07970740463890472 0.11110252074592439 0.09058519072219058
1 0.6423963744755464 0.20747569410786962 0.0997883576783142 0.08350751977166349
0 0.625447518046632 0.10224436604697984 0.052249584233097404 0.031724843878220534
0 0.6217538329836977 0.13043303304317427 0.05248638257342364 0.03484984387822054