1 0.30048543237472486 0.8163790740163417 0.1858002630835925 0.08868161035393456
1 0.4854299948089153 0.06454210018352664 0.21664001038216937 0.1290842003670533
1 0.3746355639165211 0.7731303319794366 0.20279034200867016 0.11302916297065302
0 0.48601267967330175 0.7323849636624072 0.2338583314853265 0.11172426820408994
0 0.593521342785129 0.6778501111303934 0.2954328683170294 0.12621097340929205
1 0.7499603295603622 0.5986645981173881 0.36873313140062186 0.20834020492285354
0 0.8251940899425316 0.44323437449633457 0.30447321032569974 0.22795548393263582
1 0.8897556608339272 0.2705179403378198 0.19628127872743378 0.2418976156156063
1 0.08324326642030007 0.6561828395895958 0.10012036831702945 0.11483531570031094
1 0.1324080794897751 0.560665942262784 0.09506884727034204 0.10831229991529537
0 0.1978503399425316 0.47977298705758187 0.09710178413027984 0.08974431043863902
0 0.25739891616618626 0.3797583055299031 0.145326452503779 0.14238346302712274
1 0.19717071657559182 0.8122746739175197 0.08819722099021768 0.07053928413027996
1 0.3345136949642071 0.21876832664717766 0.20529225768074627 0.23619364718563746