1 0.6684545081406004 0.12562902969944437 0.09512879353213641 0.0986740131449042
0 0.6764351837394839 0.2929263272265556 0.14092597241038013 0.14388517466313386
1 0.5946684481001207 0.0502110722355116 0.14290455223856355 0.1004221444710232
1 0.82196560549318 0.7722210555785354 0.12636550542706707 0.1620017241209089
0 0.6056413268875074 0.2485724620852338 0.13402087516934208 0.1305067944462439
1 0.7461943215719822 0.7380107731269923 0.16780273292582973 0.21280410047647128
1 0.49731541327441153 0.0234796676799643 0.15088082654882307 0.0469593353599286
1 0.5412203007682256 0.205683966727022 0.21097952283992144 0.20801526199470075
1 0.6306135871758144 0.7400885096123451 0.20142746042459264 0.26250850156092087
0 0.4290235159425165 0.15219582299548481 0.16016729534115867 0.1558953153138037
0 0.35165543249628844 0.0875167905439417 0.15005531094499086 0.14051524498846876
0 0.5395348857963334 0.7591848202843605 0.17068207146044045 0.20855579058491608
0 0.23513631784239583 0.06066298492443188 0.16963082654882308 0.12132596984886376
1 0.36815785277964663 0.7628081811946116 0.33595294662978253 0.3434544861156098
1 0.40495956919713294 0.9394340177457181 0.1761464201718166 0.04646964607291863
1 0.22709908355776975 0.6992102484390792 0.2966514292169281 0.3038092048142701
0 0.12161596619034372 0.593623284382207 0.16484815128862396 0.18602200542224878
1 0.9603404539794432 0.471025907574953 0.0793190920411135 0.09957772798223666
1 0.9662136567156908 0.5304262421953956 0.06757268656861833 0.10179901314490429
1 0.9295169973980082 0.4517480462949589 0.08542624491161739 0.09110644281956937
1 0.8522197557657512 0.2532683360994146 0.10367827792830404 0.11383448841601665
1 0.8813793905460319 0.404210052867411 0.12801653663473117 0.13431591422935402
1 0.8352103974434367 0.3792185119127519 0.10343261646291495 0.10914698841601674
1 0.7700822851643934 0.18768558881053896 0.11239818068726617 0.10265205874135157
1 0.7589887341690251 0.33641447946120884 0.1458591338757694 0.14923145982580133