0 0.365625 0.2887008441818524 0.071875 0.09450886182749904
1 0.2546875 0.3666384352634271 0.1203125 0.1434917361025528
0 0.33359375 0.34503427717019436 0.0828125 0.10002515601864026
0 0.21015625 0.44501281161307327 0.1109375 0.11778134108157463
0 0.71796875 0.2526268313100905 0.0765625 0.08705155933798814
1 0.13359375 0.49612687095106145 0.109375 0.1520379419114118
0 0.7015625 0.30777627259680224 0.103125 0.11875184523075966
0 0.0984375 0.5878533522797295 0.1046875 0.1344952444009227
1 0.03671875 0.6167488695011689 0.0734375 0.16650226099766208
0 0.934375 0.27216604624251167 0.053125 0.07746307178554286
0 0.67578125 0.37847985890449215 0.115625 0.11969903859206373
0 0.90078125 0.3043991284010167 0.0578125 0.07313076929603195
0 0.65 0.453089695212182 0.128125 0.14720873195336798
0 0.90859375 0.37255713255020156 0.0984375 0.11839664772027048
0 0.6046875 0.5448045211469097 0.1625 0.19043851369695447
0 0.90625 0.44460973130544607 0.1046875 0.12355774440092264
0 0.54765625 0.68037609085786 0.2015625 0.25277349295103
0 0.89609375 0.5563168259115058 0.1421875 0.16077432448483525
0 0.46171875 0.8072005452168265 0.24375 0.2981577705454317
0 0.878125 0.6936159163683805 0.178125 0.18537250539858477
0 0.34921875 0.8891627854685641 0.2296875 0.18615467801396468
0 0.2296875 0.9552515719860354 0.165625 0.06723781203728052
0 0.7875 0.8200143182378359 0.184375 0.1592836020792369
1 0.35 0.13441608588348264 0.065625 0.08309776514684701
1 0.2890625 0.18200240351984057 0.0671875 0.07071616431701004
0 0.334375 0.16841257758511288 0.0328125 0.05092388257342351
0 0.26796875 0.2000070423170414 0.0453125 0.0549960759347277
1 0.23515625 0.22046217489046488 0.05625 0.07457487012586883
1 0.61484375 0.07684742654085007 0.0921875 0.09604805103961842
1 0.19296875 0.24553395248486654 0.0484375 0.06460787427505377
1 0.55546875 0.11884659500704498 0.065625 0.08934776514684702
1 0.146875 0.28496422800467575 0.078125 0.08248245850815117
1 0.50546875 0.14841661845226173 0.0890625 0.09893625269929238
0 0.13203125 0.3235890201212245 0.04375 0.05019017676456468
1 0.434375 0.20771003069467936 0.1015625 0.11550844606059654
1 0.09296875 0.3468614993753001 0.065625 0.07841026514684701
0 0.4953125 0.1913737130583214 0.05 0.05378877344521675
1 0.0390625 0.38610252074592444 0.0765625 0.10423905933798813
0 0.4125 0.2570238690769617 0.065625 0.08153526514684702
1 0.0140625 0.4262781574685328 0.028125 0.09119368506293438