1 0.3096746112152789 0.5838376270526082 0.11003796427907382 0.09746587334017516
1 0.3783842379354639 0.4678717385871227 0.11568237153638875 0.1084306444174139
0 0.44896943147935264 0.4018694886853186 0.11669806738935158 0.1021897347764936
0 0.27982526705847405 0.9517927415139888 0.0696672425071295 0.06443520472226431
1 0.49633173850111173 0.31570018452878823 0.14013556738935157 0.10232609016268786
0 0.32792101446657596 0.9554171903825207 0.0696672425071295 0.06443520472226431
1 0.5632546898206948 0.23800645570422296 0.11138585080120364 0.07717155405833438
1 0.35545954556935355 0.9084058349963264 0.11615126324231459 0.09593973477649342
1 0.4030269041462516 0.8198927808397961 0.2465017275213885 0.1935237827847039
1 0.6471600895851392 0.16255648292978192 0.13898317049962933 0.10700449980360824
1 0.4840998298296773 0.7054166695016736 0.18710760367592555 0.15725902985783763
1 0.6220673044763437 0.5921712600571449 0.23685332544786988 0.19034424063022612
1 0.7470658874170842 0.46650766384433284 0.28101342855814765 0.19528627068445542
1 0.8424254885011118 0.31368666999265293 0.27577912441111074 0.18900899960721648
1 0.908224728699167 0.17743555260440613 0.1668730161170366 0.17588176483072293
0 0.22141461064963103 0.73583646428843 0.06572203628657398 0.05504202400410509
1 0.24660939175240873 0.688838744440855 0.0819717528747221 0.08012383723582168
1 0.2742552295941216 0.6316756842342006 0.08583904665416657 0.07077610831306043
0 0.35626593868939915 0.5421813921779188 0.08271404665416657 0.07075792759490121