1 0.788009653843379 0.6612277540224757 0.15229886228216216 0.1652729591870436
1 0.5933201619061496 0.9724941573460086 0.12838617328319835 0.05501168530798282
1 0.7623867615774274 0.5784598488760391 0.17504715756743253 0.18632211433348028
1 0.5746407824604794 0.9465709794051878 0.14561221463952717 0.10685804118962458
0 0.8511409307267964 0.3141344977702093 0.08598034946188093 0.1101022191153362
1 0.5174982164970447 0.9131884086341288 0.17748295285270288 0.17362318273174254
1 0.714161123240417 0.47776778858316565 0.20782542431665565 0.2224191216855326
0 0.8005201925136207 0.2621685113745281 0.0939383986760923 0.11404834595334937
0 0.7439940566578098 0.2002527361922377 0.10851032092583353 0.12646387426177289
1 0.42485264412346935 0.8580176685624213 0.2574658593866782 0.28396466287515737
0 0.6306871896181365 0.3547127702030347 0.22152405128112634 0.2160846499939562
0 0.6663741708019989 0.13611991854731195 0.11908394789030421 0.11980095183499122
0 0.354482332088976 0.8006894749909345 0.18522267824559702 0.2044949665390959
0 0.5720677067816443 0.23116035770454563 0.23998295285270288 0.21180535440518772
0 0.5146126176588458 0.1326079452060566 0.25735023531769163 0.1840885588164191
1 0.23729052398342412 0.7215135231559431 0.34279123738460615 0.3827606018289476
0 0.13382726798756808 0.5364957757321834 0.23126723242220745 0.29174155146436676
0 0.8581809127347192 0.7323519448293883 0.10414815260503403 0.09957292352656762
1 0.8832129919327201 0.6689017514462355 0.11188787799792799 0.09883155036458077
1 0.8288059358940828 0.7860165747935346 0.10869010339082204 0.09694059962937551
0 0.8848075711307212 0.6029881775490433 0.11017982878371627 0.09554232499697815
1 0.9041354598820164 0.55059983269548 0.11664815260503403 0.10088672646738868
1 0.9154474873846062 0.4429491990553075 0.12660534946188093 0.1143720786730043
0 0.8978447644729115 0.48230263196027484 0.10185790653397504 0.08378369815896498
1 0.6534036372990437 0.9787171419036766 0.0856892510334573 0.04256571619264662