1 0.3100731695466323 0.3746661916553519 0.11362870174736121 0.12468074879205196
1 0.3807305084524656 0.35011285968298056 0.1171173776591667 0.14056084030732113
1 0.45111574363482665 0.34749830058942643 0.14077308320625015 0.15184902667183914
1 0.523136213999549 0.3478811957382379 0.12543902393569456 0.16307356909549373
1 0.5927401991819101 0.3453304095235011 0.11904355357097245 0.15631338606495565
1 0.7442663315907295 0.33139597103295115 0.1307447729857641 0.19001870636839727
0 0.6833658523922921 0.37159027845951526 0.12464024335048621 0.1957585233378592
1 0.8291686616628475 0.3471647501206862 0.12751067021222234 0.18507611485312828
1 0.18577199230364655 0.818447626811922 0.20047669794763906 0.237818219704317
1 0.2851193352935424 0.8831322669597637 0.23256184612402792 0.20924668061464197
0 0.4192585991612508 0.8956646046820108 0.17365831838861112 0.15765248758216438
1 0.11784930195545171 0.3887918198443998 0.10261846656500007 0.12066292848861018
0 0.1542959482319795 0.4077332674188055 0.0594854091943056 0.07659419303247787
1 0.19626524268489617 0.39491453196267307 0.07507404160312507 0.07630715060882318
1 0.2579112575025351 0.3867514745361088 0.11017639342673621 0.11036315727678296