0 0.9632009994108248 0.2824081112190814 0.04574883723582168 0.0800292313408888
0 0.9288623608471432 0.29247339016734186 0.03320338544042371 0.07082935717788504
0 0.7193691861791083 0.2953994073976559 0.08526585518980241 0.1624897756002758
1 0.8742203126425414 0.3063556521304836 0.09316016842151917 0.17741938445215322
0 0.7937788337197802 0.3199743733048207 0.09460449375348415 0.15728030622252867
0 0.9294305082896195 0.39012964016734186 0.06147383118569749 0.09895094904464363
0 0.9787368475289515 0.4096668544005144 0.04252630494209697 0.08280738780013794
0 0.09735835167376111 0.4754454828922836 0.10100902985783755 0.18453649330403063
0 0.18289185157556526 0.5308377464068201 0.11183744554888216 0.16700044569665895
0 0.3109219236860764 0.6346726221212187 0.16227378278470378 0.24754994234867417
0 0.4589190621515621 0.6768780148207361 0.1637544695529872 0.23366086411904963
0 0.5954974324666751 0.7719465707980696 0.1575044695529872 0.23296717703754766
0 0.02865484523085345 0.7598119625591802 0.0495647045258726 0.19912607488163978
1 0.7496945739572228 0.804864526416085 0.16849651170746488 0.24355612943017596
0 0.8420593359592754 0.825101391963932 0.09314198770335977 0.1742943844521533
0 0.9202797847296115 0.832836553445158 0.07420109016268768 0.1394008232076473
0 0.11124969749378974 0.8475823196144676 0.12454652380771339 0.2043253198596627
1 0.3889221203151131 0.06706094006169386 0.06770565046753826 0.09651963612614553
1 0.45619143354682967 0.07366630393554834 0.07710792154477701 0.10224766674839839
1 0.5532755118056608 0.09885165417226874 0.07879768657189175 0.12429608851877387
0 0.6182147105759969 0.10806090070168643 0.05364315046753809 0.09495884019276622
0 0.69259254185989 0.12716711660885124 0.048792024004105095 0.06631357488163983
1 0.2923970991396783 0.13796933982497345 0.07713519262201593 0.10693516674839838
1 0.8139953640685971 0.16685192940475174 0.07891586123992686 0.14460858851877387
0 0.7413072978118185 0.16944729172721146 0.06926815046753809 0.09669305789652097
1 0.35275788221896975 0.1664488516655176 0.09283291549465282 0.12116938445215313
0 0.425550487605164 0.18182223934305788 0.058376102262936234 0.10329160550389264
1 0.6485339905320302 0.21335963706455238 0.08688289734428026 0.17203819737065126
0 0.48355388514583597 0.20821813383916524 0.06777837334017515 0.10901963612614551
0 0.568828309813871 0.2190791473537017 0.07411927693097127 0.1253383232076474