1 0.7443971038411787 0.31963037557425267 0.11809763905580564 0.14644933674699834
0 0.8229637318812328 0.3635616570736966 0.08967919612304236 0.11843075256024882
0 0.03993816915589503 0.5092223525320139 0.04857603708154821 0.0400481473268119
1 0.8914351940772274 0.36361413595642206 0.12796716686696713 0.17493835779368574
0 0.0841447023247069 0.5204552551204975 0.06938306489270936 0.0691742052052021
0 0.13309309890553495 0.5437709287556686 0.08994282879828992 0.0843287683452644
0 0.18436215597277167 0.5735186129141833 0.08449716831188128 0.0902147472985769
0 0.2623486188912235 0.6158418917827913 0.1086302810014402 0.12108531570031093
0 0.3522467323032396 0.6328844495905944 0.12499707271818199 0.163909852532014
1 0.45643152010724497 0.6428880521226084 0.23351862689558983 0.3082506577089811
0 0.10033116885544471 0.7677621656014889 0.11070367758226833 0.10104583148532668
0 0.6183446342417185 0.705841620383168 0.17815188297569778 0.22748650512049765
0 0.15086661859077313 0.8643711260683629 0.1679889122317734 0.1726169945971538
0 0.7517305786193962 0.7702820939336344 0.18252957127326752 0.24945251038216937
0 0.8504004373962187 0.7925581833114687 0.14476593859802023 0.2813703683170294
0 0.2591520205292519 0.9148044945971538 0.18819268540774098 0.17039101080569238
0 0.3876099217452735 0.9344337261107152 0.17010848783978413 0.13113254777856972
0 0.5612715961372627 0.9411607747105926 0.15791829954221442 0.11767845057881487
0 0.7147444024820422 0.9475880465785878 0.13998900782547263 0.09964993145709186
1 0.3281837543347432 0.26941421281536126 0.10838301709585973 0.10711382096198285
0 0.2736593445707918 0.30165829444186204 0.056635800987128795 0.054474668373499215
1 0.4375587543347432 0.2757845811323906 0.10086396002862301 0.1330392841302798
1 0.5073372682403238 0.2656808100151161 0.10499438442061226 0.14103379465362353
0 0.5947992735979746 0.30776887045375523 0.09124169612304237 0.11852175782192056
0 0.6627992974963993 0.32983285722898836 0.09023627173105311 0.11070925782192056
1 0.015667385565076287 0.45866163943430394 0.031334771130152574 0.11732327886860791
0 0.031325854924864616 0.7228221209478654 0.06265170984972923 0.09205026308359247
0 0.005266067120859218 0.6961007262518895 0.010532134241718435 0.05805469468185844