0 0.30622911845226175 0.47532617139458394 0.09675844606059662 0.10935445909527744
1 0.32939300869935506 0.5485784522145377 0.13423513527271586 0.13281108294074057
1 0.3479261692913875 0.0991642125821303 0.09649833693238978 0.12640525805851835
0 0.40685423525413833 0.5914699983030565 0.1260907485501075 0.10726427879370348
1 0.42270102634500184 0.10581546229930638 0.11015901784613931 0.16329966531583312
1 0.45194066969237284 0.6519393151267602 0.162952131123531 0.14308420160240712
1 0.5057027804941867 0.10631445683268619 0.12448162697434614 0.14747917568342572
0 0.5260606408485714 0.8720673044763437 0.09957487012586874 0.06458876324231469
1 0.5452152277809612 0.7524287477374085 0.24813261452679142 0.18157935655064766
1 0.5583277665735176 0.9173606806308807 0.12073947510489055 0.05712757775694399
1 0.6080814966760077 0.127624237369816 0.14739890871793265 0.18363128916129604
0 0.6861945026760704 0.7866589018371773 0.1785538203356502 0.1646270109332404
1 0.7546012991655187 0.1194618399144459 0.2061352912913561 0.22136502648462927
1 0.7527531954126747 0.860771053627872 0.25660704274124874 0.1295479648447216
1 0.8683543006154112 0.20574250956560353 0.20279680373891082 0.19779082544787002
1 0.20900076617253224 0.38604764085745413 0.08440015601864026 0.08964755183796277
1 0.24442785807929956 0.4613313133833339 0.10168274440092259 0.11288956220555538
1 0.26313677219581694 0.11201481856713016 0.07031434523075956 0.10859304147037023