1 0.5037137709219632 0.28095715452785724 0.132652745458072 0.10983679027182731
0 0.18357661410422224 0.3339988470386137 0.08848841515269071 0.04230966831188123
1 0.9395237251643287 0.22329197345485946 0.082812242124092 0.08641565904149422
0 0.6902410733475575 0.2932671813161109 0.07123701333591939 0.07719556489270936
0 0.18096166819680654 0.37933443655220506 0.08861596091032524 0.04387216831188132
0 0.9757965807644233 0.2780420212517091 0.048406838471153436 0.0785108009871287
0 0.19105401638003533 0.4159295545994148 0.09655600666795978 0.046440092703870485
0 0.7532191765317563 0.34910829081539074 0.10334788273097573 0.11070367758226833
0 0.5254130409258426 0.38237293306147563 0.13804187606301604 0.08115471466381656
0 0.8251257406262802 0.4369575608010792 0.10892820303441733 0.12224443221746188
0 0.5851384694144528 0.4757371320743468 0.20414510818516868 0.11439919467812806
0 0.1688595072961796 0.608255591680963 0.14751247091226488 0.10247263905580581
1 0.9320941203131401 0.5020894966308271 0.1358117593737198 0.17530688442061226
0 0.6515921300252157 0.5934980764520246 0.1954714809142047 0.15966551565094528
0 0.17274952396607907 0.6945952614377587 0.1826527454580721 0.11627150638055817
0 0.9675689768313187 0.6427308654004941 0.0648620463373625 0.14476886587983806
1 0.7387089770004964 0.7322835022889281 0.2127545757634536 0.18198886443492376
1 0.16464959472856275 0.8274770299785328 0.19429161818710822 0.16415193077254742
0 0.8401435444290003 0.8337007444634554 0.15277379788366652 0.14798622393420366
0 0.20029966549104644 0.9547284219241672 0.15953423879011233 0.07928240296138611
1 0.38040446136936723 0.10498826113730833 0.07857128121376693 0.05340207416309641
0 0.7229106968254996 0.10354034252497672 0.04110323212215263 0.030027121959946036
0 0.7536025874323832 0.12169527227461666 0.04668355242559432 0.04156787659513954
0 0.39425940940281484 0.187677129184518 0.038105777879787084 0.03118745220315038
0 0.7873557051604493 0.1386667822674609 0.046428460910325244 0.03844287659513954
0 0.5632485254638911 0.17856050475675006 0.03536341515269079 0.03547278244635468
0 0.42782120849442923 0.20230488917736228 0.0360011439408634 0.04328528244635468
1 0.1988352101614192 0.24045811630184497 0.10809928454774687 0.07420910197425759
1 0.9180475957673329 0.14395227979963895 0.06629442182065048 0.07346731025751581
0 0.8235641431919575 0.1663747073819073 0.05395391848667055 0.05487221610873094
0 0.5980857821318508 0.2088132647495943 0.061224284547746775 0.06817655562232228
0 0.4439722380412062 0.23575191771098064 0.04837359818322895 0.04333146147353739
0 0.1961405159209934 0.2944879982546353 0.0759884151526907 0.040700989284698605
0 0.8736277871328207 0.19940466102997206 0.052901601517208616 0.06092113123033309
0 0.6449606531938971 0.24146413815445475 0.07059928454774678 0.06938306489270936