0 0.4050780480911307 0.2656756865028658 0.10860559644977177 0.0943181936183807
1 0.3801768197784751 0.7599127096043349 0.11085242098927388 0.13770293350351145
0 0.4425108156639316 0.2026582298659793 0.11680179820259333 0.09835634390555373
1 0.44687084609309136 0.7544946821633639 0.15007907887697094 0.1561485548819423
1 0.5084255920231329 0.10699060705168328 0.1784236227420955 0.1486810259731998
1 0.4612082759356431 0.7163656214741485 0.12603833325902483 0.1610389739629884
1 0.518816078587168 0.6692166691767639 0.21134489465236506 0.19103086700702293
0 0.5886075657308092 0.05182119586789645 0.16562299995541493 0.1036423917357929
0 0.6402126052361722 0.0158329624920186 0.1882930964497717 0.0316659249840372
0 0.611415973350996 0.603713410529666 0.1826997280005603 0.15842128608806902
1 0.735539797935083 0.5432426157625931 0.3236233507426558 0.3027191906828381
0 0.8757708266747978 0.32849015915761254 0.2484583466504045 0.24677356930440747
1 0.9120045262700313 0.1861200218889453 0.17599094745993754 0.24038151729419593
1 0.18028859175562245 0.6873883815252059 0.08793708768566391 0.07650163292916527
1 0.26010371027171164 0.48549104773452145 0.11225076310157674 0.12400569361838051
1 0.3115584383837344 0.39468341046585415 0.13217956134875522 0.12325488436503065
1 0.2790662539807884 0.7883725433950195 0.08089199119130708 0.08183848264199227
0 0.36220422350704357 0.3166497182833388 0.10898929820259333 0.09744319361838069