1 0.2189214926848962 0.42724738152302777 0.16530030452090286 0.1335772587939917
1 0.5935376733463544 0.340862181991768 0.16275718597979177 0.1583221672787226
0 0.6364888927611461 0.3771184174479004 0.12601959897381948 0.12101361485312837
1 0.7362356260436462 0.44140380017887626 0.2530574905006947 0.2857772297062567
1 0.30142748100138933 0.554845965162389 0.2423005220358335 0.2256369551604493
1 0.8502091666968408 0.5473983218497456 0.19084712480937532 0.2261154451585096
1 0.3584977114340978 0.6951837938007805 0.3038926386770836 0.25873623970819626
1 0.942536911378507 0.6202774545807213 0.11492617724298597 0.23207866061076282
1 0.4442196187285424 0.8269437189554107 0.31839154977125017 0.2786341515269071
0 0.5724920487244105 0.9145880137949615 0.35469141926229175 0.17082397241007713
1 0.41448464656086825 0.2529482385002483 0.12420252583555555 0.10994856909549373
1 0.19560997283326417 0.3637429909161442 0.15389002583555564 0.1123719384905499
1 0.4875961446610072 0.3119403433514369 0.10091049620027785 0.11428538273097573
0 0.249318813923299 0.4936694780392667 0.07173083605604172 0.06667705909355419