0 0.4982738735365668 0.014883734426745959 0.08782725292686636 0.029767468853491918
0 0.49651593081635514 0.032779076788352 0.07529998184962743 0.05593075256024875
0 0.41712282572474846 0.25529808987194447 0.17729881908544906 0.136846094568919
1 0.48992049717132957 0.09251809783503939 0.19141586123992665 0.14704014192396558
0 0.472223937062871 0.18101915571342975 0.17264768052176754 0.1428230787839034
0 0.6002721898915414 0.05250847688717403 0.10831246974937905 0.09221686305535759
0 0.6403841054843902 0.01977287265151275 0.09100679508134384 0.0395457453030255
0 0.3718122665000526 0.9288034793062485 0.18651019262201593 0.10926712613895014
0 0.4580406579906004 0.8737981899142968 0.18526585518980246 0.16386362087727804
0 0.618801416869395 0.7605639005929322 0.27160333098930567 0.23761891026922993
0 0.72197693472518 0.611634305953426 0.26065674063022615 0.23541937343752686
0 0.8718729164766115 0.48653705346376447 0.2512544695529872 0.23018584186749574
1 0.9172995668459538 0.33003715350611684 0.16223742134838517 0.23281104195220043
0 0.9678131721339522 0.23884373513261767 0.061719270880847076 0.1379242052052021
1 0.050067135931402884 0.5571530763648289 0.10013427186280577 0.09819384727034208
1 0.0791677868899204 0.4874097237622279 0.11622496369925477 0.10985938936371689
1 0.1437757084346975 0.3899285080336821 0.13814541549465287 0.11894596302712275
0 0.1777467083365016 0.32312814490773734 0.10357042759490125 0.08256884727034208
0 0.22816941003370386 0.24755972653423813 0.07693520472226431 0.06852175782192056
1 0.08275989862082649 0.6754179579772124 0.12092155405833438 0.11169490514873245
1 0.3179000514260557 0.1275286766189428 0.15692268657189173 0.12472552616718491
0 0.2916733738311545 0.2055927634365283 0.10835792154477701 0.10002936305535756
1 0.1362076063681529 0.6168550290803696 0.1366465480082102 0.12979245776545092
0 0.18193826288581533 0.5423408764918859 0.11299087939029935 0.09092737884037305
1 0.3019836390546608 0.3127682266048254 0.18670109016268785 0.14207962613895003
0 0.2322427899149825 0.4870849581183867 0.12086701190385671 0.10231990514873246
0 0.2780507144848217 0.3992895555299031 0.13810905405833437 0.11269596302712274