0 0.29823149137493693 0.5374229634459219 0.1850927830842357 0.15153912091177607
0 0.4817006665511835 0.28097960363602936 0.10722119815896498 0.10464553207825791
0 0.308486367113164 0.6418997123661877 0.21954753676026195 0.16926684145441176
1 0.20288641785441303 0.845917781459949 0.2787535933771091 0.2009965052417872
0 0.5503827079140329 0.37582983111849544 0.15524105771663307 0.14807415946843888
1 0.3462961720803322 0.78353530227944 0.33458595293477716 0.24492578038021479
0 0.6594434112254783 0.4756271768918438 0.1797436635982752 0.17447597316352947
1 0.8096194316319565 0.5583965114064252 0.2836709183740872 0.30684598704319016
1 0.15916168805744768 0.22177127775932126 0.07737419080691263 0.07169332973421945
0 0.12142714504491932 0.2964313163159842 0.046128908822462844 0.040203497840531635
0 0.10946677500906563 0.3279118537929129 0.05805176102807859 0.05027940468807692
1 0.11198654541554383 0.40121894586563345 0.14529362793779907 0.1272610117201923
0 0.13451372887040408 0.36648300046142535 0.06635693713088645 0.05546755243632351
0 0.2015228494561508 0.2826877937984502 0.0654513386012969 0.061617422886674156
1 0.2966029391572337 0.11889420650609162 0.08559489521814409 0.09084384793281676
0 0.13005156214599584 0.4912524629844966 0.10450912058574668 0.09360790252860855
0 0.22467885258228396 0.32428381091731334 0.09085954301252838 0.08186936613141409
1 0.34541348474600225 0.14089841686969454 0.08641602205615717 0.09865634793281672
0 0.24380661618660276 0.37427331893687776 0.09743799374773357 0.08539488433001133
1 0.3813134669157643 0.1660078408361029 0.10442464889417025 0.1075702729789593
0 0.15095300497925568 0.5767486744278336 0.1361673249969781 0.11426036397194572
0 0.26215548879869666 0.4391566417312669 0.13616732499697815 0.11426036397194572
1 0.15310680682029065 0.6759872108250283 0.19134278308423575 0.15193963911037328
0 0.41471255074124896 0.23736120912698527 0.09406429668855462 0.09759449568106335