1 0.5000261773154099 0.13786745806808778 0.11695223734881743 0.11540791868236293
0 0.45463076662954716 0.2787646307288153 0.09972837468172653 0.11208292401336299
1 0.5699846886537279 0.10195777741086007 0.11369996801399936 0.10443405601527203
1 0.28173378055382337 0.8346408187062254 0.1924431333545445 0.15846812269254434
0 0.6575665046546824 0.09594468208940499 0.112046561346272 0.09660337468172657
1 0.3501479732256868 0.7971504567154523 0.16896927068745357 0.15507040268936248
1 0.42394000922982294 0.7675362293920882 0.2287624413589988 0.19169879336408932
0 0.7583204826543642 0.09946112810308616 0.10715906667727211 0.07936133068109026
0 0.5301990998965957 0.7679913100731784 0.24898403469127145 0.1841226507001803
0 0.5972871499045498 0.7101702667488599 0.256814716024817 0.18577605736790748
1 0.7488860125716407 0.708808856102768 0.3029453760343621 0.25661581604072553
0 0.8356785825907307 0.5691747387809947 0.27465674403245294 0.24222605203690736
1 0.8911120646085482 0.4385519947883125 0.21046697469763495 0.2305431173615442
0 0.974651817950366 0.37701560546622115 0.043714732017817684 0.13174089600572697
1 0.16454156862668365 0.2964857433561353 0.06942270934118144 0.05861247867599957
1 0.16100748862191114 0.3316056306890444 0.05837612133990877 0.04911020934118149
1 0.1472989772835932 0.3681698393539081 0.06308180267345423 0.050727253341817755
1 0.1381416059436844 0.4165073420194082 0.05377952800763599 0.056868165340545174
1 0.14706207260504828 0.4556789300206809 0.06161020934118144 0.05852157200827222
1 0.25151485729631984 0.2756198073679075 0.07596361067790855 0.08368520401018138
1 0.15729050059677593 0.516743699355499 0.08228633601209037 0.09000792934436319
0 0.2932938246340015 0.2440703627068618 0.053761346674090583 0.05530566534054513
0 0.3247438193030014 0.22724648937777067 0.06482611600890867 0.06637043467536322
0 0.27560579061904766 0.35403570870463463 0.08388519867918127 0.09315111067790856
1 0.16926269458150392 0.6293982406906353 0.09643974267981759 0.09798406134627217
1 0.37756937464195567 0.18644931405154308 0.10752269334818117 0.11061133068109026
0 0.31712112862032027 0.3451425140435889 0.07285679201145409 0.08521134134309047
1 0.36615861262732 0.2941436353834977 0.1360658640197264 0.14687609468490823
1 0.44030573197804646 0.16686406739336088 0.09954656134627218 0.09645792401336299