1 0.1947445926430894 0.35664529494335334 0.06470239546082905 0.11029551285158128
1 0.12926592558271394 0.38591364228161507 0.06810021397248334 0.11823534684397004
1 0.68181800670824 0.3469692756288004 0.12226192431676956 0.15008752471457934
1 0.6234896407363236 0.4017642049822845 0.128730179126093 0.15659219269935692
0 0.9229712855641805 0.3746963917129613 0.07783731252120454 0.08430601581733085
0 0.09715531922944447 0.4521580661978916 0.0555803666048885 0.07247717787060921
1 0.5223834977225653 0.4637787267311143 0.14497522721932726 0.2196651956651065
1 0.8548711047088069 0.5081256570360005 0.17286212504240908 0.16931236859279988
0 0.46355662394610064 0.5491060730807928 0.1030406983633867 0.18050985376405232
0 0.3694544490811769 0.6100528433467479 0.11068950725639412 0.17614068874502423
0 0.8225348090626434 0.6127149979484716 0.09344744355406327 0.1738778517868859
0 0.26738600679305796 0.6893185320917722 0.11937502649368784 0.20145902372599628
1 0.1540427586071565 0.7369668063120599 0.15384428493120833 0.2949198636498839
1 0.7367907712210282 0.6889684332334547 0.18890876569391465 0.27138420456235507
1 0.6060616155933982 0.7764432114080752 0.1946131286706061 0.2560138725471326
1 0.3363617292030618 0.8946161857420936 0.16893851687504108 0.19099636760421673
0 0.49490091550073095 0.8865914856283629 0.1389781983633867 0.18197419467652337
1 0.5643055805773718 0.16320838235860222 0.06155754809323426 0.0649193458553869
1 0.5108085583448533 0.17712364372730874 0.04927580290255769 0.07066000988583174
1 0.4704117368379741 0.20771706912646012 0.07783731252120454 0.08430601581733077
1 0.37495539309857634 0.2522894228905124 0.07180556733052787 0.09030134783255317
0 0.3243031178708329 0.30285976726302455 0.05730655771188111 0.07722834486680377
0 0.2573983600662846 0.33609803159748053 0.07186013103285874 0.09186384783255316