0 0.6593197540525007 0.3512413147227437 0.1271666756834257 0.12362843182259012
1 0.35346144184694517 0.4206938478933647 0.16204881508027746 0.18542680121764638
0 0.6341256814793527 0.4593408571463984 0.1453889953818516 0.1545913893989356
1 0.2826425109797232 0.5376583362244352 0.19380595447712917 0.24697007909743326
0 0.5774471630532417 0.558575711538545 0.18773232026407385 0.19528003333979882
1 0.19334698218601973 0.6499672754638912 0.20257536173444396 0.25854530788560626
1 0.1072940305836126 0.7971613977338852 0.20339556795499952 0.26792030788560606
0 0.5242265438259273 0.7352021133553162 0.22579824825657369 0.24027354000775886
1 0.07709443147935263 0.9076210524255943 0.15418886295870526 0.18475789514881136
0 0.42863249688893673 0.872918684552596 0.26452855758740695 0.25416263089480784
1 0.2366613784636113 0.12790095682743932 0.07999914976444433 0.08099465060882319
1 0.27429772846282585 0.9476239122777528 0.18919778397749978 0.10475217544449436
1 0.19807804062189846 0.18218997303829682 0.08652255183796283 0.08462983363936134
1 0.6171396903863428 0.14086205305381413 0.08122945909527761 0.09505715060882318
0 0.16689709966990784 0.241804218037327 0.08876855702175912 0.09256987939699586
1 0.5726576670592595 0.17263834047649895 0.09027226842611107 0.10975737939699584
1 0.08450497323254681 0.275206907276783 0.07687414976444432 0.08073955909355401
1 0.5264080921770373 0.20663083214154923 0.10556507775694417 0.12496779121570664
1 0.04615608124379693 0.33580969636645774 0.08224515494824058 0.08893469636645772
1 0.7249528989159726 0.21260912048231795 0.13661958812453676 0.1430161606107628
1 0.48228765381694494 0.26125468820068587 0.13867010367592555 0.16645366061076283
1 0.418938761828195 0.319816745168208 0.15531079952888863 0.16160666394474274
1 0.023751983882963297 0.3953761439408634 0.047503967765926594 0.0907522878817268
1 0.6866627955228708 0.29052695532962725 0.14993979434509228 0.15341152667183913