1 0.5287295738601353 0.02474632230376179 0.21995914772027056 0.04949264460752358
0 0.46989994813518904 0.05645290105296463 0.23196224025173778 0.11290580210592926
0 0.7701165421397708 0.874705679355445 0.17817346680652085 0.0827719363752422
0 0.9622426587179327 0.2882709901084723 0.07551468256413471 0.12280845373324985
1 0.4301522091328511 0.1223315246649582 0.35085579544054096 0.2361404623484419
0 0.37783453776687115 0.26401172696234276 0.23229412697434607 0.16343346815571513
1 0.3434613829976308 0.3720677385130773 0.3701977912913561 0.24614452303765724
1 0.26848838424703064 0.5684151517868503 0.32585579544054105 0.2332183814294881
0 0.9531529238647796 0.42663341062538385 0.09369415227044087 0.13703329476707288
0 0.9315631890116267 0.5648943716017722 0.13687362197674666 0.15105521671984973
0 0.8953543857971695 0.6869520088704395 0.20929122840566095 0.17262583809828058
0 0.8581833819719457 0.7887478759093682 0.2520146311235309 0.15799515890236507