1 0.43889639868663216 0.7913013243611619 0.11947369629109836 0.08763446485439826
1 0.431840815240404 0.7159176226083404 0.10730124491161738 0.092349657843112
1 0.44718693351234123 0.8606268769903942 0.11363977611928178 0.06518391222516584
1 0.4446064088633975 0.633652982248859 0.1537668091359686 0.09029268413543576
1 0.4516985345985664 0.54681061382194 0.15228619629109835 0.09166333325902479
1 0.46586285391130033 0.4616128243388693 0.14208568068726618 0.10438287712414933
1 0.48339783468942354 0.38148623660862035 0.14126680913596862 0.08875787712414933
1 0.5371369041136991 0.9477411751929875 0.16067190637700648 0.10356008764107898
1 0.5443153182926218 0.9908395437536619 0.14430992198083886 0.0183209124926762
1 0.4965728640880657 0.307034096249139 0.12473440637700647 0.09914751748363067
1 0.5530883734718615 0.7781545392155602 0.19718261646291496 0.11891015779852694
0 0.5956244335123413 0.8788527102494191 0.13846935775648764 0.09462417537132772
0 0.6374047405006033 0.6837172146091806 0.18575379353213642 0.10819220166365148
1 0.6274654172311405 0.44962999092379674 0.21445200361804453 0.12258301743904561
0 0.657003510288307 0.5689140040699586 0.1742364393936935 0.12540739465236506
0 0.6529390507682257 0.35805858301380705 0.184600729307785 0.11581285078724068
1 0.6438871981001206 0.20015015757560167 0.215850729307785 0.1196498683154564
1 0.6455072518090222 0.12738413564303946 0.2201287935321364 0.11241292094468883
1 0.6573189343053107 0.26389718827227177 0.1898614393936935 0.1273259034164731
1 0.30999014868663216 0.7754736270572719 0.07704053482570909 0.07776699119130707
0 0.3168299689038772 0.7134394077539419 0.08691350180902227 0.05879744732618271
0 0.31330882123329784 0.6462519077539419 0.06701043758467104 0.06411588593284243
1 0.317763947872978 0.5831486621359959 0.08477114767057933 0.0771637455733611
1 0.3109673139972086 0.4534611621359959 0.06775406603337357 0.04868273680925306
0 0.3151502029613607 0.5036530130124067 0.06232293758467104 0.06354033330360984
1 0.3321186177061103 0.3830932761585685 0.08724105042954129 0.06504744732618253
1 0.4301499197175313 0.9206328155970539 0.10384869629109836 0.08571595609029074