0 0.7029319952835581 0.5764438281802048 0.07113328943848547 0.07872580872560757
0 0.7089999908123341 0.7487544890025366 0.06255338593284243 0.07142414513490661
1 0.6527116052138797 0.022431617194293995 0.0971479297979668 0.04486323438858799
0 0.6597942411021369 0.1669035809485739 0.08245449119130707 0.08332313775258889
0 0.6674612760025208 0.5462754825430085 0.09125393856207467 0.07989763406142991
1 0.6332060481580083 0.09265474084811601 0.11134689469695011 0.09335912667911228
1 0.6488092014853113 0.4590458961337095 0.1373595350118464 0.16754778657865438
0 0.6125533859328424 0.006295780784994942 0.0565229297979668 0.012591561569989885
1 0.65054370573361 0.7383577168555833 0.17409213150620334 0.16634577181401902
0 0.5593996929218361 0.04779279772814413 0.09517403505643145 0.07427863221585058
1 0.5359226534833507 0.013161634560831465 0.12521754382053948 0.02632326912166293
0 0.5311430743165768 0.425647185480733 0.14914751748363067 0.13840111376005632
0 0.535179789081805 0.7237090062026068 0.103287157843112 0.11532429765213088
1 0.4597635480465456 0.3423387451291303 0.2913884034164731 0.22055222752011244
0 0.47102236366589223 0.686283983132864 0.09506326310157683 0.1234373013432899
0 0.3372744560011204 0.23732045268080332 0.1836866753713277 0.15688060084100022
1 0.3561242277107573 0.6818966888389577 0.26200152620315353 0.25654990772102837
1 0.308494824494917 0.09348028170778466 0.1954192718656847 0.15231326258612174
0 0.21174728919326763 0.5409108062901727 0.19550035078724068 0.20303443171356098
0 0.846879846293724 0.2870512310303634 0.04602451752821572 0.03692898338978505
1 0.830609061170415 0.36151030452060645 0.10114910521387976 0.11042646493399078
1 0.8042008726529254 0.2046443017522373 0.08226264031489627 0.08176063775258893
0 0.8035145480688382 0.25079813262479805 0.043091368404626705 0.038070817953504664
0 0.7762241840016805 0.3195931187829523 0.06019578943848547 0.07725347969862621
1 0.7746418373735684 0.5977631049411066 0.11241492098927389 0.13960312852469164
0 0.7494985261362759 0.2636285277597047 0.08056367541591278 0.055408470470729124
1 0.726103565641639 0.20245060494110656 0.10605614907900414 0.10033029580655155
1 0.7108514209669814 0.07823185494110656 0.09536588593284243 0.07584113221585058