1 0.25706978941619296 0.13467711531217025 0.22902686836004146 0.13934876879593133
0 0.2833702060457054 0.21029886864615013 0.11899523680925306 0.07468074879205204
0 0.5530803066323133 0.806965929865736 0.13683936836004146 0.13182356909549364
0 0.3643631227866805 0.06996052425594312 0.12212023680925314 0.07493584030732107
0 0.65257198643028 0.8676799024449909 0.15610953501184638 0.16278652667183913
0 0.7828201925428631 0.9247757634205085 0.1551225876410788 0.15044847315898302
0 0.6586015963606016 0.31208334881144867 0.21408619289954345 0.18144067394668237
0 0.8993629074418464 0.9568307187258899 0.12497030696670137 0.08633856254822021
0 0.734879320112863 0.18373482139070352 0.23640028062979254 0.16160640606883492
0 0.7682693727866805 0.10293110260447051 0.21466374557336093 0.09795849425012411
1 0.2579903505643154 0.639795307885606 0.10443826310157682 0.11989765394280312
1 0.18126969281037347 0.35510157242947366 0.1031506929441286 0.0842152454580722
1 0.33626466193536314 0.7103786169791602 0.11614316660721986 0.12704047424624482
0 0.1925375086303527 0.29569462152108805 0.0705577368092531 0.0707268303053814
0 0.21619555251776973 0.24271301379496152 0.07099682453950207 0.04910692182065048
0 0.2626710042260062 0.3377702933417385 0.07741098242719921 0.06355205909355402
0 0.2124000744726245 0.1929043324314133 0.090706078921556 0.05844997091226491
1 0.4595360040030809 0.7946894572864813 0.15260083325902496 0.15940643515657005
0 0.27651596040546683 0.26155847970625656 0.10901699119130707 0.08160042848861027