0 0.5974200133913797 0.5236839844021284 0.0937756929441285 0.08394435598499986
0 0.5105172588755705 0.2539197056084249 0.07719143856207467 0.07476484561740726
1 0.6141565792113589 0.5867403504718969 0.15443826310157682 0.12480309330833314
0 0.5223329343360684 0.2991734170127767 0.06647348242719922 0.06300713939685174
0 0.5540922545603941 0.40065729604203587 0.08557949119130707 0.0801358508012036
0 0.5945037108290249 0.6631955437329617 0.11131920170823655 0.10093636635259244
0 0.5940804696377178 0.7373848994351376 0.11463605258464735 0.1027722684261109
1 0.6363807416371576 0.8816420388319894 0.1854133332590248 0.16306451093324056
0 0.6121876845812863 0.8021404665416654 0.12809530696670118 0.11167837672018485
1 0.3995500658422718 0.14155782370444364 0.07565663155078842 0.06226484561740726
1 0.39728939480841285 0.17926287525958254 0.08149523680925305 0.07204994872768503
1 0.40850182465096474 0.2165673856271751 0.07486153505643163 0.06837814458064803
1 0.4546401142009128 0.37458422865268426 0.11833660521387976 0.10773317049962942
1 0.41822098696530086 0.2853269475499065 0.1253540087195228 0.11452997464666641
1 0.4804520572565041 0.5245056076819434 0.17686112274209545 0.14376770678620332
0 0.45265437300960587 0.4486368833181009 0.11677410521387972 0.10759646946287016
1 0.4841140704695436 0.6361655690862953 0.19635083325902497 0.1640214181905552
0 0.4816625485815663 0.7204428242700915 0.18291927186568468 0.14275201093324058
0 0.49227273282846473 0.7948078372295821 0.16515621923645227 0.13656079952888867
1 0.5038293249853527 0.9000517032993507 0.18541333325902495 0.16306451093324056
0 0.49618298291763485 0.9669645629126151 0.09514634206771788 0.06607087417476976
0 0.4986375048724896 0.997438093873981 0.07409413155078841 0.005123812252038107
0 0.6568048597965663 0.35515815980273013 0.03703321928103733 0.03724572177194441
0 0.6687026142009128 0.39331227068870234 0.041720719281037336 0.03765582488222208
0 0.6929095177511411 0.4791321934974059 0.042296271910269564 0.042343324882222075
0 0.6412203992573444 0.3277364973616191 0.02669896489898349 0.028613015551388798
0 0.6279658422237656 0.2942015359572673 0.02982396489898349 0.028886417624907335
0 0.697680096717282 0.5174523997179616 0.04248812278668055 0.043905824882222076
0 0.7064805441103423 0.5679698095671745 0.04736747366309117 0.04587842799249984
0 0.7123339958854563 0.6103329668244892 0.04736747366309117 0.04587842799249984
0 0.7146787459077489 0.6555477220082855 0.057893578921556 0.056073634213055355
0 0.7168454915479876 0.7086433277104615 0.055947377168734394 0.05281193317629622
0 0.7203551933231017 0.7508014334126374 0.048929973663091174 0.046015129029259326
0 0.7279768424689834 0.798057142225091 0.05243867541591278 0.049413531102777596
1 0.6194166317737138 0.44743384269620246 0.15561706134875522 0.12181479434509228
1 0.7375862328507573 0.8612796036294428 0.10605614907900432 0.09583876324231469
1 0.5567910133022096 0.3400909429317581 0.10506920170823655 0.10038956220555537