0 0.21567516112448654 0.16065674063022609 0.18810305674305985 0.1291976623713949
0 0.5735937142396367 0.937870243066113 0.1190348079967011 0.11786018657189175
0 0.605742287675744 0.7997526195295461 0.1707624440483629 0.17752607806243947
0 0.6299312600956368 0.559227613479422 0.24858121865896923 0.27483741529826117
0 0.6314101582214926 0.29356625204310344 0.26604150329870535 0.2843124092481369
1 0.6051983138691959 0.0933798996819713 0.24897837226160835 0.18110559601642034
1 0.2435461645562058 0.8140544514026147 0.17179609514371963 0.1056692587805987
1 0.22456649551416047 0.7412754815550399 0.1909552721033238 0.11984084308955403
1 0.27469321298599547 0.9251919393023662 0.13329588479802065 0.07107609016268768
1 0.2899401282671171 0.9640243868547588 0.127136813011266 0.07195122629048249
1 0.271506028504544 0.8736021682251274 0.15415395407749283 0.08994426483072289
1 0.32043997050784284 0.9898897226762452 0.1303239974927175 0.020220554647509558
0 0.24524035985821002 0.6484112706844554 0.15465405925034234 0.10713176483072288
1 0.16396424544765348 0.27287493949875796 0.25223976458147634 0.1858112767345796
0 0.2447295459890142 0.5585493399662962 0.17546666442319178 0.12443743949875792
0 0.2294431782797524 0.46625730083688055 0.17757473370266402 0.14319652985783762
0 0.21298075547678336 0.36067492134838536 0.19347251834240006 0.15266243344863373