1 0.31138493972177006 0.5395555596460537 0.16018426170486819 0.16980769780928676
1 0.08811346129087431 0.6210853898125857 0.05915947003338249 0.07806281551854859
1 0.1099763633385034 0.6373014231986804 0.09335523392387772 0.10865959765100204
1 0.13644924528375105 0.6528725989046433 0.12678789474292937 0.11586434389007856
1 0.4315957237146467 0.5734341176427549 0.23839171419540559 0.2671206185006845
1 0.17890448285997862 0.7117535054102764 0.16769877924771331 0.1513304824490227
1 0.6108774762741831 0.5981255437444292 0.289595741976396 0.3278140775927424
1 0.23997887613618513 0.738458409408627 0.2190820431382085 0.18242736975432586
1 0.9627484740596415 0.5048268024534107 0.07450305188071696 0.2235404515702104
0 0.3891250384219596 0.834220713050837 0.2919334430002106 0.3315585738983258
1 0.5092462043600839 0.8763615746897486 0.3612090533763539 0.24727685062050292
0 0.25148767910971537 0.30489340314042074 0.07462942982861956 0.07695495658477532
1 0.3064973574716121 0.29403011097883724 0.0907074524905374 0.09767663354437942
1 0.5145253874382296 0.22374165769276724 0.09867499269530029 0.09946645407749281
1 0.36572941521922014 0.2786157111371218 0.10523507310482608 0.1027733105039836
1 0.42846802450254995 0.2749882574553404 0.11897539474292937 0.11563702335696498
0 0.5783492781548999 0.23105170401098585 0.08712942982861946 0.07731866943775675
0 0.6280331487691886 0.23717132336960028 0.0724467690095679 0.07065949247815259
0 0.5003248775739936 0.3004489102000497 0.0985199524905374 0.09790395407749282
0 0.566027397676375 0.3031396526782023 0.10226511330958896 0.10424488229073817
1 0.6185382858335088 0.2906456643566848 0.1303538194524762 0.1518018438900784
1 0.708924676550179 0.298728600487489 0.1198935380191358 0.14059155925034225
0 0.2311366520765435 0.555137444048363 0.13739111842866167 0.14421666442319178