0 0.3582994798340734 0.2583688482235357 0.12150975430759595 0.12220894789030412
0 0.5468343714741485 0.34049633581753885 0.13015423407785748 0.1163955955329393
1 0.4735693570197773 0.32914576695861997 0.18589693637524216 0.1811516083532209
1 0.28375605497765993 0.2579557793646168 0.12260553465220365 0.1315839478903042
0 0.20647317925972727 0.28098021050569794 0.12646105488194212 0.13797949710451593
0 0.3921671604977601 0.374117972706807 0.15760959534141908 0.15186221463952715
1 0.1191253685705119 0.3036964265929672 0.13581576585833055 0.1648330955329393
1 0.29507908969367547 0.40039583643671134 0.18699271671984974 0.19052660835322083
1 0.7718749206764411 0.6221657510379666 0.19096998551372285 0.15807798138875012
1 0.17542608391830822 0.4269476819696507 0.203957008615192 0.24259853060296183
0 0.033832164055517505 0.373505966501554 0.06766432811103501 0.10996150496239868
0 0.08082891261965217 0.5066052568244256 0.16165782523930433 0.22951633374611508
1 0.6237925218570395 0.7324033918561762 0.24531252884493035 0.2507406703877141
0 0.02865257230376179 0.5319006633584008 0.05730514460752358 0.23619867328319835
0 0.5131289525207261 0.8548841674967391 0.23228492769623815 0.219054022745079
1 0.36949055657305496 0.8872151321362665 0.20712258666241512 0.1899101782455971
0 0.5382406358966139 0.22123906762057377 0.09350650287173075 0.08205482878371625
0 0.48130070092533106 0.22311409077993755 0.11233767338864223 0.09691784946188076
1 0.6184963078812966 0.29908577771198697 0.1573457947670729 0.136309989246633
0 0.4290076806955926 0.23176565281443082 0.09468345373324993 0.10541955417661042
0 0.6649756070197773 0.3202308775881525 0.07788150287173075 0.0813270827126578