0 0.6562560576119978 0.25633913217708076 0.11812693843583925 0.10012036831702939
0 0.6948128739595054 0.48424432429869047 0.10537722920121517 0.11336382096198286
1 0.6628113232108339 0.41070040848544 0.1730863702161482 0.15615753669052862
1 0.6136816709648196 0.1873385031955333 0.12706434151404727 0.09597889988706054
0 0.5527429594424201 0.1319754399848839 0.13687693843583926 0.1012124314570916
0 0.5800186227117197 0.36525067156903246 0.14462761688838305 0.13429794724210709
1 0.48524150561554064 0.06521214519008603 0.1676893415140473 0.0983450366905286
1 0.5058295719630482 0.29416389782092195 0.18514877329435625 0.1521980787839034
1 0.5929980341088358 0.882923289956649 0.1420242579033161 0.17299642619541977
1 0.41773378660541705 0.20032216353535034 0.2457945420131616 0.15262228398910552
0 0.3744696707570237 0.02824021462488936 0.11037625998329555 0.05648042924977872
0 0.29168060482510805 0.15425007131491864 0.23354425124778572 0.13792274715740255
1 0.42059028182106034 0.8199135976938651 0.2440663768716785 0.2006957629424182
0 0.21114761023285267 0.07410681598265963 0.24462761688838305 0.1401222839891055
0 0.2608605174700099 0.8001533764918858 0.20798301123108126 0.19704014192396563
1 0.15724357570640538 0.6915056895613609 0.1748367579033161 0.1749075366905286
0 0.7865195434687433 0.397996740182528 0.07589741638926881 0.08056673151356133
0 0.7533621788681357 0.34572858489262126 0.08687693843583943 0.09830026308359248
1 0.7692096118962304 0.5238990875234573 0.12489857945077229 0.13936487884037305
0 0.716392508111112 0.3031084453877301 0.1065639538268794 0.07613683674699834
0 0.7768774577780325 0.5807938296309494 0.08039702870210093 0.06218075256024882