0 0.5984329958379468 0.24456717427045555 0.11724566162790709 0.10489887357870128
0 0.6276839975359898 0.4561270295744797 0.1086716980251019 0.11685284200867016
1 0.6000584477205599 0.3892426374387526 0.17231269586563336 0.16258954721387225
1 0.5610819925987444 0.18369756370475954 0.12652053207825792 0.10388240514873237
0 0.5048110086378733 0.13871826364828982 0.13297079117755645 0.10737142619541977
0 0.5235553069121437 0.356338403153181 0.14434838217054297 0.13916745776545084
1 0.4429408667497229 0.08394673463850746 0.16275842072720578 0.1106630261671849
1 0.4549543036729412 0.29728889782092194 0.18304993676633483 0.16010158404557523
1 0.5187772578719062 0.8438538137047595 0.146551232262828 0.1735424577654509
1 0.3743236698043552 0.21948168721287367 0.23793769586563354 0.16641176820408993
0 0.33967496684200793 0.05571458980135728 0.10753070018457009 0.07475634727034204
0 0.2571454642211143 0.1897248397307701 0.22619915946843888 0.153274731372387
1 0.35703752391103516 0.8050173688111396 0.24084145280546387 0.21172426820408993
0 0.18274504395533372 0.1240081054451985 0.23733691856773756 0.15703676820409
0 0.2052945512089311 0.8045153818241448 0.20762843460686647 0.20356315770898128
1 0.10520251851236433 0.7146099896178306 0.18611438001107464 0.18363008930724725
0 0.7177163170911764 0.3629314954441999 0.07698160703211539 0.08387374203690508
0 0.6879077035806562 0.3179676059393087 0.09058303207825791 0.1017892841302798
1 0.6966750269933542 0.4847987901684106 0.1273611412698415 0.14129139988706055
0 0.6544233775470645 0.2817794769577612 0.10324371838316751 0.0807333314853265
0 0.7026456223052773 0.5373777585983796 0.07890505243632351 0.06530575256024881