0 0.6428528943373755 0.6025742538794697 0.09753427956950453 0.09110352205615727
0 0.625509074859284 0.7746533560850855 0.07783820967712848 0.06882031764492566
0 0.6288844778786027 0.8357152046146747 0.0713698858558109 0.06347591617451513
0 0.5425169081911143 0.4700736915602491 0.15418669396136267 0.13903890992224888
0 0.5488181422704608 0.8021495364138124 0.09011988585581072 0.06544662058574673
0 0.5295822988044361 0.7310933042440505 0.09535534946188076 0.111087571320952
0 0.4508260219210188 0.3856423016678102 0.17806084160399788 0.15087729043628811
0 0.4500960060003652 0.7184571606755854 0.14826202564056318 0.11198373381944098
0 0.3785764944184288 0.2843964573641399 0.1850385876750565 0.16715919190669865
1 0.32208039950466194 0.16205922206824466 0.2080394400324213 0.1602475724207379
1 0.25608087200207197 0.06015647629416385 0.17660534946188075 0.11962729043628814
0 0.3346379799455173 0.676949925929583 0.18064218610347993 0.17291651580389064
1 0.22112559760436312 0.6103605784997795 0.2309332845319033 0.18442172756717454
0 0.10058638916557976 0.4915471115840154 0.2011727783311595 0.20753077683196933
0 0.07261124648534334 0.3401441189360677 0.14522249297068668 0.17283676212786458
0 0.0418920934660247 0.21008121433952404 0.0837841869320494 0.14546257132095192
1 0.8783902497951122 0.30260963899609644 0.05047518899896417 0.04884098639568117
1 0.8639853014905233 0.2613652553559239 0.06809933664159899 0.060022465439310044
1 0.8782895882987383 0.4549956248418846 0.07387845574818712 0.08395264154211794
1 0.8450020150965931 0.21826979781855932 0.05708906203449331 0.05731038786609164
1 0.8237477533097689 0.1738581783325986 0.058360463606069855 0.05122461323369434
0 0.841373939208361 0.4130075090319501 0.05708906203449331 0.05731038786609166
0 0.828022068654031 0.382536400024175 0.05196491439185813 0.04744271176328389
1 0.8223564195636539 0.3372637768621881 0.08674232878371627 0.09307894448293882
0 0.7891394669158387 0.13240497447126015 0.03848461124870504 0.05846468345486029
1 0.7608903424325674 0.08795111913951123 0.07783820967712848 0.06882031764492573
0 0.7860957419372294 0.2812131610522536 0.07158820967712849 0.06816341617451523
1 0.7714917404894873 0.22755089009588242 0.07842040653397539 0.08132031764492569
1 0.7301883060386373 0.04608735185916623 0.06341183664159918 0.05952978933650216
1 0.7387563232021451 0.16257807355074266 0.09099318114108108 0.08419662058574669
0 0.6765025339127307 0.017651141093946637 0.0424443651776464 0.035302282187893275
1 0.744941933212505 0.5972862423014982 0.10661818114108108 0.08583887426177288
0 0.7541306885891885 0.6670661893606772 0.06348461124870504 0.06109228933650215
0 0.6766951248975561 0.12634256362245005 0.07976458271265763 0.07679704301252835
1 0.6522987464853433 0.0659352575554959 0.07783820967712848 0.06882031764492576
1 0.6091523680731307 0.0235855517544226 0.08921235731976367 0.0471711035088452
0 0.6940643298216828 0.6881505033295767 0.06304796360606986 0.051717289336502145
1 0.6536513072814916 0.5042611024090592 0.12511562406898663 0.11577035330540184