1 0.8717969264492573 0.8380115484655548 0.13847119815896497 0.11265808517078924
1 0.49550480716674017 0.13761463147196124 0.15902295918704362 0.16126730287454394
0 0.4284744555110175 0.17573098003468926 0.09217334595334922 0.09825385382990026
0 0.3586053187447117 0.2235700241714786 0.12514535330540166 0.1327988674670344
1 0.5060079273758186 0.5387469851792639 0.2590135231559431 0.23104760909707256
0 0.28026206249244534 0.2936326159156396 0.16765658602505668 0.16994691172642132
1 0.4573826119304648 0.6785116925938693 0.3252062349192269 0.2878110581417161
1 0.43659136358014383 0.8406691092196702 0.34140838271361124 0.2803436976158465
0 0.196032415797847 0.40319296615236 0.20062859337710912 0.20449192536355537
1 0.44747011467992975 0.9238591259595939 0.31214324117149345 0.1522817480808122
0 0.1667717659771155 0.5582332739262834 0.23097299484751957 0.2140369390006894
1 0.8906035426358601 0.488004732199072 0.10294662058574673 0.09790530622252866
1 0.8985708319723622 0.5491156539694474 0.0991647191153362 0.09130846268177777
1 0.9037016952060565 0.6052789430842598 0.10952507132095164 0.10172399330403045
1 0.8742369431797095 0.7510309617433709 0.12547852205615725 0.1065832110077853