0 0.5249213859242012 0.24641863718714996 0.13662979065319442 0.11178927225229103
0 0.4745596696435415 0.16707201649472844 0.10825021751493065 0.09773018038553243
0 0.3552135236513541 0.02592963504395417 0.11439111474138901 0.05185927008790834
1 0.6280911391552424 0.7352346370645524 0.1677719943004167 0.17758428588942507
0 0.38064797511437487 0.08398745537282029 0.13514002583555565 0.11474085048191558
1 0.45305738440558974 0.6221922188873569 0.24953244699770855 0.27549129617857454
0 0.3003707551309023 0.5199164350397167 0.2518950340036808 0.31003971794894997
1 0.17010398651354128 0.4252822855216324 0.29691659327423636 0.30256894928983885
0 0.09827253941892354 0.2584322566959695 0.19654507883784708 0.2643854866080611
1 0.10219697321451382 0.2603424522700307 0.20439394642902764 0.2730650954599385
0 0.8366751970946178 0.27727257222686674 0.048038762917777686 0.055202653111264335
0 0.8504824707459718 0.3201563154082997 0.04636716014423605 0.05034173134088889
0 0.8126571220564927 0.23785982055287436 0.05592399810013893 0.05919476196314175
0 0.8587846268061454 0.36520953478604684 0.04138871941479181 0.037321466029762364
0 0.7918367822007288 0.19497522533813103 0.05450696846486132 0.06527134019276622
0 0.7536834719802428 0.16024826959751798 0.060611498100139015 0.05971502727426818
0 0.7213080362847915 0.11163308766059074 0.054397865691319505 0.06058384019276621
1 0.8562564260087147 0.5073103239008591 0.08099673328250034 0.06509451028914945
0 0.6911308802246179 0.0690077730681003 0.051236498100139014 0.058674496652015275
1 0.86466768484243 0.5476760432786062 0.08419446846486096 0.06856635382990035
0 0.8256974102411453 0.4810912593083686 0.06355466014423605 0.05224937081501917
0 0.6514696213909027 0.03358788402306161 0.07020470364722228 0.06717576804612321
0 0.6093736935792361 0.013490457169410247 0.048038762917777866 0.026980914338820494
1 0.845261761780416 0.6448961827527364 0.09037173328249999 0.06613504091140214
0 0.6768293780404164 0.21475297546072863 0.09727634992375016 0.09495372799290411
1 0.8200987608304855 0.6211951419639318 0.08263196846486132 0.06839293205952472
1 0.7459748490707288 0.42448419136789345 0.15875936379145833 0.1251546770375477
1 0.685457536000451 0.3127577730681003 0.1620662017473613 0.13331402057829872
0 0.7672296403895134 0.5491399039270736 0.08906380642076392 0.07689911914102669
0 0.7832351936761451 0.5980135144529433 0.08728310087368066 0.06735069737065125
0 0.7393053153513884 0.5101607066790199 0.10948540919430556 0.08384110215590787
0 0.5979789858479512 0.1541529466350657 0.0989479526972918 0.09981464976327961
1 0.5278691204409721 0.047293316082586426 0.14844011284152786 0.09458663216517285