0 0.4108690887745217 0.45817415581814763 0.18525229043628816 0.18454371120744356
0 0.30785877497884684 0.7611546780139645 0.14241260698142783 0.14564623195336796
0 0.47876044410627056 0.43309256806056523 0.19939454411231433 0.20111590456874776
0 0.3563125617391088 0.9198318610023065 0.12177637426177287 0.11153134108157481
0 0.4644162209382399 0.6505634879766526 0.2057242977883405 0.21709610207923688
0 0.5772003031140457 0.42582636495099874 0.21789584705313522 0.21491829544054095
0 0.5745724709382399 0.6589106294731458 0.2441251783023798 0.24325678299298642
0 0.6942282957619934 0.40369310105355155 0.22102084705313524 0.215155093780867
0 0.6744504814164255 0.6579536259486609 0.2602381363896374 0.27857897635429046
0 0.8133558330721483 0.622752599603659 0.34912697499093426 0.3426666323729307
0 0.24756447499093434 0.3349706863123343 0.06520264154211794 0.07469326929603186
0 0.2819019571606964 0.3150968168111653 0.07005436690972049 0.07661096680652105
0 0.3217480661684715 0.30339064482048544 0.08493799374773356 0.08548905933798814
1 0.34461785440518766 0.2555218298834199 0.11947250109978595 0.11910704274124866
0 0.26812544575594954 0.5822125392167636 0.12777767720259386 0.1243865385920639
0 0.40169369925875104 0.2381459983496148 0.09982162058574673 0.0943671518694554
0 0.4429803187447117 0.21802367511417947 0.11034619815896499 0.10601504689043358