0 0.49123367311249255 0.26278670024536843 0.1073698439616777 0.15408629396097206
0 0.7417449282008752 0.30818996718851766 0.08197369629109837 0.08395413590700951
0 0.40563368781181364 0.3123207506658686 0.11517569990914293 0.1846151248335329
1 0.21422079375927897 0.30860934135618195 0.131858588873295 0.23650811929679455
0 0.6772077154014335 0.39988152683691497 0.11198210085908258 0.12367762483353281
1 0.29565782225341 0.39771712549940147 0.16235831637205783 0.28560660822331785
0 0.6155155416115724 0.5260983383308917 0.13311347241038013 0.14203695016935533
1 0.5773493990293758 0.6770748263346253 0.2424751843053107 0.21571457500288815
1 0.7261796404344901 0.029703389341247194 0.05294793758467105 0.05940677868249439
0 0.6555772133652686 0.028111593867629965 0.028282130257724702 0.03638815620838322
0 0.6267528505203984 0.030440249153223457 0.03666784034363317 0.04837731979908416
1 0.566190486771017 0.061089142442550634 0.09142393939369349 0.1162557994977104
0 0.6000741638402385 0.06583682264346649 0.0385578889641522 0.05483765251722435
0 0.6843329771600786 0.0862997731457561 0.047769114653892684 0.052974648826065486
1 0.8388633469023539 0.09807900133173719 0.07326043758467123 0.06571497231630849
0 0.4945301707376434 0.11107394839978904 0.06955558344622795 0.08383397416188795
0 0.6538299276350484 0.12065967843134959 0.05960737336031983 0.0716344778530468
1 0.831019869403591 0.14412766584522785 0.07942855042954129 0.06499380318886927
0 0.616336571687583 0.15518483094857394 0.06314180913596842 0.07986764328932719
1 0.8173767712580418 0.18242391123127927 0.08337242198083886 0.08103946862514962
0 0.42825671754914013 0.1618850898435368 0.08344766508343379 0.11207913590700942
0 0.5653572478522934 0.19540406156998988 0.08344766508343397 0.11207913590700946
1 0.34623211160167483 0.2024047248277565 0.10457239258219672 0.15991562852469168
0 0.7648382694490194 0.23759205821176535 0.0782754862051899 0.07259597047072912