1 0.5561030574315275 0.9215075678883974 0.20250260600488926 0.1569848642232053
1 0.7662077503739093 0.24765309611538386 0.19847156068105357 0.18025905254006228
1 0.4589784667838563 0.8612716620914107 0.23341832969062165 0.2524623683154565
0 0.6380002978833719 0.1377599295081639 0.17287559576674383 0.1400731402703112
1 0.42173633958377205 0.7270479735070436 0.24591832969062163 0.25399717532674265
1 0.3133229422813064 0.5833138200459855 0.4020957419763961 0.3657811577093568
0 0.22274140170263418 0.4170737279782676 0.33276187501445725 0.3047902717765146
0 0.16660633225015795 0.26355217975338174 0.22342316887157 0.24506126305699177
1 0.9393868192799788 0.8449503372843985 0.1212263614400424 0.1390051139779877
0 0.904787448867102 0.7809570697561826 0.10772781433340342 0.12126975433746878
1 0.9059816118717805 0.6529962276438797 0.1391207565857954 0.1421024209892739
0 0.8788995504718227 0.7144964338010478 0.11976269371911456 0.11811706134875521
1 0.8975379696883877 0.5601234030820852 0.17065664109057935 0.179930736764668
1 0.6862072862363325 0.9948407191695747 0.16041188962385675 0.010318561660850633
1 0.6401437811172599 0.9529004560234128 0.177538899862002 0.0941990879531744
0 0.8113569280169018 0.4615642846997511 0.15818083699532118 0.14752963150620335
1 0.7996392946049313 0.35902868382334024 0.17660865863342465 0.162139991146722
1 0.1753331597262381 0.09484271921415975 0.1287913194524762 0.16244261397798757