0 0.7308568808083262 0.4070766990425228 0.0636439614735373 0.05070952870210092
0 0.7140320922818637 0.45027414725386167 0.07089938586552655 0.05910549126449016
0 0.7026991432689924 0.5001591923869924 0.07875806489270935 0.0721889538268794
0 0.7317550420171921 0.36007684442521076 0.06031787659513945 0.04885529742090622
0 0.6833526093777234 0.5477524093171366 0.0769944800143115 0.07048058818628214
0 0.6675563347568414 0.6049394247081767 0.09206240440630076 0.07960587895165805
0 0.6438470176967603 0.6606158618962304 0.10224174391989216 0.08673107279524181
0 0.6198360733190826 0.7139485490842838 0.11146183806867693 0.0983979009982285
0 0.5958482184549962 0.7734583034520389 0.10264391367668786 0.08985607279524181
1 0.660051316638074 0.29472135316072057 0.15166829954221442 0.14691944509136964
0 0.6143746415236276 0.32364740266160624 0.12094556489270936 0.07612732612300714
0 0.5848718576323586 0.37029249292786787 0.16266834733906405 0.11244060149734283
0 0.5614872574034658 0.43448974729562284 0.17284768685265525 0.11956579534092673
0 0.5351243786409546 0.5115306547415857 0.19753787515022517 0.14348291430928944
0 0.5146324196352392 0.5922070919296394 0.19309763905580582 0.15696195174690003
0 0.47078041355513117 0.6652997273290318 0.21164655417740796 0.15714983943406793
1 0.4411838079685877 0.7651946722126054 0.2766981097997302 0.21879686813616886
0 0.2583532068383439 0.06425523377676608 0.17920641367668777 0.09700348918451071
0 0.20333952636624675 0.12858724251227588 0.19939381808298845 0.16989954866869197
1 0.820303718154546 0.5443282013302981 0.0879319800143115 0.07150164767046334
0 0.789648788404906 0.5700254072371571 0.041722782446354856 0.03631327537433578
0 0.7822533632904596 0.6025251649326773 0.0538667917167416 0.046709334858516985
0 0.7726147306152121 0.6355873741673014 0.0573939614735373 0.05012606613971151
0 0.7543048950143572 0.6732431395583415 0.05679070683834375 0.04543856613971151
0 0.7342694691774535 0.7454716923869924 0.06973905562232226 0.06208462562389272
0 0.7426241396567065 0.7084303003320697 0.062483631230333 0.05368866306150366
0 0.7186050108941953 0.7856900062389286 0.0695379707439244 0.06052212562389272