0 0.7819694805454028 0.7366482336269751 0.10685080872560757 0.06995914772027056
1 0.7552580199684394 0.2165259103915398 0.137950457551673 0.1171660344428789
0 0.7513803701435711 0.8023790547878178 0.12070297600746756 0.06946224025173757
0 0.7116581724856639 0.248793036116486 0.10072097047072895 0.08186715186945541
0 0.7271614214868609 0.88096507345915 0.14489163590700932 0.08830732863401991
1 0.6750444895163789 0.28700250852208437 0.153575457551673 0.11835002614450918
0 0.6847483947259592 0.94502665084377 0.128094810571187 0.06692923610255264
1 0.6302276318829163 0.3446956867365415 0.1861174446326171 0.15329371120744356
0 0.5566697714810847 0.40717053071790127 0.22037228288749552 0.1435168921211932
1 0.48057272441880905 0.5197162296782828 0.3080222367480097 0.26615075394869225
1 0.38117333448770646 0.654467892745893 0.3354562570493834 0.2171930356922788
0 0.24786469547939355 0.7843302236549982 0.3060092791963366 0.15928544730999636
0 0.9397974725732297 0.5591538861211304 0.049098488926523486 0.0315585759347277
0 0.9302421306271924 0.5800816927598262 0.05192298523536465 0.04105197510489056
0 0.9266813704765055 0.6053301464940926 0.040354487080944065 0.03553568091374952
0 0.9186434430439586 0.6317859027178698 0.051712652517224456 0.03948947510489056
0 0.9186433437156036 0.6719965056222994 0.05150231979908426 0.03792697510489074
0 0.9082766616691084 0.7098750139206691 0.0739181469804862 0.05509116431700996
0 0.8784694965657621 0.49419081433558765 0.07911648338978523 0.047752260997662076
0 0.8863113913677345 0.7592471292726531 0.06538447785304698 0.06063076929603195
0 0.8556627960634728 0.5775235325920012 0.07995781426234601 0.054002260997662074
0 0.8538299818011268 0.5294412301024901 0.06463331795350484 0.04356166846619498
0 0.8618972047072908 0.8076603958693926 0.06965131241676659 0.057860966806520864
0 0.8438531797919684 0.8689288599766213 0.07935680688002833 0.07251546265733602
0 0.8300466939667484 0.622752599603659 0.10516814698048611 0.05745914772027057
0 0.8314131613361742 0.9143830699346649 0.10069097969862631 0.05866645020978147
0 0.8130393372560757 0.6802332128810507 0.08641814698048611 0.0560383576783142
1 0.8101840555482909 0.962203710069901 0.1419769686251498 0.07559257986019788