1 0.4222827518229037 0.5475725163362503 0.16732813528985152 0.1535276563445141
1 0.4906641979555215 0.7977731912981254 0.1174970786730043 0.12431162860909736
0 0.3428677652539978 0.12566049553468778 0.09530306396889951 0.06144795269729172
1 0.5588063830600607 0.9954982572181947 0.07384570441123159 0.009003485563610525
1 0.3484280639688995 0.06733950246854195 0.12145264154211795 0.07296733415618066
0 0.473812452008216 0.4965561834143406 0.12852376838013094 0.08092530452090294
1 0.38297436635982746 0.025279942248055874 0.13404183124924457 0.029617377659166777
1 0.5597919615598403 0.7510631518792017 0.15811736065745413 0.15487195079743082
1 0.49854039116544957 0.3981557042159032 0.19405486065745414 0.1557084053945835
0 0.6048229646859735 0.7123649810013893 0.1143720786730043 0.12423889342673622
1 0.6722940942734515 0.9912296377271531 0.09687028198444984 0.01754072454569382
1 0.5689866757261396 0.33433089997934073 0.1927457757321834 0.11359364057694457
1 0.6591914499818687 0.651283317057431 0.20235531874471172 0.19019250816812522
1 0.59178614631793 0.21016735457649355 0.2360781352898515 0.1551278303564585
1 0.8187632488699952 0.9669485508633511 0.14283496543931024 0.06610289827329793
1 0.736427364506705 0.5556636521635422 0.28499887536155893 0.22017225531833357
1 0.6652026415421178 0.08562325588701444 0.2929052830842357 0.14709843123013913
1 0.7188297536760262 0.0323177243518756 0.3032845073520523 0.03823257750666691
1 0.831536101742335 0.4335730594579868 0.3369277965153298 0.2767145024685419
0 0.8859034075343427 0.30072549828757017 0.22819318493131452 0.22573127108590302
1 0.9936792297667466 0.9446950102554176 0.01264154046650674 0.06653549620027803
1 0.8998567794082095 0.14563860799496603 0.1691393323490306 0.1411003915268751
1 0.9023812678302381 0.04360398252000076 0.09851253566047617 0.04749455547083342
0 0.23953585145227924 0.6477504350298613 0.049910810292873364 0.04480466014423605
1 0.2345246187326242 0.6149015674386807 0.07342806396889952 0.06093880642076392
1 0.23420560402851942 0.552547037803403 0.06314746543931005 0.06693423328249999
1 0.23997000494903692 0.5035828609416668 0.06405306396889951 0.060720600873680655
1 0.23936005733996488 0.46070502991961815 0.06964616249848907 0.05461607123840295
1 0.2451244582604824 0.4117408530578821 0.07753841617451532 0.07038654160312507
1 0.2594004964971986 0.3621954479476391 0.08222591617451531 0.07049564437666671
1 0.398218564865242 0.8673206654625696 0.07071126838013093 0.07957970364722229
1 0.27153924594730555 0.30714492524621545 0.0908595430125283 0.0784899823325695
0 0.2959316573460086 0.25004159327423636 0.08124056396889952 0.06112064437666671
1 0.44176918067517656 0.8293673769935767 0.09800570551101746 0.13165134992375016
1 0.2968044560609104 0.19161149743454886 0.10722591617451531 0.07107752583555564
0 0.4252246543931001 0.664541810789167 0.06898926102807859 0.048366071238402954
0 0.41462504115940585 0.6081827080156252 0.06890478933650215 0.06239220364722229