0 0.39973310976111165 0.6601108435585769 0.22448373381944098 0.14862325721819475
0 0.44797616988076017 0.9840892849536115 0.08116081029287336 0.03182143009277709
0 0.43976444891230154 0.5474842101998268 0.2140389099222489 0.1530561840799308
1 0.4796056136103625 0.2727387833380907 0.3759523260967642 0.22540657560680585
0 0.5005141334669477 0.401663870344063 0.2765389099222489 0.1545108877271529
1 0.5306917242678166 0.12199455413965321 0.35802817095032746 0.2031678996950003
0 0.6336694645429676 0.7517035039871534 0.22126954411231434 0.19219141926229177
1 0.5635346650747293 0.05540711939413242 0.32605566985054146 0.09175762100965305
0 0.7258333744652165 0.6050480159550007 0.26953810072916157 0.221371079406528
0 0.8293852246444849 0.44691016726552163 0.2706126426419039 0.18710518218006963
0 0.8326485009265612 0.2817391089448965 0.22867383970108293 0.1736596248093752
0 0.8275643652600415 0.11402427887277848 0.18986003676026186 0.16028680262104184
1 0.09666214064577541 0.7345055526210418 0.07893669080691264 0.06886040919430556
1 0.10043224707731031 0.6539276998475001 0.10565869815896503 0.10065592306201392
1 0.09147937924102856 0.4634111494106598 0.12498584595334931 0.0917537017473613
0 0.11583191380171856 0.529763501234271 0.09365609227732312 0.07543771751493064
0 0.16332888274383 0.8229881307932988 0.07120394448293883 0.08426720364722229
0 0.19758661123756585 0.8621603867772226 0.07918066985054147 0.0860115416031249
0 0.14105466177537135 0.37920045678135433 0.10911686690972049 0.07423889342673622
1 0.13578057794988657 0.31015951605190983 0.1402823952181441 0.08899237765916679
0 0.25018141730452 0.8907951862641322 0.07761816985054146 0.08597517401194459
1 0.1630702970652228 0.22934592714607654 0.14143197279136238 0.09992987765916679
1 0.1870285549671682 0.14297266926229185 0.1531905996293755 0.10799695079743069
0 0.3122732128932886 0.911036257502535 0.0787677474237598 0.09691267401194459
1 0.3564854481891838 0.9687721030578821 0.1138043669097204 0.06245579388423579
1 0.23968896066349785 0.0666653956109377 0.14357633860129687 0.061012848023888996