1 0.49423703601202273 0.3140116039533366 0.1428607382820534 0.18435353444287889
0 0.6039503592196701 0.3951450500139332 0.14285903421543278 0.19829763527271585
1 0.735457083741992 0.4353225319673012 0.1433775954599385 0.21692923610255282
0 0.11940704964915679 0.3150465047738848 0.10866256818567037 0.15542305103961845
1 0.8580181025237007 0.5135561209742834 0.15673959211195373 0.26752123195336797
1 0.18441910921967014 0.3633548728251612 0.13835006818567036 0.15767263527271586
1 0.9467210767395287 0.5994246112260211 0.10655784652094269 0.28721842531467223
1 0.3087066774053405 0.5199619155664099 0.18295695263782355 0.25246491701630236
1 0.44775810097230595 0.6211360971048594 0.21523896292697292 0.3339284045687478
0 0.6068584837504668 0.7493939195151021 0.21142197991209172 0.3134975053985848
1 0.7724741113840528 0.8289530408787599 0.2105480547937315 0.3420939182424803
1 0.9236558830233559 0.8760603954451854 0.15268823395328823 0.24787920910962918
1 0.42959908504819155 0.045722622624668564 0.04669817009638315 0.029877676764564674
1 0.47803573301488117 0.056365047314640794 0.062321466029762365 0.04500576929603188
1 0.3375858588518774 0.03332752117013167 0.056421717703754835 0.01976897095570584
1 0.3888873741630038 0.041862994200429944 0.046524748326007614 0.028315176764564666
1 0.5408817245223219 0.07119806453608024 0.06926344904464372 0.06567346680652095
1 0.26041553062225287 0.029029262247061982 0.07083106124450574 0.023959563487173055
1 0.6187440357668275 0.09569042428898691 0.10328819737065124 0.09304145020978143
1 0.7985105783522222 0.17283603259200106 0.08922399330403064 0.10591995850815121
1 0.8983303403153637 0.23462748280178253 0.09634110215590788 0.1142060551888033
1 0.9692175375021186 0.28994379006517823 0.061564924995762736 0.1138508576783142
1 0.339215472970927 0.19458432988341992 0.11092045933379299 0.1478473493799445
1 0.3918992502451951 0.25745210540322916 0.11664848995604586 0.15757754689043352