1 0.5530843786853812 0.22502516455812255 0.10247566470963836 0.14042232303645924
0 0.47748575874281574 0.23411302468791312 0.09237014447989988 0.13285475271112437
1 0.6180498772495158 0.25431568464522186 0.11329141614550373 0.18036320325334917
1 0.695971950957237 0.27794319429854136 0.11459011557115754 0.16517739336179416
1 0.7808745448946967 0.2944423237349708 0.1299107369495882 0.20421455874135158
1 0.8520596027121814 0.3428375710238465 0.12818589591576526 0.17630915379557405
0 0.09900057088384942 0.7175801866168602 0.19800114176769884 0.24751695210314573
0 0.35816750743457415 0.8210471614772551 0.30442372827058434 0.26408791965160255
1 0.19877229773452137 0.1664737523004069 0.08413150287173066 0.08866556260267933
1 0.35578325149967716 0.17744921171549077 0.09015829476707289 0.14022806260267937
1 0.268323836758133 0.18282508227906127 0.10340910402042294 0.1221115131449042
1 0.41954136566687533 0.1907726719110351 0.11810066470963823 0.14261827357868412
0 0.21185062144224256 0.19921445670395954 0.05215098264199225 0.07802366151822966
0 0.2982649856094407 0.20935378861327783 0.06160715315890375 0.09318413678934208