1 0.2732117527777772 0.21499766124440986 0.14829540252860857 0.10525521857321787
0 0.40559613742155554 0.8434947297979573 0.09517040252860856 0.10154035668871905
1 0.4077162492340329 0.6769081633380969 0.15023743676633483 0.15983345792955603
1 0.46345989976005664 0.8993351843733187 0.15614747532299772 0.13069226114786475
1 0.4949974013012161 0.7470242853620543 0.20406334361388012 0.17448581981405517
1 0.6127565977851586 0.7784549658001009 0.22700019586563336 0.1683122294689813
1 0.8076302043558485 0.8566024730895678 0.2407437183831675 0.09149835719292199
1 0.7574458528700623 0.15895261594582213 0.30812668722776027 0.31790523189164427
1 0.1321958150885917 0.7163959063007314 0.0592538864894796 0.050808383171822416
1 0.14129950725359736 0.6714276137260844 0.07960595928386875 0.07711951089576327
1 0.14861016194167426 0.6180294621169301 0.0858559592838688 0.07755655347041035
1 0.16748937230527722 0.5661556056803126 0.10404475478036201 0.09438342055068923
1 0.17480002699335412 0.5127574540711584 0.08529475478036197 0.09307229282674853
1 0.25864199183277725 0.9035467090148369 0.08313147748246603 0.08358803218308672
1 0.18643723627722292 0.4403907811746806 0.10590764342930994 0.09918018119435104
1 0.3020322439922456 0.9425110200268157 0.08848031153562222 0.06996257475773363
1 0.21453076033591634 0.3660956215197545 0.10737001387966058 0.09772694183801275
1 0.32276265346068445 0.8010665651993527 0.14541023442229636 0.13305243664223276
0 0.3531744393964537 0.9576007884641478 0.07201470234403846 0.03147922896477837
1 0.23993008097083718 0.2974331028303211 0.10001858883351814 0.08010239926336586