0 0.7452183659831593 0.30879454729062605 0.12802637426177288 0.10721727767481415
0 0.7124924703883468 0.5420361224257022 0.11684017720259376 0.1192807680561673
1 0.7038706385892095 0.46000487242570226 0.18879021286306993 0.16693950725639423
1 0.7242607595516244 0.22876230690927288 0.1386354235265678 0.10447422359113015
0 0.6788779419066986 0.1550718357652134 0.1469405996293755 0.10943454210278447
0 0.6352145463118862 0.38869535681660566 0.15976433234903062 0.14257442431676956
1 0.6337438213209519 0.0688268009188231 0.17802637426177287 0.10896331614940155
1 0.5837905488881265 0.29482879492837333 0.20079753676026185 0.162688516875041
1 0.48867226247431395 0.8893749470126243 0.1591824665390959 0.1814732332097769
1 0.5241880828989235 0.175371955998299 0.2617350367602619 0.16481650126594438
0 0.5357286797788341 0.01193697169221363 0.1120823595576681 0.02387394338442726
0 0.41301839889417025 0.08751234664980463 0.24948373381944097 0.15193455534962838
1 0.3357725957499058 0.770039648371236 0.26386524852354576 0.21470737386128266
0 0.3590817080872576 0.030282722325185814 0.24941341617451523 0.06056544465037163
0 0.1821667146859735 0.6962078226880055 0.22743507242073796 0.2087649087076729
1 0.12902306891793647 0.5561383833951116 0.15951091727430122 0.18459823320977692
0 0.8309210966764671 0.49006933994156465 0.08370394448293901 0.08543155771188111
0 0.8134966946561637 0.4287325358578807 0.09817464889417024 0.10461806733052796
1 0.7747765731438556 0.6049428609929569 0.13854623381944098 0.14806053248413759
0 0.7905613067900719 0.3746452365835201 0.11289876838013094 0.0817807680561673
0 0.7651457990613512 0.6625197480162655 0.08642074007170741 0.06684524881887359