0 0.5683747132189021 0.27244697719050637 0.0739156590414943 0.08329574007170741
0 0.2522157271244827 0.2530896148833733 0.06701622537911796 0.06561556396889952
1 0.6411315056581011 0.28086470678402814 0.09934763905580582 0.1491647191153362
0 0.3046600195636816 0.25937241469806105 0.056635800987128795 0.056817711763283804
0 0.42436926492848814 0.2673302680034627 0.06822273464950505 0.07499056396889951
0 0.7230227549356438 0.3303179997965565 0.08862759270387048 0.10179704301252838
0 0.8056259856724125 0.3613497435442901 0.0888286775822685 0.1033595430125283
1 0.9521717435586634 0.37501560787777033 0.09565651288267318 0.16996517720259385
0 0.8805254432332136 0.36845131118921587 0.09356235660945096 0.11618799374773356
1 0.10614360299716505 0.32174121543931 0.04927164977110719 0.0714573595576681
1 0.1484778244635467 0.33929232499697815 0.06157056489270936 0.07120866249848898
1 0.1913460320243478 0.34302727260605015 0.05804339513591365 0.0677552117632838
1 0.3758990273891543 0.3578004786669606 0.09235584733906403 0.10681299374773356
1 0.26911504129473485 0.3604493156185785 0.09920910197425759 0.1121573952181441
1 0.5476422110515304 0.39280643105184476 0.11133674247497752 0.1704625713209519
0 0.4589044278827187 0.39195722241469416 0.09351617758226834 0.1038522191153362
1 0.6715742388626916 0.4335767843572464 0.13325792150216031 0.185097501099786
0 0.765617681795455 0.4696643556781984 0.11098075174536479 0.17967334595334936
0 0.8505184835050409 0.48860666284493853 0.11285306344779507 0.15829102205615708
1 0.9510255866237625 0.518892315415135 0.09794882675247507 0.16996517720259377
0 0.3922783944134565 0.14373090164363522 0.03466844293276328 0.02984700735205239
0 0.4373898095350587 0.14693093730411116 0.03295103708154805 0.040456056616847126
0 0.5365080170958597 0.1565779981468775 0.03995919756795683 0.03502718345486024
0 0.35910990368384355 0.1494929435563776 0.025850518540774116 0.02121338051403927
0 0.3196683234406392 0.14843019668251078 0.028217358054365427 0.027627605881641946
0 0.581062356609451 0.16742630843975087 0.04152169756795683 0.035191408822462876
0 0.6379156112446446 0.17802592167344516 0.04232603708154823 0.04144140882246283
0 0.6871574507582359 0.18936690806912637 0.04232603708154805 0.041441408822462875
0 0.7385650449070209 0.20555961983241017 0.05094287659513945 0.048512535660475975
0 0.7964237239342036 0.2239717330661045 0.04625537659513963 0.0480198595576681
0 0.8444046907653917 0.23749224409418307 0.0409646219599459 0.04283968345486029
0 0.8983340302789831 0.24932590659267212 0.0444917917167416 0.04629313419006546
1 0.4876437941845637 0.22003290954558058 0.09370089369099936 0.15319531764492575
1 0.9639414965987175 0.26382941081859135 0.07211700680256498 0.09678109227732312
1 0.35691141150931616 0.240202415247954 0.09034499855508553 0.09118799374773359