0 0.3651079266788631 0.06438602002681573 0.12160337468172662 0.1193505695619536
0 0.3620743806890444 0.13965917163597008 0.14643974267981755 0.10703623986054134
1 0.34268912869986207 0.22076706000357263 0.18906359468490824 0.1474862772394082
1 0.3045100654041786 0.5010062170606087 0.16711586935072642 0.13970662822814398
0 0.3065821900859051 0.6118890867387778 0.12768974267981753 0.10572511213660044
0 0.31169749876667724 0.7155221851296234 0.14803860534690844 0.11027050050420292
0 0.5804511160089086 0.048962751841585404 0.20777723201781734 0.09792550368317081
0 0.5807152926877718 0.11498768152332717 0.21101132001908987 0.1552659262506725
1 0.5628925406985894 0.19598630924726798 0.26940562269254437 0.2093085700661567
0 0.5927084047183158 0.33933211766135674 0.2583044906906352 0.19448124556052448
1 0.5909288234006788 0.4551756389486802 0.3291260680299077 0.24314797452530268
1 0.5669202534213597 0.6093221895690989 0.2991658480267262 0.21763452229572966
0 0.595173617441086 0.7527772586268494 0.2945510733609078 0.2235567403647444
1 0.5707923301240851 0.874892559247268 0.33481244668999893 0.19514751709994949
1 0.1663351666931806 0.18384013241551783 0.08063292934436314 0.0868222928267485
1 0.12089703938572487 0.3777975820472007 0.10096361067790856 0.08980518119435103
1 0.14564195337363453 0.2869322814267821 0.07899770401018139 0.08046303218308673
1 0.1233322433959062 0.452688321403539 0.08677384134309048 0.07788433540139543
1 0.11412142274026933 0.5346485155873403 0.08833634134309046 0.07799359604505725
0 0.12123503608367799 0.6084302230126933 0.06004770934118148 0.06196440445914604