0 0.6729019957045869 0.5795507985905299 0.08377521370395283 0.11145123035529281
0 0.7013468210102145 0.7241933645539647 0.06716756784239593 0.09197348428423435
0 0.5835207496613157 0.25272712530733166 0.07843261646291495 0.0987329065339753
0 0.5559014399595202 0.1222198339510028 0.07728619629109837 0.07685790653397531
0 0.6413211250578005 0.5694651691448599 0.11140224672063966 0.1330008986760925
0 0.6550074095448253 0.7267340136443419 0.07563516508343397 0.10483735731976367
1 0.5358512115562463 0.1909869505763913 0.12053158525525039 0.12875004631872758
0 0.5083237550883826 0.10355757113072124 0.09545634215265544 0.09640842721213973
0 0.5859309401866628 0.550439033289049 0.1541563127540133 0.17551803846084474
0 0.6217412081653443 0.7189193595915659 0.11329229534115867 0.13932367328319833
1 0.4571231032339318 0.06436448448912208 0.1420037935321364 0.09234166542531545
0 0.546943683289258 0.5172968935042968 0.1461800384437538 0.17202916542531543
0 0.5828458045018712 0.7288551317174725 0.09716932835784534 0.15883565260503385
0 0.46162581750371157 0.1577698821317572 0.09931832654882307 0.11061647642635145
1 0.4794596121675017 0.4749959234880861 0.2345675090451115 0.2525214942090317
0 0.37021292345117685 0.1237522930089587 0.09372342378986112 0.12282537799792799
1 0.4921798609243062 0.7254154545053327 0.22856981456303554 0.22730317038771428
1 0.32213394957045866 0.06982461827801834 0.15598440637700656 0.09143413688926816
1 0.38309694651824094 0.37104682402620537 0.19419481456303558 0.22570212903138528
0 0.34998903889803895 0.7039128279551468 0.1882723631835545 0.231661030602962
0 0.13807437358746244 0.3690325980141386 0.25438204206179826 0.27370728949430206
0 0.1971473219147257 0.6764320291552198 0.25552846223361486 0.29558228949430204
0 0.08509097297620703 0.30727315260503385 0.17018194595241407 0.3114213052100677
1 0.02998739314802356 0.189809516749223 0.05997478629604712 0.163994033498446
0 0.07271272444654507 0.6610338533908221 0.14542544889309014 0.31269270678164424
1 0.6936460221625529 0.3032793970189534 0.08977955223856356 0.10705482878371626
1 0.7396014948000758 0.6069352439996347 0.11872342378986112 0.1239897717116218
1 0.7508521760531688 0.7210170146777992 0.14297979534115868 0.14070639081820957
1 0.6447072331529723 0.265757972288013 0.09611143939369349 0.10890842721213971
0 0.6036904867710169 0.16673612137839025 0.06643058344622813 0.0779109842842343