0 0.475813923504983 0.14486770326597262 0.17217299352159507 0.13038109707395845
0 0.26058402607050346 0.8784581872140628 0.11482156847545247 0.11188436379145834
0 0.36095306832779417 0.8017703602760768 0.1651009731635294 0.16610039152687514
0 0.5153971437430769 0.6504468624602783 0.2441457279438914 0.2553096683123613
0 0.6692998010520477 0.47094381325770895 0.26047163479143653 0.26661084422416687
1 0.7992037538575113 0.2752338825962507 0.26283517118863137 0.2791472118153474
1 0.8853693962070871 0.16378919595086877 0.1990964389258032 0.1122857137152085
1 0.11681874383536203 0.6067435753224654 0.15680880937615385 0.10974128875333342
1 0.1464549814968609 0.5471873905769445 0.1716723457733484 0.12256859707395833
1 0.07326090608157812 0.700402003134132 0.11876858883351811 0.07609233415618064
1 0.06075161166481907 0.7368843637914584 0.11408108883351809 0.075983231382639
1 0.10144526527316182 0.6635020683886113 0.13862001387966064 0.09371624525034736
1 0.05409390808416294 0.7929161582443751 0.10818781616832587 0.0839412017473613
0 0.2131907009597625 0.4947540280197572 0.14274630937615385 0.10941398043270852
1 0.37729727791620477 0.1926492802039587 0.2333898982096719 0.18485169794763906
0 0.26563338294573535 0.4333814233463544 0.16083497532299768 0.12387652393569457
0 0.30857065700442876 0.36161617933027806 0.16496127081949102 0.1395742591180557
0 0.3584087731358428 0.27984015567892395 0.17952441856773751 0.1477140674386807