1 0.41212223639568124 0.036419984228453064 0.1898694727913625 0.07283996845690613
1 0.803328423323124 0.735261732554846 0.27347950955162437 0.2718320688857577
1 0.38151970183499123 0.08606109625644483 0.21445183234903045 0.15265509378086706
0 0.31814218510453923 0.17984790766902545 0.24150700845183842 0.15935537967363844
0 0.2666875205797029 0.28218092489046487 0.3019471143334803 0.1887361489696704
1 0.21053827903154132 0.42975558713288253 0.3547295095516243 0.277988825734235
0 0.22819250604882288 0.5977243371328825 0.3558790871248426 0.288926325734235
1 0.2786568740583294 0.778168853729622 0.29806658712484274 0.284545556438203
1 0.6996198773879061 0.037535719494202355 0.12202035330540166 0.07507143898840471
1 0.7260016389658777 0.11193097633106863 0.1151134518349913 0.12187684523075956
0 0.7261915871248427 0.2111380709371283 0.11174447279136253 0.10457094606059661
0 0.7455819755408274 0.3207023250863132 0.17078158602505678 0.1648465178461394
1 0.7914433152419103 0.4873211400233787 0.25094760808121386 0.2639244805034754