1 0.6029721806901479 0.04247032345952009 0.20968063861970415 0.08494064691904019
0 0.5259837097711415 0.08835597321793406 0.22722877153942492 0.08043534253094826
0 0.5468454248149378 0.972847975653566 0.17885697351689647 0.03589440990138826
0 0.9243787430395092 0.4614063206234416 0.09136768119435104 0.10147277110331832
1 0.4644727733810104 0.15341395738962146 0.3383955005042031 0.15260244317957145
0 0.3708488234972259 0.275994115262415 0.22149222376899794 0.10998647483619664
1 0.304863554555691 0.3715617597425279 0.3574732824351884 0.15761722564697553
1 0.17280553536205448 0.5416305722417041 0.3105982824351883 0.15679901947846525
0 0.8883651973627689 0.5970262207855974 0.1446019418380125 0.10396257142762977
0 0.8271167049043375 0.7252836343404339 0.19314870248167465 0.10637055113509035
0 0.7333506433881556 0.8275785657521777 0.21902278763096844 0.1193069277582957
0 0.6563568186304221 0.913194511774418 0.24550887797604232 0.09636035145940199