0 0.40083187498554285 0.274646812902918 0.1086822514667229 0.08924550649282174
1 0.22947485376143342 0.7396524297868907 0.11271329679055846 0.12987050649282175
0 0.4545407419474817 0.22236729261037852 0.11680483187624854 0.09250687418757346
1 0.29432465273761893 0.7486104184228051 0.15332619883818754 0.14617734496658025
1 0.544324002185627 0.14567415340527137 0.1792685380191358 0.14039099512873604
1 0.3195330171400214 0.7153984979681098 0.1305088596572391 0.15201824188232518
1 0.3870064016448054 0.6821417130650738 0.2129870833429715 0.18153419236879245
0 0.6364812573046997 0.10815260835596559 0.16289253290006317 0.10111030681713329
0 0.701133673242824 0.06389013960555368 0.17416430921433096 0.07323076866768638
0 0.49291002737816675 0.6401644930968459 0.18176127924771332 0.14979326866768652
1 0.6274933917805693 0.6088617203686744 0.3261896966525605 0.284896745939515
0 0.8323578947140149 0.4371345450427152 0.27419836989538454 0.23251603977100466
1 0.8949161512998105 0.3114447982891261 0.17388828948585874 0.2276455332781829
1 0.0654051881972184 0.6264415434244527 0.08807176900956792 0.07016822402541774
1 0.19933098133542698 0.45191092207625305 0.11459797515245515 0.1174250535707225
1 0.27489670136880945 0.3765348210205929 0.13319293494769227 0.11618983603812652
1 0.12721467284000035 0.7449108997551187 0.08431451023814537 0.07946140340856651
0 0.3445345997640886 0.3135768993480816 0.11055483187624864 0.09239778003177213