0 0.21176967548615297 0.29921657020981396 0.1425190069411646 0.13192393019392784
1 0.3815252727426814 0.5992592548679687 0.2093545512005516 0.1720773717519414
0 0.32843605814171617 0.30359219886161426 0.17428756818567043 0.15119212743398433
1 0.5211896367391334 0.6492610292176979 0.27393390837843656 0.20595353977100467
0 0.4464872588603521 0.3415206672049891 0.22133087775618382 0.19567851298564348
1 0.6631084837504668 0.7195753035674272 0.28608536077106483 0.21708195454365703
1 0.8379282457136084 0.7772083457740638 0.2971962825414405 0.21883536931630942
0 0.6412769374492946 0.361295199265356 0.27271484378594624 0.2371217191541537
1 0.9292121959418541 0.806965803971169 0.14157560811629183 0.22410352191409721
0 0.8112340735754401 0.4313191473161915 0.29736288804533323 0.27653877516050823
1 0.9344352978525668 0.560418086438573 0.13112940429486636 0.2171989569792892
1 0.1985137899729954 0.8050341477265238 0.07933043205952481 0.08247730925276535
1 0.052904716397555174 0.3853335280031772 0.029503853829900305 0.08316705600635439
0 0.26187919475825205 0.8279728157455871 0.10537096268177767 0.0922886858759707
1 0.08137229977175438 0.42403751785690746 0.07915530622252867 0.09495003571381493
1 0.32272061150665043 0.9054489793004233 0.09339293205952481 0.08272277110331813
1 0.11322501580151678 0.4651398047885385 0.1355770239262834 0.11152960957707699
1 0.39684924248822134 0.9340336753226639 0.10172569737065125 0.08754663879807012
1 0.07713880299714151 0.25943922970746053 0.11265638110416845 0.14387845941492108
1 0.17936687297940182 0.49904324634655206 0.1864407246449194 0.1482853157455871
1 0.2593952522869803 0.5526824894466932 0.18504994234867417 0.16385576866768653
1 0.46941537346979223 0.9590046274339844 0.10502411914102687 0.08199074513203115
1 0.14206670778239822 0.28240517126547415 0.17498125526717226 0.15744212743398434