1 0.7654045748742117 0.8671658995281032 0.2125642445922553 0.10228283581546264
0 0.7559863413052416 0.791589701083242 0.10906346921791972 0.0560339694628702
0 0.6149425399331822 0.1919403070682419 0.11446049792002064 0.11384646946287016
0 0.6412389581936246 0.9292249850607417 0.11360510357732227 0.05488157257314796
0 0.5271285861063026 0.1287362609797232 0.1280235794507723 0.14292837672018494
0 0.4096790540764366 0.06735058569729199 0.12548204201316154 0.13470117139458399
0 0.3960563664717813 0.6820935812437969 0.18627367637256426 0.15267381508027747
0 0.2989801520382183 0.0342250188735882 0.10787674459225541 0.0684500377471764
0 0.2895899910556844 0.8071899090007412 0.21475222920121517 0.12572033581546266
0 0.23571707487421162 0.9135075509894911 0.2015229009982286 0.11681422752138851
0 0.20003049563123526 0.961524677426852 0.1928970287021009 0.07421662441111074
1 0.8776340621875487 0.3650778448154183 0.08306463227942303 0.10954994872768502
1 0.8916816087762612 0.6505464531094923 0.09020962562389272 0.06988185598499985
1 0.8133824629779813 0.29272368265713117 0.09273136356061791 0.11349515494824054
0 0.867172339017466 0.7086125228079181 0.05837616306150366 0.06089783524981485
0 0.8311421066962819 0.7613854997636589 0.06556317845254389 0.03828054147037037
0 0.8049109369792478 0.6660142111680106 0.06843846921791971 0.0524797425071295
0 0.8239451915547986 0.8108482575393534 0.08318827537433578 0.044471752874722006
1 0.7076096589015446 0.205886646936205 0.1261693481695776 0.13966667568342572
0 0.7740478236264259 0.7403887860502328 0.09758452870210092 0.06587786116879606