1 0.41489685224399653 0.2655744972966326 0.1328310405319101 0.2038567512477857
1 0.677960584943791 0.3227356555747892 0.1989998685927999 0.18512897379347049
1 0.33529292387909554 0.32826359650619996 0.13270370653952135 0.2007317512477857
1 0.579241900647391 0.41522720965122584 0.21452670950527092 0.2223792645588464
1 0.20550065311884894 0.43844328057428433 0.14803954646340925 0.23329454201316158
1 0.08879597277678167 0.5139352223378888 0.14118205140632506 0.25600271381017503
1 0.46888803798609013 0.5640627075712464 0.23231638737588015 0.2769629209648198
1 0.03877736262411979 0.6454052323211844 0.07755472524823959 0.28418953535763125
1 0.3244775103057612 0.7082947495844081 0.2285202253226017 0.2984003240430278
1 0.13301291049604166 0.8039965592763852 0.17150622136826899 0.27439916098152395
1 0.025202999468527366 0.834415810524171 0.05040599893705473 0.09366837895165796
1 0.8386858152093085 0.01938740921424842 0.05704317885919252 0.03877481842849684
1 0.48608473863129353 0.023979650062641734 0.0654923488211363 0.04795930012528347
1 0.8866630587835178 0.03370456832409395 0.04948534684397003 0.0674091366481879
1 0.42092265365032155 0.028068837874588158 0.060359179847775654 0.056137675749176316
1 0.925696383878658 0.06845989538369773 0.04317167984777583 0.06629250665553037
1 0.35930206273785054 0.06374248856112276 0.07368685079830276 0.08937645382687946
1 0.9701347919776039 0.10478185898607673 0.04725168479069168 0.090021737936725
1 0.2885611398101571 0.09992100956770356 0.08306185079830275 0.09025164767046338
1 0.22041863486724123 0.12963073211338838 0.08781301779449713 0.09225174459225535
1 0.532414616084161 0.18922837271272946 0.147119033611828 0.17250290765375892
1 0.1573337030422992 0.20712155927638526 0.0841441897336074 0.11681414767046336