1 0.27864519251362063 0.19149625702931333 0.07315070967712849 0.06421235731976357
1 0.35599540467194846 0.2956615262597357 0.10414815260503385 0.09372007485477489
1 0.3325364799410081 0.24389781906380664 0.09909677956950454 0.0856892510334573
1 0.31189434015625583 0.20239952377853632 0.09440927956950454 0.08547092721213974
1 0.4042895095105127 0.32831351447291146 0.1349272717116218 0.11854029238978611
1 0.43923174379474694 0.3923053939185815 0.18154971463952715 0.14877575599585596
1 0.4817146503287223 0.46756225909622795 0.18303944003242129 0.14728603060296183
1 0.5374424195591446 0.5426564584342742 0.18689218610347993 0.16305657981717375
1 0.6045250657540377 0.6104839673256143 0.17351889081820956 0.14372438296032683
1 0.6476800603773543 0.6834334698068136 0.16378001778268042 0.13547523531769165
1 0.6902721288219883 0.7610340849844601 0.1851841368892682 0.1598588052100677