0 0.47879217731199447 0.17253489631461746 0.11919148801910051 0.1622292884242338
1 0.30073916541591295 0.6182234729061639 0.2063492368379741 0.2532747552038039
1 0.5471056676933477 0.16928953591278578 0.14350200725639423 0.1903842791963366
1 0.36805812938839627 0.7423669479908416 0.24946431977759875 0.2855162385935891
1 0.6464707506329722 0.20910299715561767 0.1837103450053421 0.22845509714984136
1 0.44577888002136845 0.8680510259665727 0.2600744375636134 0.2638979480668547
0 0.7451662001774852 0.3188082929621692 0.20952880054030487 0.25525792064008446
1 0.5336459569705433 0.9430434289451919 0.286924625042409 0.11391314210961631
0 0.8640178930985764 0.3822394968226833 0.26132940271722305 0.3135510676205704
1 0.16649061787083289 0.33655310545494876 0.08786707694917473 0.11135796677957019
1 0.1830432008104574 0.36521893263635075 0.09767858656782162 0.12511996308841136
1 0.3082142932839108 0.09747521275547705 0.10063989546082901 0.12085312852469172
1 0.20816225189891657 0.3942603397675236 0.11384922359113021 0.1428482902698133
1 0.37171379809323424 0.11224368784015468 0.10905259618646843 0.13909229211539267
1 0.22147327295030877 0.46370141879450494 0.13815974282842386 0.17100328104191612
1 0.2579489754900467 0.5284849885935892 0.15600200725639413 0.19206694094145824
1 0.4425992169677082 0.1381149101564632 0.13503474282842393 0.17058261560563573
1 0.9460069591631598 0.49558062903853395 0.10798608167368044 0.315564621142374