0 0.6421875 0.18699075284438232 0.09375 0.11418246308841132
0 0.80703125 0.1335506510805924 0.0703125 0.08915247231630849
0 0.86328125 0.1056661732275456 0.065625 0.08227147416188794
0 0.53125 0.33786187583233573 0.1421875 0.17695277735075726
0 0.84375 0.19579533220429796 0.0703125 0.10008997231630849
0 0.77890625 0.2428053900071158 0.109375 0.11784829026981321
0 0.46484375 0.4600822663532938 0.159375 0.20426643725029922
0 0.778125 0.32494180636618586 0.1203125 0.16463311929679456
0 0.3796875 0.569982899491934 0.1703125 0.21355126627728058
1 0.27109375 0.6752260234026772 0.1703125 0.2323012662772806
1 0.184375 0.7806494892594577 0.13125 0.1911054483237759
0 0.7546875 0.45231554713828875 0.178125 0.21147792986798156
1 0.7078125 0.5890942786824944 0.1921875 0.25868342433124314
0 0.6171875 0.7747310763346255 0.21875 0.2794465805396264
0 0.48515625 0.8495354410174712 0.1890625 0.1957627588949628
0 0.36796875 0.9121853948779854 0.1671875 0.09906810084100001
1 0.32734375 0.0832790455496304 0.0515625 0.06006597969862624
1 0.28984375 0.11410828078499495 0.0640625 0.07893614144374775
1 0.4703125 0.03324120943525906 0.0828125 0.06648241887051812
1 0.25234375 0.15040626602035947 0.059375 0.06893014328932719
1 0.21328125 0.1892583339738642 0.0546875 0.0682991451349066
0 0.43671875 0.07324325527981719 0.059375 0.06893014328932719
0 0.409375 0.09879907784727048 0.05 0.061418146980486046
1 0.36796875 0.12312289487798549 0.09375 0.10636996308841136
0 0.17890625 0.23919815377294834 0.0546875 0.052674145134906605
1 0.14140625 0.2840898890083129 0.0703125 0.08915247231630855
0 0.31953125 0.18042445914033134 0.0703125 0.08446497231630849
1 0.27109375 0.2158510234026772 0.08125 0.09374980134328988
1 0.10546875 0.3303337915255372 0.0609375 0.07382797600746738
1 0.21484375 0.274204251255724 0.0875 0.10709113221585058
0 0.08203125 0.3952075322976401 0.04375 0.05120181610792525
1 0.62265625 0.09118241182113468 0.0921875 0.12022213037027114
0 0.6875 0.05354735401831685 0.0640625 0.07424864144374776
0 0.1890625 0.3495497411050371 0.078125 0.09332913590700942
1 0.13515625 0.39664996988087364 0.0703125 0.08915247231630845
1 0.08671875 0.4625452841432195 0.08125 0.10156230134328989
0 0.715625 0.10210511509179346 0.05625 0.07319697785304681
1 0.5484375 0.21601696593279365 0.11875 0.14567278657865437