0 0.61973830875602 0.42400532670922625 0.0960475000123406 0.08116027110331832
0 0.7717299754124027 0.487588765427866 0.08686176471677101 0.07164890340856651
1 0.10322414211814761 0.24755901826394458 0.09300171570200252 0.10292617694751698
0 0.24006835779546928 0.30283507914156294 0.10591985295569464 0.09535913879807004
0 0.5736797793409887 0.4458490990303606 0.1019189706034794 0.09996481818121908
1 0.1620775979925156 0.29796239285855514 0.12410205884240302 0.12372960064862308
1 0.4872493136574968 0.42943494075053 0.20124112747541928 0.16092168344033872
0 0.05569774505533159 0.2741039273545541 0.07298852942120151 0.06205571509696402
1 0.7301454901106632 0.5374075332847735 0.21252632355917403 0.19540577759614006
0 0.08221186269077588 0.34844936241974594 0.10081421570200252 0.10306254464226879
1 0.036270968115719615 0.34267269521146154 0.07254193623143923 0.13305005357072242
0 0.39226696070180206 0.5246031647759477 0.17871911767246562 0.16676258035608366
0 0.6536644606832913 0.639266088073312 0.14216544119461821 0.1193693831160271
1 0.28065825971657055 0.557721402194046 0.3002331373030539 0.3153830868489054
0 0.5855372793039673 0.6840933928618504 0.14749995099757207 0.11322847727182861
0 0.12192149499979958 0.6306248883943283 0.20742068630548188 0.20310918344033874
1 0.5164110047780724 0.7889405799556372 0.32515392161339174 0.29399901055001154
1 0.0417342646674092 0.599417573052483 0.0834685293348184 0.21053985389503396
0 0.31491455868814744 0.8664867017075786 0.25525078434735926 0.22108761606989863
0 0.4486598529125031 0.17685145738962146 0.050845049027108936 0.049201159090609535
1 0.5045225489839174 0.22107301583160788 0.13545769609609515 0.11613528896022585
1 0.35422323526471833 0.1831753697266419 0.10210823530790991 0.09061709172016937
0 0.3935498283989486 0.20197023417498272 0.0490536764778474 0.047611385551659224
0 0.43811191172405495 0.25418157062014635 0.089986764716771 0.07170345048646727
1 0.6779777205294366 0.3668825734628154 0.16564254903944936 0.13068871266133186
0 0.3735916666255319 0.25842478571711025 0.07977549020938675 0.08711026217486459
1 0.3093200979986858 0.25565038758354935 0.1278740686453567 0.11756142126547413
1 0.19293803918096364 0.22027772362167589 0.10081421570200258 0.10306254464226869