1 0.816064933934803 0.5594901087682681 0.108413745573361 0.08239542401336308
1 0.7791147936199068 0.4872878447644501 0.1169659560902904 0.10121814934754489
1 0.7139981138219398 0.43348104475649585 0.151121412225166 0.11253745735199913
1 0.6756090919339627 0.3495600307526779 0.14350076310157683 0.11400905068427196
1 0.625707017416753 0.26082424741404175 0.1942404736185061 0.13332267202418074
1 0.544828872719803 0.180309496737724 0.2020529736185061 0.13341357869190795
1 0.47625887714644194 0.09837769672976983 0.19972307011286308 0.12714539735836247
1 0.41339002191026974 0.043816918722133814 0.24240504382053946 0.08083401869827127
1 0.9606465698007677 0.7585463214512673 0.06940663155078823 0.05697725334181776
1 0.9436103812164003 0.7341639394493583 0.06471913155078823 0.05692270934118149
1 0.9334135917556224 0.7083008734484038 0.06998218418002082 0.06166475334181776
1 0.9139654207217636 0.670628150779722 0.08385283330360985 0.06026588534372675
1 0.8897199777553425 0.6383605434436312 0.08401699119130726 0.07431020401018137
1 0.859540004092251 0.5958821421069042 0.09942244732618236 0.0854113360120902