1 0.3590999999691489 0.21051658049573624 0.1538600000123404 0.08382473370266401
0 0.23232654397754668 0.9153033688963961 0.09787848040643307 0.09464256175762494
1 0.3012525243963202 0.7447013638818312 0.15363990198280356 0.1460519490629279
1 0.27016107828171443 0.9713504715952166 0.15359151961824777 0.05729905680956691
1 0.35611612732116377 0.8522159986798516 0.2123678921798499 0.15398412100796718
1 0.4548287498580848 0.9319787403665816 0.23820416668723401 0.13604251926683694
1 0.8323504901476845 0.3380508279219468 0.2895245098523155 0.3195924006331383
1 0.02807122544016888 0.6707564323698805 0.05614245088033776 0.04382420783841638
1 0.05176303911926141 0.6268162157559753 0.08327901961824784 0.06932431301126592
1 0.07974276951952426 0.5750634991420702 0.08952901961824784 0.06950616943775678
1 0.1193070097227408 0.5299244953811465 0.10565137256160204 0.08397784639736088
1 0.14740117639763445 0.4773905287672413 0.08579661766012521 0.08651181301126591
1 0.0687966175058696 0.9176063518076372 0.0859858823645557 0.07718227711788864
1 0.1866066911144054 0.40791911473976095 0.10946299020938674 0.08875627461060613
1 0.09561882338023754 0.9701690621533363 0.08922093137932416 0.04615959765100186
1 0.2425419607326532 0.34207280588513 0.11079661766012519 0.08723923871722894
1 0.1714374263421024 0.8382120199917527 0.15108269609609515 0.11797241316955072
1 0.2946656127031163 0.2808230688172538 0.10336264706898621 0.06835284639736088