1 0.6933854866232053 0.9479339820680401 0.08807269262201593 0.10413203586391973
0 0.6472134268093344 0.6629733514522792 0.09423178903121965 0.09266602205615726
1 0.6579474354917372 0.8975524536578948 0.1318681444174139 0.12004493087861974
0 0.6062576704646225 0.8702580165270085 0.0675329336450254 0.06643669080691268
0 0.5829282130118838 0.6179588613805718 0.12087610226293641 0.10952035330540166
1 0.5246248336215844 0.5275075227792749 0.1994919816532356 0.20210662168553278
1 0.5372258693331544 0.8145946003524933 0.19470448770335977 0.18442644558272497
0 0.40761407474278977 0.41136648289287975 0.1304783612399268 0.14956820551101746
0 0.4025872489198455 0.755158718738668 0.12735336123992677 0.14923975477581203
0 0.302123640606785 0.6649607952121004 0.1790340359079618 0.17497169190669873
0 0.27739933391617194 0.3071107773818623 0.14454995159900638 0.15260873381944098
1 0.21037039431921817 0.193099949258751 0.25398858411256364 0.17504200955162436
0 0.16163447511213214 0.539325124811666 0.16671584308955412 0.20490788896587767
0 0.09903746369925477 0.11347119815896503 0.13337610226293628 0.11083415624622264
1 0.07815383371978023 0.41577743032872705 0.15259880093507644 0.1940548606574541
0 0.04214763514583597 0.2659886095576681 0.08184087334017516 0.1101022191153362
1 0.8143787217924825 0.8109321031019583 0.10208065046753809 0.09973714889417025
1 0.7563071465587135 0.7603245145006612 0.11634313836728971 0.13559017720259375
0 0.7038543122497579 0.7360729646859735 0.0957579275949012 0.08658024742375972
1 0.685965291958086 0.21107532369374865 0.1676511083130606 0.0972596143334803
0 0.5994005571815924 0.09423042847560456 0.1988011143631848 0.08335662168553266
1 0.6894942920562819 0.14664213711275517 0.09251475292686617 0.06593929668855454