0 0.34453125 0.7610689144896988 0.0625 0.06744356426490725
0 0.365625 0.8752988990502926 0.040625 0.043369566772189574
0 0.33125 0.4887991093959916 0.0640625 0.09092652837152997
0 0.31171875 0.2870236607287751 0.0515625 0.07650031551854841
0 0.37265625 0.8040005605704905 0.059375 0.05172763605166182
0 0.39921875 0.9118214207579051 0.0515625 0.04525031551854823
0 0.40859375 0.8592048861181688 0.0546875 0.05315374373179367
0 0.38125 0.5287505079840658 0.0859375 0.09625052586424747
0 0.35703125 0.3021114516367174 0.0578125 0.0766821719450392
0 0.4609375 0.897525588546309 0.075 0.08030727711788863
0 0.4046875 0.32494354638472556 0.0984375 0.09036423871722885
0 0.45078125 0.5681336052393565 0.0859375 0.10093802586424747
0 0.5046875 0.940783843560874 0.0671875 0.0660174565847754
0 0.45859375 0.3811875347062431 0.1078125 0.12344952335696498
0 0.5265625 0.6354598460681565 0.121875 0.10979620031656907
0 0.5515625 0.42223242036219355 0.125 0.1411371285298145
0 0.60078125 0.713769051003579 0.14375 0.14480769780928676
0 0.66875 0.4789788623654925 0.1703125 0.14401808762187224
0 0.765625 0.5683475877548863 0.2125 0.17649561850068468
1 0.1453125 0.6840530880840907 0.05 0.056142351411925875
1 0.153125 0.7635132675509773 0.0515625 0.03587531551854859
1 0.16640625 0.8014080726446844 0.034375 0.04318771034569906
1 0.1640625 0.7241325188046185 0.053125 0.05935827962517113
1 0.2171875 0.7913367391794474 0.04375 0.04502299498543501
0 0.2203125 0.692027060966202 0.0390625 0.051136602665567035
0 0.2375 0.6344957057933525 0.0484375 0.05297188730530315
0 0.25 0.726319492940371 0.05 0.02801735141192587
0 0.22734375 0.3715099724863999 0.046875 0.04198892319868044
0 0.275 0.7685608172344081 0.0265625 0.03358538981258548
0 0.2703125 0.6749472095542762 0.065625 0.04878449247815268
0 0.29921875 0.8061373735817566 0.04375 0.046585494985435
1 0.2453125 0.27176838526023905 0.11875 0.12220527210332381
0 0.29375 0.712546497954936 0.059375 0.05797763605166182
0 0.26953125 0.3976261916075875 0.08125 0.06017663354437941
0 0.33359375 0.8418559132360575 0.0390625 0.05113660266556721
0 0.29765625 0.4444640876883793 0.0703125 0.08173338479802066
0 0.86796875 0.7075571887711006 0.240625 0.2460639724198929
0 0.7078125 0.8067485096999254 0.2375 0.18659804420664763