1 0.6423072373105765 0.3749530398182417 0.0990738251355733 0.11683414772027056
1 0.5648544030016209 0.3620637987413114 0.11788745764913067 0.12919243776222683
1 0.4844901921310366 0.3861301060047071 0.13682835518980258 0.16342572780418302
1 0.3976214512062229 0.3669200099487549 0.13522040339440444 0.1554948286340201
1 0.29985611689726743 0.3555699580839439 0.16518970452587264 0.20618191286711748
1 0.19054929459036463 0.3755766499953556 0.1668067466803503 0.21567531203728052
1 0.08666122530852385 0.38657519481119673 0.16210106596219107 0.21219511452679143
1 0.03752428854024041 0.404367268671332 0.07163060206654456 0.231890462657336
1 0.8806793909013726 0.37252216636838054 0.06759656615858275 0.07540366431701004
1 0.8517595053627531 0.37236880101639647 0.06601588544042372 0.07216026514684692
1 0.8259237132082756 0.3649473873240864 0.07073065651766237 0.0772029626573361
1 0.7852396258742579 0.35786951574832504 0.07549087939029935 0.09005816016782511
1 0.7461680355151783 0.3592669950024006 0.08643746974937905 0.09244945435896632
1 0.6961498547970191 0.35993076844761734 0.09589428298109545 0.10722234937994442