0 0.6559865029254354 0.6735424234165871 0.07033108883351816 0.07420111600890866
0 0.643362994287562 0.8420197034134054 0.06201794108527139 0.06629770934118148
1 0.6685275593761538 0.11394979475649587 0.09589229333702498 0.058885198679181225
0 0.6579776904669628 0.2660571874204051 0.08146884793281686 0.07745338534372674
0 0.6239960232835011 0.6372594780792237 0.0905434592838688 0.07287497334499946
1 0.6405212777593212 0.1885679867520415 0.11165699568106327 0.08561133068109025
1 0.6151636389534898 0.5481606154121328 0.13501295496493207 0.1577045066836355
0 0.6318495797342194 0.07761230541849609 0.05506703423772628 0.055287484006999676
1 0.586592560142121 0.8210617660725422 0.17387519586563335 0.15503404002227167
0 0.572804049197121 0.1307913020766783 0.09483044108527139 0.0666795173456358
1 0.5565294046880769 0.059561192075087456 0.12405686613141409 0.0841942813494538
0 0.5023341694905883 0.49298167206395166 0.14717299352159507 0.1281806386855447
0 0.47418339527501124 0.7846237320575883 0.10212130937615385 0.107359061346272
1 0.4415888317368043 0.397814075389861 0.2891788232558145 0.20009309603754372
0 0.41482937923588226 0.7355317040499523 0.09344721622369914 0.11818747334499946
0 0.3328472825396832 0.2724226293761799 0.18254928901808826 0.14420562802354428
1 0.3022397416666685 0.7084595793682257 0.26043206199704744 0.23879196936663494
1 0.3195789196474717 0.12628342604231624 0.193086270819491 0.1380828973583625
0 0.17531988895348977 0.5430425700190901 0.19326554595791853 0.18960903469127163
0 0.8294090067829469 0.4195014554423587 0.045952850092285044 0.034884077339272325
1 0.8057898365171663 0.4894866914385406 0.10025842072720578 0.10265338001272664
1 0.7971891872277601 0.33091112277208606 0.0813687183831675 0.07589088534372675
0 0.7914991941675904 0.3761236254375861 0.04282785009228505 0.0348477146721816
0 0.7563918113787387 0.43738784209895 0.059293459283868796 0.07251134667409058
1 0.7237642882428958 0.7078997894254957 0.11153588217054296 0.13244996801399936
0 0.7361806384920644 0.3778219380967228 0.08132914558877821 0.05090906667727228
1 0.7195753269564422 0.3136139874283593 0.10434514342931003 0.09333292401336299
1 0.7186462777593212 0.18947705342931376 0.09493057063492075 0.06824201734563581