1 0.48731550179658994 0.08706664530117678 0.12238163277816075 0.11782382513557325
0 0.44856661603823716 0.3648149162802198 0.12238333684478153 0.10377041549465282
1 0.5062321073004826 0.14480642242853986 0.16821269402266648 0.13682835518980255
0 0.5499769951006205 0.18676666345154938 0.08801174497802293 0.07546360831306051
0 0.4990800650828808 0.4254978862259905 0.15293624163003816 0.125809041958086
1 0.5304048475017236 0.5245984615579554 0.2628195784748197 0.22950673458010193
1 0.603093474767517 0.2568155430382405 0.25136351723031397 0.21070219242562419
0 0.6125057677207043 0.6656183712970718 0.17914678588942506 0.16499880698520072
0 0.7198354918752334 0.3507286486208265 0.17584836411904964 0.1634181262670414
0 0.7924781093422678 0.4628786697962612 0.2327886430673102 0.19810219847574845
0 0.7125762899729954 0.7994979467272325 0.19234047297092705 0.1713215298578376
1 0.7416431812437155 0.9064292027773568 0.29806850359317993 0.181305583916172
0 0.8898126507841722 0.6194099500468822 0.2203746984316556 0.22308401775758924
0 0.8272244653365508 0.9801979800029157 0.1550309354075096 0.032131764830722886
1 0.9165400522214441 0.75750484768575 0.1669198955571119 0.21208288524403188
0 0.9367972683125053 0.9076366578924044 0.1264054633749893 0.11941359621281222
1 0.32575909713393086 0.18103533479993472 0.1327988674670344 0.11319995764913057
1 0.3686334679489499 0.24332625654110354 0.16022506818567034 0.14927381303532483
0 0.41350730132314917 0.2813711572050335 0.12186307153365501 0.09908291549465283
1 0.2769898936802981 0.7699801810127468 0.19182531985966272 0.12447380093507654
0 0.3284494941622137 0.9025790575743757 0.21630505454853627 0.11993174668035031
1 0.2553682100693785 0.8287375574761799 0.11040701028914937 0.08027837334017499