1 0.8903133769681016 0.38104554254434087 0.11921278062979254 0.1520404742462448
0 0.22799538143932577 0.26309057605331765 0.10994855258464734 0.10178538273097573
1 0.38651889894524893 0.3266912061992195 0.17272148238261414 0.15950203000581897
1 0.14727939458548756 0.29335177408676527 0.1469263858882573 0.16358375212603188
1 0.27910294717013484 0.377280750748906 0.19486941218058096 0.21390248758216437
1 0.19502756993452283 0.4701535190857954 0.19286782445033196 0.23539485030926083
1 0.7290375609697822 0.8155792655826376 0.3656189998662448 0.2943547463761561
1 0.4757377104723444 0.07005895574017754 0.05553598242719922 0.06176641848667062
1 0.5142513508095332 0.0945329261934005 0.08459254382053949 0.0842471963664577
1 0.5624277674613382 0.12058537210081624 0.0869224473261827 0.09062474212409224
1 0.6032574648098132 0.1574955696752219 0.1046578069667012 0.10908769970043757
1 0.6506526314616183 0.18361178846145493 0.10079309644977172 0.09021015394280303
1 0.23770269730389004 0.11079475241589598 0.09122624557336101 0.08788237939699584
1 0.7143304296865042 0.2202350725501599 0.1097290087195228 0.11259533697334119
1 0.1790674078208195 0.13451903696364287 0.08261864907900414 0.09336710485118863
1 0.7727995612372925 0.27227606254822023 0.10816650871952263 0.11246779121570664
1 0.3062311533941805 0.20620310514105272 0.14714592975338175 0.15277379788366643
0 0.1252976227198029 0.16573695711730338 0.07620449119130704 0.07892196757828503
1 0.8268828155970539 0.32072966694036686 0.09001975433746887 0.1032522878817268