0 0.3766899119716165 0.424282163977138 0.08679268038553252 0.11590207416309642
0 0.3959780699822603 0.28583782374108957 0.06926004091140223 0.09670372537911795
0 0.35703105348753184 0.7536613159156168 0.08071780622252867 0.1027988195279029
0 0.34112973219907194 0.8809901607868589 0.0800258232076474 0.08268740440630076
0 0.4034232776420609 0.4500552295923046 0.11578308517078924 0.14119551709585973
0 0.44233024857120284 0.307974992775428 0.08002241507440608 0.11041023464950506
1 0.38115372023593025 0.8322346646995953 0.12429097631891173 0.13458952636624666
0 0.3803613938028957 0.9222333205508104 0.09894754091140215 0.10052433806867711
0 0.4509877045570111 0.49699131374824523 0.160743629430176 0.18548622393420366
0 0.47045269247127175 0.33238664326899237 0.11803927225229102 0.14764660197425758
1 0.41308036665122516 0.9664155992954321 0.1400945102891494 0.06716880140913588
0 0.4772841076682754 0.5465809596066162 0.1527577076598007 0.18291829954221442
0 0.5111635513231492 0.3453268076681374 0.10137033349679676 0.16398358343348338
0 0.4419968410509494 0.9016720930043208 0.10241768038553242 0.11791292294707496
1 0.5285779546796087 0.6201800862017557 0.243721030867448 0.2670132980973001
0 0.5177695707178458 0.9579637467489427 0.09755505454853619 0.08407250650211466
1 0.5964014000084747 0.3986514289056262 0.23799470431181594 0.24317362834050424
1 0.5866343987022752 0.7616474203576964 0.2018837825414405 0.23698617613735387
0 0.7256451211828118 0.49460371454226 0.1949383913933179 0.2437932517453648
0 0.8189130008581831 0.8760811149463775 0.2648989356527046 0.247837770107245
0 0.8622660838645896 0.6015165896924851 0.267153418667586 0.31161381663807414
0 0.8779055684308655 0.9213582488555361 0.24418886313826887 0.15728350228892793
0 0.9484119390006894 0.6932609980115221 0.10317612199862118 0.32399164832619276
1 0.2677194972650032 0.649756529556526 0.09425833684478153 0.11378249855508571
1 0.32235607177885023 0.364923532746805 0.12394413277816074 0.13146452636624667
1 0.34849779785256685 0.2604751122675521 0.14737992871154013 0.14834221466381656
1 0.3019142592281449 0.708063557367687 0.10224425861515699 0.11635042294707479
0 0.3100608222692406 0.8161545951716924 0.06943516674839838 0.08440481025751581