1 0.41080498774781227 0.31806692314989937 0.13735714247680572 0.14224838161382528
1 0.8425284196435415 0.309404761924421 0.1320877610179167 0.11675570551101747
1 0.3569701665094095 0.37662787333521164 0.15338218597979178 0.16107813528985152
1 0.8118589946816664 0.34847197993997125 0.12780030452090294 0.13345052940820956
0 0.07622735315479132 0.4262198952181441 0.09680357123840282 0.07408024742375971
1 0.815019055852083 0.4145896560427792 0.17358558320625014 0.15852556506868543
1 0.30406141242534684 0.46269679888812654 0.1805629350298613 0.19043246653909596
0 0.06530673052961765 0.4916407930125283 0.09851154160312506 0.08049447279136253
0 0.05100332176182269 0.5673422893365021 0.10200664352364539 0.09710482499697815
1 0.8163977582650344 0.5235939694617857 0.24081075721819473 0.2341730305079956
0 0.2541497185617704 0.5882387878600479 0.1654107137152085 0.20910271286306994
0 0.046514863697742805 0.6594476766527009 0.09302972739548561 0.11297852205615726
0 0.8128714083412844 0.6078047440941831 0.1691526563445141 0.16897038896587765
0 0.1882863695879508 0.6925251604721419 0.151966462765278 0.23418718455464624
0 0.12958155718326322 0.7920817972384475 0.14626197663298632 0.25696778308423573
1 0.8215534644777078 0.7395051843512027 0.32057229882131966 0.3126967988881265
0 0.7458773979889577 0.9004419574356429 0.24131990349472227 0.1991160851287141
0 0.42465124183187486 0.22789236340691904 0.07402068787965277 0.09974186690972049
1 0.3555375659200693 0.23629144723240375 0.0711502610179167 0.11035091617451528
1 0.48967682978777766 0.22689521616242772 0.06947865824437507 0.10549919080691265
0 0.29766986132291645 0.2662347213149082 0.06795252583555564 0.10689746543931004
1 0.24111073679788175 0.27360385808121385 0.07282186379145843 0.11520264154211794
1 0.837024608473125 0.2430407477702093 0.10181837955902787 0.08863542352656761
1 0.14227254008451365 0.3141210226060501 0.08390483415618064 0.1226022191153362
0 0.18700381183600673 0.31020769558272476 0.05850479065319449 0.10278711323369424
1 0.7934012418318749 0.2666495501611372 0.08902743882958344 0.07482162058574673