1 0.28883929943801945 0.39875205918953815 0.11248584595334936 0.10111608379068446
1 0.33052232829633604 0.47230117045309966 0.12037809962937551 0.11747160402042293
1 0.3988945646920173 0.5281351877792015 0.15639535330540166 0.13711446528398435
1 0.44259053380735347 0.6134943640714803 0.1487470786730043 0.13776381499681137
1 0.49919706634169625 0.704220830823236 0.19964795918704362 0.16686284677728444
1 0.5850406586190193 0.7867898336949667 0.20729623381944098 0.16621349706445762
1 0.6594939516315478 0.8711141111359378 0.20680355771663309 0.16152599706445736
1 0.7338651319602747 0.9326603395341457 0.2610781352898515 0.13467932093170845
1 0.8103783190911612 0.9724279984843698 0.2415117264673885 0.055144003031260526
1 0.13085100532570518 0.19508929910657485 0.07186556396889951 0.0670454624122538
1 0.14972063583974443 0.22044441470963833 0.06717806396889951 0.06649757223994994
1 0.16250449172138637 0.2466315100829633 0.07235824007170741 0.0717329624122538
1 0.1834691751762466 0.28457794071474407 0.08658496543931 0.07493913292916528
1 0.2101090698444977 0.3177861415762632 0.08633626838013093 0.08725650287173066
1 0.2432030667183645 0.3610085476388036 0.10311084595334927 0.10002030344607685