0 0.2242511374123303 0.3720271308238415 0.06181768198597286 0.06789702870210093
0 0.17227762723329748 0.3949553126041504 0.05420544108527148 0.07029270049911425
0 0.2844073874123303 0.3664113036608446 0.06886871838316741 0.08098049126449017
0 0.3436321930878563 0.3585246593181464 0.0702309592838688 0.07800135690508751
1 0.7119525940753053 0.26833988685598387 0.1015996776670363 0.15548107279524198
0 0.40895680443890836 0.3477108024130589 0.09234579117755662 0.10802261023285267
0 0.48219404533960974 0.3377301173049848 0.08196949568106326 0.09152241638926881
0 0.5561624714654864 0.326895249376612 0.09350777297895937 0.10191847587345002
0 0.6308120180417138 0.31442494862794057 0.08559514342931003 0.09962664767046343
1 0.29791677976190606 0.47910909109845534 0.12663925046142532 0.18266905740420186
0 0.120552045801035 0.544394072587446 0.06321949568106335 0.08977202870210092
0 0.1702015923772624 0.5342576220883317 0.064681866131414 0.08835539434269819
0 0.236177045801035 0.5336000151832442 0.07495803207825791 0.10329308818628213
0 0.4001696946290158 0.5049299401002267 0.10947273442229637 0.13291876663882576
0 0.8496900308416404 0.4063789043270035 0.09859579117755643 0.108606072795242
0 0.5030140923772624 0.5031882406411021 0.12942428901808825 0.15341915432599365
0 0.6006004912052432 0.48071745528347093 0.1194485117201923 0.1431689604824097
0 0.7901240661591006 0.44573434713059773 0.10801036397194572 0.13433540099822855
0 0.7028941764304185 0.47038200582434636 0.12081075262089361 0.14018982612300715
1 0.41549219694536765 0.09403325062439775 0.025339961443337167 0.031875484608959816
1 0.39459870604466624 0.09912743677246158 0.030327850092285048 0.03700058153075179
0 0.442936076495017 0.09304310191394463 0.02816457279438911 0.027479715890154476
0 0.36576230721668546 0.1151801339438107 0.021514054595791875 0.020646253327765197
0 0.3442878254152828 0.12347225291217319 0.028064443244739758 0.02591721589015448
0 0.31734459361388007 0.13227490162262634 0.020151813695090493 0.023625387687167886
0 0.29425754703765267 0.13993163623158617 0.02473918414544123 0.02250048460895986
0 0.4190270095607239 0.13692906780409908 0.044991127390180984 0.04768837229612766
0 0.38749640730897056 0.14773181343634417 0.03491522054263578 0.03587567845254376
0 0.45491444478589926 0.1327929080703607 0.04342862739018116 0.04754250665553039
1 0.28249802667958707 0.17718192699696206 0.05829216378737554 0.061355297420906264
0 0.32297283235511315 0.17104567034143167 0.0349152205426357 0.03587567845254371
0 0.35709750848098987 0.1639303762482906 0.039903109191583755 0.04100077537433573
0 0.3822069324473982 0.20009657445962947 0.052903756939830335 0.049980200499114266
0 0.46744352559985297 0.18113646422677676 0.05586807063492074 0.0720010661397116
0 0.3376954688445927 0.21682667803695174 0.04322836829088237 0.04441750665553033
0 0.5124556369509049 0.17221886064945444 0.06660531153562203 0.0698971256238929
0 0.29668973704319007 0.22694211751278076 0.04519138648947969 0.05081337229612774
0 0.4252257472222228 0.19686651934320312 0.05007914558877822 0.05437596921791967
0 0.2582780791159106 0.2407450085277138 0.037178627390180984 0.04695904409314107