1 0.42681977538190685 0.32083486955662116 0.10432496801399935 0.11214726842611089
1 0.24807715738381586 0.3505496382655561 0.12919769867918127 0.10339698501425901
1 0.46977998205758825 0.38355019156412123 0.11082950668363552 0.13456907257314796
1 0.2614953147278608 0.428362279971482 0.16413632001909004 0.15484190782296264
0 0.5456617767345423 0.452769791799677 0.10585110534690845 0.10915896946287015
0 0.30153960673931485 0.5093197540525006 0.09941929201145401 0.09298716531583331
1 0.6377043734086328 0.4994602811492605 0.17858062802354446 0.1888847171537961
1 0.35604638808876865 0.6234219188026858 0.2146635786919079 0.20452884099925886
0 0.7376600147596776 0.6213168658334274 0.13156017735518083 0.17228368605101813
1 0.4165673594445858 0.7839206299242137 0.22120448002863496 0.23007564514629592
1 0.8290673594445858 0.7478315562197702 0.1682249306969986 0.23792780989648127
0 0.5372440334579489 0.8719005006121308 0.12690904002227157 0.17499858294074064
0 0.9294133521244035 0.8360260403855573 0.10932155068427178 0.13911987153638883
0 0.6932036794636758 0.9004862474545845 0.1570681600095451 0.08398260367592555
1 0.18953685669954395 0.22585172610726886 0.09729317067154523 0.04441296427907391
1 0.3340771973663167 0.21398813020703766 0.09315111067790856 0.09087786116879615
1 0.1830146840388164 0.2702168807726856 0.09605793467536321 0.07240126324231469
0 0.36274763737268 0.2584025115453711 0.05993862133990877 0.05363213939685174
1 0.18455045938095238 0.3349922802543059 0.09629429201145401 0.09271376324231469
0 0.3641743247135433 0.3138029110269914 0.05377952800763604 0.060897835249814666