0 0.5488178801320394 0.9287805093737198 0.07876134667409058 0.0610647878817268
0 0.5476275501272669 0.8936880322525372 0.06922271467218159 0.04623701333591938
0 0.5976077267663591 0.6862902493717802 0.15901246801399935 0.11600712152108805
1 0.5477633627864036 0.8381555093737199 0.17476473734881742 0.12822007909743355
0 0.5546486147755859 0.7578302805855472 0.15443405601527208 0.12499948424818434
0 0.4513519867918124 0.8859070963470611 0.09772952267663584 0.08134533697334093
0 0.4190667454646303 0.9338980572573863 0.08186816534054522 0.0597573793969957
0 0.5793067866804539 0.06171160036960386 0.18112382535009014 0.12342320073920772
0 0.5020454000238626 0.13496660755694867 0.1655715506842718 0.14307980455162622
0 0.36735332137172555 0.25309433847115326 0.2443874413589988 0.20883209243335302
0 0.28769418805695196 0.39644546786814916 0.23186926002545336 0.2062492263722767
0 0.1585890380728603 0.5242830386306327 0.231814716024817 0.2015617263722767
0 0.31734204133513627 0.004416819844399794 0.20030908267027253 0.008833639688799588
1 0.10635547075904121 0.6724333672690243 0.19914766669318057 0.21138326546195146
0 0.0683020347708134 0.7623407612098877 0.12009541868236291 0.12531847758022466
0 0.04572814811422202 0.8384726975744057 0.07294769867918124 0.09805460485118864
0 0.20699543467536322 0.0597259442404258 0.2014908693507264 0.1194518884808516
1 0.9075890647278608 0.37712357496605586 0.09465906667727211 0.0857777454580722
1 0.8841157494032241 0.4431630342093912 0.10258065467854464 0.0957904742462448
1 0.8343799260820871 0.5371520213325136 0.12294769867918127 0.10213606909549373
0 0.8093168387571321 0.6009752763334835 0.09451361600890858 0.07327774545807202
0 0.7710543174331318 0.6729139202743467 0.06626134667409059 0.060044421820650486
1 0.8626209153803159 0.27600735617982286 0.10570565467854465 0.09604556576151388
1 0.701260532781631 0.7904360022467182 0.14173406134627217 0.10679161818710821
0 0.7168395321053133 0.7180030217915555 0.09623974801081765 0.08746779121570665
1 0.8187078307208612 0.3327674102724071 0.12153064934754462 0.11450852333785928
0 0.7851328093968607 0.4043234169403669 0.10238066000954493 0.07860297424624481
1 0.6977435394254957 0.6225947980043527 0.16844201201463563 0.12145989606689511
0 0.7443265434038604 0.45926587951768205 0.10873974801081765 0.08848815727678297
0 0.7116691320814509 0.5424768633068245 0.124455654678545 0.09757611485312837