1 0.5985918640445991 0.2927687470888366 0.1834046095770768 0.1403579143092893
1 0.10300090016545108 0.44433103951759023 0.15344437418757345 0.12196146713794018
1 0.10876788474417558 0.5607892113146036 0.16180234496658025 0.1539407953409267
1 0.6618713396948698 0.4210173901837491 0.15536143019392784 0.14241983277853745
1 0.11449791315438987 0.7240494502913183 0.20587962743398433 0.17677503327765187
1 0.7421474005724882 0.5585990112320911 0.14919325081077872 0.1465238702161482
1 0.8402012966774542 0.7054406774135638 0.15615236282348768 0.18773233277853763
1 0.1292211120192994 0.908309495424449 0.17602848620028227 0.16462858610630277
1 0.11754028165662518 0.1029037784943049 0.09489548863591431 0.0743769384358393
1 0.12948117410814322 0.13376810336952633 0.06471706493480815 0.04348049126449016
1 0.4061800418028949 0.10013738498380043 0.10586026217486459 0.07696049792002055
1 0.1271959253259592 0.17532021901012365 0.12299321509696393 0.07544001996659108
1 0.46441923579654054 0.11497992346140089 0.09969208279171564 0.08106453535763124
0 0.11995044115427181 0.23293493157251294 0.11022047970746054 0.05864809484181244
1 0.46412318100800204 0.1766257406411022 0.11251936525911965 0.10098146048240979
0 0.12077655560261262 0.2749765659319156 0.11183752678536121 0.06191896048240979
1 0.536056682225818 0.21124923835332673 0.13606595941492117 0.10941944509136965
1 0.09771515665827282 0.3449874349002781 0.14705800649282177 0.11356550457555085