1 0.8642687625870135 0.23066290527143724 0.06186201333591938 0.07334164727484324
1 0.7631843657712121 0.30261726679058565 0.09228283697334128 0.10376247091226495
1 0.8141888853160495 0.28193823390982875 0.0842152454580721 0.09999974212409217
1 0.8543834506185215 0.26371452133251355 0.08383260818516866 0.09531224212409217
1 0.7324444198637965 0.34995452345854544 0.11670875212603189 0.13679811151914834
1 0.6689239248647663 0.3810926952791959 0.14540757909743346 0.18415134364130098
1 0.5950398857750916 0.42015493740328813 0.14397262485506807 0.18558629788366648
1 0.5214587356253103 0.4725622024061977 0.159852716370337 0.18998675546001173
1 0.4558654286577881 0.5361142614997517 0.14164485030926083 0.17608375212603206
1 0.38438891244693063 0.5757664349873922 0.1315045757634535 0.16594347758022465
1 0.30894237335725594 0.614956222869119 0.1564726248550679 0.18660666394474285