1 0.6025817385011117 0.27834772671649893 0.11656136635259244 0.10690893892580319
1 0.6039692897734267 0.3512845789682523 0.13218636635259245 0.10791023442229637
1 0.5838919441560193 0.4209357449150962 0.14062358294074037 0.1333107526208936
1 0.5597716475018529 0.49239973473606347 0.15617067049962935 0.1156621776670363
1 0.5405439024028252 0.5612195859080826 0.15079966531583314 0.10754928901808825
1 0.5047643528739366 0.7126714643779978 0.18572146946287021 0.1160021391103733
0 0.485574146936205 0.647867287172387 0.19285046427907387 0.10869028685861988
1 0.4618550999992146 0.7946619440199323 0.1793347684261109 0.11403912091177588
1 0.21382947120629653 0.10438140962532241 0.2246855161170367 0.18841735965300904
1 0.10904351786046304 0.18961560765042423 0.21808703572092608 0.21451878469915156
0 0.06861471602250024 0.3237996429678846 0.1372294320450005 0.16177571406423077
1 0.6512221644673614 0.08645132094868785 0.11247945909527761 0.09577117982650452
0 0.6210076926954169 0.12101608806755096 0.07312443317629622 0.05440570018457014
1 0.6195921641845373 0.163834643743077 0.06994064458064812 0.07129281153562217
1 0.6071612232325468 0.2260039767164989 0.10093636635259244 0.10590764342930994