0 0.5577739049493817 0.6841849467884842 0.23167022046570535 0.1856928778516064
0 0.7322595330688461 0.9857062206949067 0.08566799126449016 0.028587558610186647
0 0.5531569147248814 0.5681792149870815 0.22244108610630278 0.18665460055371028
1 0.48637004326094735 0.2936507819213744 0.382755524542142 0.2901171668696946
0 0.5552683319463437 0.41610557525839925 0.2784413768716785 0.20422163479143657
1 0.47712737458390314 0.14473242057032237 0.3605047491678063 0.25141561227390274
0 0.8160351131440162 0.7387873133813234 0.23829599584004119 0.22339313695090493
1 0.4783239989600103 0.08268300354374429 0.3222729979200206 0.12471340992986421
0 0.8479588849827906 0.5816349498708031 0.28667167429258467 0.2591093938907353
0 0.8733515348376365 0.411120993207828 0.2532969303247271 0.2310845234403846
0 0.8262645035355611 0.24942322716869905 0.2416707050746652 0.20963102559985297
0 0.7597408756238929 0.11081250770579745 0.1976067512477858 0.13691541640826924
1 0.2970267156813487 0.8025997755998528 0.08512655074867145 0.08000647748246612
1 0.2694938664717813 0.7239543414544117 0.1146063635606179 0.1129586798265045
1 0.188510952162492 0.5385990299187895 0.1315021322794232 0.11093510487264702
0 0.23687673086459288 0.5991650925341458 0.09991837895165805 0.08872014342931003
0 0.3942886023285268 0.8795010394795135 0.07989761023285266 0.0905434592838688
0 0.44244548232017455 0.912873546419344 0.08956434151404728 0.09426923658176492
0 0.20341531218754869 0.4486947231635294 0.11271011023285267 0.0926461798265045
1 0.17236188810275985 0.3822489003691403 0.1424396322794232 0.1116360117201923
0 0.5033520715464465 0.933084719306018 0.08800184151404729 0.09416910703211556
1 0.16690182633080314 0.2988053446936142 0.14643982612300716 0.12121127081949101
1 0.15631666763705448 0.21037390036914028 0.15996088560718835 0.13294980721668548
0 0.5702688512885371 0.9428089751661142 0.09043953535763123 0.10364423658176455
1 0.6412698689673527 0.9767579688445928 0.12291828202986607 0.04648406231081452
1 0.17812742304479912 0.12790136181247735 0.14181414767046344 0.08829864126984162