1 0.6225144049815732 0.5129787597882828 0.05487868969849785 0.042425602176918174
1 0.6121352722505975 0.6113344142347866 0.05436850666795969 0.036175602176918176
1 0.6114654636160853 0.561951973127794 0.04681109818322895 0.03902778366526398
0 0.601389348762957 0.685389473127794 0.038615960910325244 0.03406746515360979
1 0.5914566261837022 0.7782763775742978 0.06358401000193972 0.05363592068857255
0 0.5935929531551037 0.7329093138719669 0.035618506667959696 0.035520837748947896
0 0.6150206404377057 0.4704093138719669 0.03899859818322895 0.03875496515360979
1 0.6359539912060083 0.18517121831847058 0.04630091515269079 0.03277778366526394
0 0.6166945818031936 0.4211087183184706 0.04993609818322895 0.039136911069925694
0 0.5980729011885513 0.6492337183184705 0.04199605242559432 0.037301592558271326
1 0.6166145755942757 0.33570693165798177 0.0547511439408634 0.04086310217691817
0 0.6131708401381433 0.37789443165798176 0.05175368969849785 0.04231647477225655
0 0.5717822417857364 0.8849256816579818 0.04030600666795969 0.035684528855940555
0 0.5711284086054171 0.8449455224021547 0.03498077787978708 0.027708337748947896
0 0.5712718008792905 0.8143949268486583 0.03447059484924893 0.021458337748947898
1 0.6103962686267534 0.27751248574166576 0.05851387272903601 0.04878472958157998
1 0.5538934979946543 0.9696999857416657 0.05538887272903601 0.04867560217691817
1 0.6115280760533176 0.21565732648583863 0.05149859818322895 0.039191474772256554
0 0.43002556329712627 0.9783519670101171 0.055261326971401556 0.043296065979765784
1 0.458611659523501 0.6012723895551974 0.13839256242753403 0.09208335099579194
0 0.4274106173897104 0.9355109802993702 0.038871052425594146 0.037192465153609786
0 0.43310225012068615 0.8369916347458737 0.05758910151720862 0.05654266587924894
0 0.42648571723992923 0.8892535391923776 0.05057382697140156 0.04694941106992552
1 0.4731195381715908 0.28917169363888134 0.1298147878817268 0.08243553248413757
1 0.47767923453804856 0.21411712993655044 0.10742960485118865 0.07542164065150567
0 0.426182441486174 0.7873909388295578 0.07790160151720867 0.05725199400955035
0 0.4486304948298523 0.5123909388295578 0.1048147878817268 0.08156251324684405
0 0.4294507048220936 0.7185590932760616 0.09623701333591957 0.07191469473518967
0 0.4558685231686814 0.3661334977225653 0.09610946757828494 0.07035219473518958
0 0.43176237497575415 0.6614459977225653 0.10066942182065049 0.06895338584218216
0 0.4441340555903963 0.4331027429132419 0.09167705909355414 0.07331350362819702
0 0.07800067769121258 0.9604761977304145 0.10363492515463038 0.07904760453917099
0 0.12735985439214667 0.05223960099579189 0.11575228788172676 0.08194445916315991
0 0.05819810284584294 0.8803100372934611 0.09971269970043758 0.09540675843752026
0 0.11910120211633357 0.13421628729346105 0.10532497091226492 0.08781251324684392
0 0.07930602316868136 0.35298364546082905 0.12321384364130097 0.13517858656782158
0 0.0890632736277233 0.23345239546082905 0.11036315727678292 0.11135914065150558
0 0.055103248622874135 0.7793006088003402 0.11020649724574827 0.12193454210278461
0 0.05762214839820233 0.6480506088003402 0.11524429679640466 0.13556053248413757
0 0.05475198203756363 0.49836806733052796 0.10950396407512726 0.15549108656782168