0 0.3682777450942652 0.3326816798951421 0.15645954152049324 0.21335006818567032
0 0.06142952030313612 0.4868105730850498 0.08631418479069153 0.09512885382990036
0 0.47506891456191747 0.3341702495096096 0.15770370653952134 0.20571098995604586
0 0.0489560366147585 0.5658885407888047 0.05512785178688593 0.09322291842239068
1 0.7281156601132931 0.28489546182359454 0.24462006920082224 0.3537914220155707
0 0.6151500865010278 0.3437357119461922 0.17080588441013056 0.2600499423486742
1 0.8716574130790427 0.2830898698342384 0.22373456623507265 0.3374744390006895
0 0.3245754605310351 0.5698280200879082 0.1939595415204934 0.2175121906746817
1 0.9378103592012597 0.28787345308584 0.12437928159748068 0.3071017722522911
0 0.47205263840164446 0.606824795442989 0.22692855041774185 0.26316812608219137
0 0.6352330707208781 0.6632678139795025 0.20594488836446345 0.2826152212969347
0 0.7977330707208781 0.6452319498604528 0.21640222729976805 0.3102182519191876
0 0.989793306349241 0.5374450108597634 0.020413387301518073 0.22811988780013798
0 0.9239600593149906 0.5940341861007212 0.1520798813700189 0.2850482382820534
1 0.249864690227899 0.08449153205105006 0.07005251482874755 0.07776963612614554
1 0.32197977076024664 0.06314616972859036 0.09913251977166349 0.10432872799290412
1 0.4911953443725121 0.02771785860668221 0.09489068874502422 0.05543571721336442
0 0.4363460182887887 0.04208129060490824 0.07681185079830274 0.08416258120981648
0 0.18120487353571577 0.171375183488322 0.08073534684397003 0.07273358851877383
0 0.15232779844057556 0.21381940801064384 0.08417868182494201 0.08089293205952482
0 0.5742452663116223 0.03327885770838723 0.07894735376405215 0.06655771541677447
1 0.635263679353484 0.027552957169410246 0.09552735870696819 0.05510591433882049
0 0.13577430980928207 0.26980671925514954 0.08248884783255325 0.07759451028914928
1 0.7128620973382616 0.027774420565586527 0.10353085969555131 0.05554884113117305
1 0.7942712648287475 0.028256442633981204 0.11491402866891214 0.05651288526796241
0 0.12810107266086332 0.33187146076259016 0.09355368182494202 0.08193346268177767
1 0.0663942515200558 0.39679425334798474 0.10426568874502422 0.11578649330403054
1 0.8728883547526355 0.036161617752341405 0.07546952669174586 0.07232323550468281