1 0.6009029480855064 0.387492528212675 0.11692371384811917 0.11630675861515698
1 0.58917402472877 0.613188771394108 0.11491478321633827 0.09911925861515698
1 0.5749492558072732 0.057107408725042406 0.10937501442246518 0.11421481745008481
1 0.5380478252712103 0.4700380792906289 0.1374188439055537 0.12012374163003833
1 0.5253448773452336 0.6842757051276251 0.11345374275686133 0.08661925861515699
1 0.5016030708359904 0.0561387766612802 0.08843345373324993 0.11006016674839839
0 0.49758515909380063 0.5061447408944526 0.09249189304403452 0.09200385382990035
1 0.5016029843011991 0.7686490010610043 0.12577111269942698 0.08644413277816092
1 0.457092109859602 0.08729695357623035 0.10505277453733441 0.13349596268177769
1 0.44487614176769885 0.5744552222353414 0.19279628608806904 0.18487481651167811
1 0.4140725363433164 0.8577888395797784 0.13965098264199222 0.08644242871154013
0 0.39093944380981627 0.6598664926910426 0.13478085258455758 0.0843596634004136
1 0.37047481940012517 0.10924844006169385 0.16099839591576526 0.17671888110416845
1 0.3697239091895185 0.9205447120687896 0.15446429189534222 0.06803756818567024
1 0.34463261579449905 0.7459731542948663 0.21901381499681136 0.15848233014881216
0 0.25968950149967723 0.1994271051360999 0.1875406068921536 0.2058827076598006
1 0.23845362737713952 0.8495206322877704 0.22445212425016142 0.13903693900068959
1 0.17982942941925692 0.9354521680545981 0.2059253323548192 0.08608706483768565
0 0.1369216402361157 0.24698215968463616 0.18837258666241521 0.19980612943017606
1 0.0906807876036992 0.3526175151885288 0.1813615752073984 0.21959325191918752
1 0.7321630998085447 0.32665707569744906 0.09395293350351146 0.10450385382990027
1 0.7027901229419198 0.38003965225308123 0.07587257223995003 0.06856805789652105
1 0.6849025362475987 0.427520776416085 0.07972809246968851 0.07516490143727203
1 0.6592430564454312 0.2907969142162229 0.11122160402042294 0.1203005715336551
1 0.657457319495843 0.47760493120134173 0.09387176298659998 0.0906147756002758
0 0.6219561200382832 0.33272002139410795 0.06503653178047308 0.055027527274268094
1 0.6152698122846104 0.5416631710347899 0.10535715315890375 0.09651622799290412