0 0.7177834364306486 0.4302571199306482 0.08404881952790291 0.07380568114108108
0 0.8936801339986052 0.46951232671229254 0.07639122537911795 0.06257708271265763
1 0.13784195178114347 0.3349080010334573 0.07496726246066618 0.09978598428423427
0 0.2959478947139068 0.3686751871369372 0.09190749855508562 0.08659677956950462
0 0.6833227991202075 0.45816164205655474 0.08646183806867694 0.09255568114108108
1 0.21912994642349276 0.37519270678164435 0.10490202636624675 0.11515842721213972
1 0.5927983415594065 0.454721964844415 0.1797932995422144 0.1419435591390091
0 0.105547069105896 0.36757279776646967 0.0646493858655266 0.055817660462916766
1 0.8773811471817288 0.5238894576057046 0.18305683662376246 0.1793707845319034
0 0.16633638399860534 0.4356357471045159 0.08237759270387049 0.09702485731976362
1 0.09614751595139562 0.4393557524811994 0.09537212051503163 0.12558650496239881
0 0.5473987406080564 0.5605502797743924 0.15327697856939704 0.15313361621110372
0 0.8518144235479757 0.6329712051245053 0.12400801709585982 0.10672949710451576
1 0.45579812647358303 0.6090904795267233 0.2465757025036007 0.29881429735218495
0 0.8082722291702978 0.6868560303935649 0.13217650782547272 0.09779114474715093
0 0.33809826625184597 0.7022325498333842 0.17508943077254752 0.1898716368892682
1 0.7915003404149423 0.7979005382514478 0.281415420057246 0.26782116252983135
1 0.18857788893424918 0.6929388248547749 0.16848344004293453 0.19888276385373888
0 0.634884701659587 0.9012490156110673 0.22296985516453666 0.1975019687778655
0 0.43627419467812806 0.21601472166884053 0.0417689614735373 0.0469863159634347
1 0.5106083922460849 0.25053957898860413 0.11891834733906385 0.10338617328319832
1 0.34798476029329456 0.23597615715314785 0.08838032879828991 0.0833262303552929
0 0.39548610444207943 0.24906050806277066 0.04156787659513963 0.04542381596343468
0 0.46321431128042334 0.2925964923470049 0.08107872537911795 0.0627954065339753
1 0.7460566215379392 0.3663423231976358 0.14824985660945114 0.1140711162111038
0 0.4027251600644018 0.3053105080627706 0.06338032879828984 0.08216183664159918
1 0.3391884617739877 0.3124466118678776 0.11014660197425759 0.10763702564056317
1 0.21111782518600392 0.2948331186923031 0.08394009270387048 0.09709763192686945