1 0.6377313600354795 0.4363381743410427 0.1465145239262835 0.117201452503779
0 0.6049111917356862 0.3753775585136749 0.137488071533655 0.10580892619541978
1 0.6351368497463301 0.5156616532943553 0.18574874163003816 0.1350105787839034
1 0.642699441490491 0.601379345415965 0.16995031985966272 0.13253802616718496
1 0.6579011114642765 0.6882045112292154 0.2097048028745439 0.15503465244730918
1 0.6415935008158092 0.7861792796450668 0.18383769402266664 0.14576606826055957
0 0.09689033659958633 0.3646323764212987 0.19378067319917266 0.24886024715740263
0 0.10901717828244854 0.6846417685570259 0.21803435656489709 0.3188689102692299
1 0.5642495543033411 0.07735655844308768 0.09860069737065125 0.0911247999152954
1 0.6098409316917321 0.22606009797621374 0.14391149330403047 0.10773544724210718
1 0.5745885984401304 0.1520457453030255 0.13227860215590787 0.11481990514873237
1 0.6204392564507742 0.2914197874669875 0.15276281985966272 0.13153696828879458
0 0.5416842753550806 0.11282362158314989 0.0796806837335172 0.060527247298576906
0 0.5633960779844294 0.1969410163497129 0.09669305789652113 0.07393729991529537