1 0.4260232454266079 0.4183477742940761 0.16820831618646542 0.1751546770375477
1 0.1749450748858205 0.4464158845747508 0.1332879419114117 0.12324874163003816
0 0.8491540147226397 0.4070123087547041 0.07104805103961845 0.09929779258539462
1 0.9070373697016617 0.4228906251437845 0.08376153859206355 0.12394924497802293
0 0.47740722405598357 0.4784104971424056 0.09361013527271585 0.1312397756002758
1 0.9495674892028305 0.46463860648467337 0.04275803029369385 0.13489185717788493
1 0.22190166264340289 0.5233192638823292 0.16906042116548728 0.16595309880792328
1 0.5750984402378045 0.5199782404464361 0.17322770290907386 0.20050152057829856
0 0.2604779879534307 0.5756579016824672 0.13473204274124867 0.12185966340041361
1 0.6398461792401424 0.6012197201133327 0.13115860207923688 0.19738163277816093
1 0.3225626682424803 0.6400595769234249 0.208194698759889 0.21212929952655912
1 0.7641590950070449 0.6449543835137463 0.17798698050347533 0.24286244234867418
1 0.022561453622409088 0.748082988159456 0.045122907244818176 0.14547740143727203
1 0.41790921180892154 0.733363241997831 0.2454830564382032 0.2952852349340688
1 0.8816766364988938 0.736779703373409 0.16205524979950744 0.2984204593337928
1 0.9329422159581064 0.7984049262217384 0.05242014067130043 0.30329501363713407
1 0.5410013244616132 0.837255105687789 0.30945231328668044 0.3254897886244219
0 0.6732209059954183 0.9033476431899079 0.24803937137526866 0.19330471362018428
1 0.03405904314223397 0.9615410680630727 0.06811808628446794 0.07691786387385449
1 0.8288789101446031 0.9390126560513444 0.1558267153566284 0.12197468789731118
1 0.919811563463951 0.9656529205867734 0.03558414772027021 0.06869415882645313
0 0.3262278454312523 0.21740673505666636 0.04886447510489074 0.05190423134088886
1 0.35849589377157826 0.21783688134936363 0.06614706348717299 0.07551344904464363
1 0.4215403454312522 0.22798546304957049 0.07313076929603182 0.06544305789652098
1 0.47016709958043706 0.24126074881639797 0.06543666846619481 0.06613844904464364
1 0.5137395008251925 0.24846030838691133 0.06134116431700996 0.0734306837335172
1 0.5623662549743775 0.26173559415373887 0.07743976099766207 0.08141490143727195
1 0.6118451141025842 0.2845593016909419 0.07779495850815117 0.08610240143727195
1 0.10488287385084646 0.3417377569411646 0.08466026514684702 0.07446951028914928
1 0.6669703219860355 0.30564623542445907 0.08619945435896632 0.09478201028914927
0 0.7242733365081826 0.3395800126987273 0.06830155933798814 0.08349937081501917
1 0.1436959975012003 0.39095139474130247 0.1396796518694554 0.10536585048191557
1 0.783352338582775 0.35007628997299534 0.08125184523075965 0.11127582320764748
0 0.3090725437669339 0.4022161415159154 0.054972765146847014 0.07117449665201522
0 0.36513328961774905 0.40056011436424477 0.06903526514684692 0.07273529258539457