1 0.07660484710485936 0.3878827017305291 0.08051813942190075 0.12288764031489627
1 0.13896313714681566 0.4141148859105498 0.10310353444287887 0.13494855258464736
1 0.19766363092303832 0.4329321183377489 0.1238663203356503 0.16381326310157682
1 0.28345942096499466 0.4620420656639316 0.15241829544054095 0.21375787712414934
1 0.38291496930532065 0.47734959631601664 0.15783950124939983 0.20358778062979255
0 0.495676923664287 0.5763329559119502 0.1650133838228232 0.23697583325902496
1 0.7742988311328197 0.5966117627894814 0.17074316556640987 0.2717345350118464
0 0.6497374616316508 0.617694666362002 0.16427967801396443 0.24772148238261416
1 0.9002343691001837 0.634520157464139 0.1585032746946169 0.25320407887697094
1 0.9612963879720082 0.669194780228527 0.07740722405598355 0.27592956134875524
1 0.2255736367458303 0.9723536271687344 0.11602866431701005 0.055292745662531215