1 0.7252718345486026 0.46007892167509407 0.13189274742375973 0.11316455884240302
1 0.7095130499879125 0.5223852697108011 0.11955697279136235 0.11289607844831054
1 0.7368357952121004 0.4017734559916022 0.11898454301252848 0.09281245099757207
1 0.6743872407948251 0.5833932108807386 0.1625655996293755 0.12688813727837295
1 0.6421799703883468 0.6502132108745684 0.1610030996293755 0.1266592647291116
1 0.6026129992466634 0.712878284396721 0.15384750109978604 0.13176490198280355
1 0.5634167146859734 0.7717515441935046 0.15113542352656778 0.12059852943354202
1 0.6775171851045393 0.2984702206898625 0.1732544025701966 0.14076137257394256
1 0.6960326420920109 0.2257985540273093 0.16091862793779904 0.1404928921798499
1 0.5291965040224758 0.8267383579127034 0.13929232499697813 0.12501754903944934
1 0.6134733308725762 0.42831840695215284 0.20647510698142782 0.16408882355917404
0 0.6025922207650152 0.33211022067752205 0.1483388742617729 0.12326578433501875
0 0.5065968702090784 0.47266264713068845 0.19438802940820957 0.15154921571434304
1 0.44912203068122025 0.6650108333929788 0.22415528308423585 0.17129392160105147
0 0.4548137549490369 0.5581534314348562 0.19101433234903045 0.16336259806655828
0 0.39660226027474205 0.728855490246408 0.19488070551101747 0.1562367157143429
1 0.3587924553075739 0.8594695098461452 0.22399105771663308 0.16973142160105148
1 0.33785349464407605 0.9164017402340676 0.22506088161382537 0.165272794150313
1 0.3659152540224757 0.8028211765148686 0.20400700845183833 0.16988107846065076
1 0.8414246694738733 0.5186308089472969 0.09118799374773365 0.09181774511086367
0 0.8172387192885611 0.5666259805113268 0.09267074007170742 0.07665049020938675
0 0.8006588078898579 0.6211198285470341 0.07720996543930987 0.07592426471677101
1 0.7781174703883469 0.6701251226603256 0.09743799374773374 0.09273323530790982
1 0.7461916968557356 0.7762166912810015 0.07433366249848916 0.06319539216750947
0 0.7572183865628622 0.7347554167736172 0.07392074007170742 0.07390401961824793
1 0.7067091974056285 0.8250481373524157 0.09489014154211795 0.08312936275864828
1 0.7708073088164191 0.35905776972314163 0.11750179668855446 0.10797970589904882