1 0.3984375 0.6327612400540884 0.0953125 0.09017156134627217
1 0.4140625 0.5040368033895428 0.0984375 0.10114542401336309
0 0.45234375 0.4216697460614062 0.1015625 0.09493178668045385
0 0.5265625 0.9747658320337258 0.059375 0.05046833593254831
1 0.4609375 0.3264572433959062 0.125 0.09207950668363551
0 0.5734375 0.9668287994111783 0.059375 0.06006589067472703
1 0.490625 0.23383393873326966 0.1 0.06835110534690844
1 0.57890625 0.9153299340785873 0.1015625 0.08868178668045382
1 0.5875 0.8185549314130872 0.2171875 0.1775272053628168
1 0.53828125 0.13751346940640571 0.1234375 0.09831132535009016
1 0.61484375 0.6876231047501326 0.1625 0.1456408586887262
1 0.696875 0.5393588747612684 0.209375 0.1743112986950896
1 0.7609375 0.3830730594366316 0.253125 0.17482037603436212
1 0.809375 0.2039491807765404 0.3 0.16442831604072544
1 0.834375 0.06830258211326751 0.2375 0.11995106269890761
0 0.3796875 0.801293064051543 0.0578125 0.05067270934118149
1 0.38359375 0.7489947673854067 0.06875 0.07423747867599957
1 0.3859375 0.6888657893857248 0.075 0.06493520401018138
0 0.425 0.579164072724361 0.071875 0.06489884134309047