0 0.43882963711275524 0.7104032338620486 0.06874056396889969 0.06301521046687383
0 0.43620439023888835 0.6706504891237204 0.12120394448293884 0.08936487884037306
1 0.41705326285098226 0.6066411970303457 0.12037809962937551 0.11105786831702939
1 0.43766377277927493 0.544171289109603 0.12555827573218328 0.11601838410204515
1 0.5745019269991504 0.8339988995341248 0.10795313528985133 0.15536931043863902
1 0.43216458197236224 0.47707479437127487 0.11519792352656762 0.106097352532014
1 0.43612486285702606 0.39655283646464967 0.15014535330540166 0.12832096302712265
1 0.618132296485111 0.8132460547534442 0.12333415624622254 0.13918286831702947
1 0.45620517885227285 0.3068756864364148 0.17547380404060692 0.13290204721387228
1 0.6772257996112442 0.7770880178511541 0.15778890992224887 0.15671897881213823
1 0.6849703409740936 0.6882453257295444 0.16526824117149347 0.1835544945971538
1 0.7668890374833797 0.6254638756448399 0.21015838271361123 0.25605112087727805