1 0.08650349075739798 0.38088541225105205 0.05563346754845688 0.07501984736759484
0 0.18818845559473052 0.37262398974838096 0.052339541735119566 0.05158234736759475
1 0.7853843891307234 0.3093749006486706 0.14234800928357635 0.12780259618646853
1 0.13790552398940154 0.40028768747879545 0.06473820325334918 0.09555060217691821
0 0.524784740757398 0.365580293747247 0.0924240131449043 0.09340774881887359
0 0.10831094594141108 0.457847216334736 0.045625017006232005 0.059122028855940555
0 0.4543582349654063 0.41749994701262433 0.1091216537955741 0.11264882213985139
1 0.7357687017334027 0.38647560318840857 0.16776186477157876 0.14268355172143127
0 0.07643595444452708 0.4880084314883457 0.022432446680897077 0.048983137023308566
0 0.3939655143360821 0.47377971806401653 0.09642739336179407 0.0997668762235353
1 0.3016175475680857 0.4982018539061988 0.1292314768320333 0.20042164065150558
1 0.6710770019716383 0.46802819275145513 0.17815883618136344 0.1834722428284238
0 0.2559039019058846 0.6254116838505984 0.10953550928357644 0.12665675843752044
0 0.6357138667432172 0.6074379223330351 0.17635140650669837 0.19273811542376224
0 0.18939631342411425 0.6716988960089832 0.08456084390401904 0.11490080290255769
0 0.1477155908641261 0.7438119981859015 0.07913855488002382 0.14269842068857255
0 0.5611573076321226 0.7081770215147284 0.1526689768320333 0.20124009618646851
1 0.4514487067859084 0.7598982673383772 0.1914781306276073 0.31143355172143145
0 0.34986512294592625 0.8694320131620259 0.1338260548800238 0.14460815027015245
0 0.2574664869370446 0.9158382764088697 0.1223986955306936 0.16286707694917482
1 0.47694260433779895 0.1089582715147284 0.036959471409784686 0.04171627404661713
1 0.4263302801511363 0.1342782192451429 0.0648395417351196 0.05201885698624169
1 0.5197002183289173 0.15064477450995328 0.05678211206045454 0.06106647477225655
1 0.3577112040338096 0.17671374510585855 0.05634292195200956 0.05794147477225655
1 0.4376182990880322 0.1754934962869849 0.05233954173511961 0.05158234736759484
0 0.4852745490880322 0.1738293033658938 0.046114876355562016 0.040481156260602266
0 0.32092911748270314 0.20547615136646083 0.05058278130133971 0.03908234736759484
0 0.282158008133373 0.22567208947822853 0.0476773763555622 0.04053571996293304
0 0.4165456754435943 0.2154835792266095 0.06015204173511961 0.0518551658792491
0 0.24884298147382156 0.2511730864830036 0.03608109119289473 0.03546627404661713
0 0.3639189938382653 0.24322912251052026 0.05658785162667464 0.04862103847458741
1 0.20372474190760145 0.2653099975529293 0.057195967548456905 0.0750744110699257
0 0.3168581924498263 0.2770609746874385 0.05302366151822966 0.04538691106992569
0 0.697842136419599 0.23392352206288258 0.06303211206045453 0.06128472958157989
0 0.17460735589871984 0.30950643085537355 0.04411318624711722 0.03730159255827141
0 0.6549451820160463 0.2526933694304774 0.0514358268977869 0.05621528366526398
0 0.2771707009529423 0.3074950083527025 0.053682446680897125 0.050074411069925696
0 0.13882611440183582 0.3398040552648104 0.031858115921782296 0.02754464664195542
0 0.6346664756818299 0.287160138667771 0.0658868477653467 0.08159722958157989
1 0.5748269509529423 0.29710062305867446 0.12694260433779903 0.12881945916315996
0 0.23290550698316953 0.33887398312495903 0.04608954173511961 0.051364092558271415