0 0.1972892409906743 0.4628671775705263 0.057865885932842295 0.06814396424430509
1 0.3825295699791079 0.3648927078662094 0.15572583325902495 0.15966152667183914
0 0.28258295591195026 0.43775586514299236 0.08768985083182575 0.09687474212409217
0 0.3408068506534855 0.42353412635288007 0.0937203069667012 0.10819487939699575
1 0.5719490787655083 0.32023455679834434 0.16523729815800828 0.1867342097023772
0 0.4966326094398859 0.3816182090741574 0.12296871923645228 0.13223815727678295
0 0.7012518769903942 0.3515009190663988 0.15276499114672185 0.17334138939893542
0 0.7963863726083402 0.3358443549718748 0.15081878939390042 0.17008884364130097
0 0.8879023945409024 0.32285040527143727 0.14555573676466835 0.16501870636839744
0 0.9487286994837707 0.31081304875325866 0.10254260103245869 0.16151106909549373
0 0.2081920478459129 0.7894455240867654 0.10032631573080915 0.12420251666989941
0 0.33842540744184657 0.8861295922641752 0.1941850876410788 0.17053512485506772
1 0.2230714910129668 0.4157850124178356 0.11167521047234441 0.11584788273097572
0 0.1384759471255498 0.478715189239456 0.046956078921555996 0.05487868969849785
0 0.16407919274349586 0.46873441135966887 0.050272929797966805 0.05669628121376711