1 0.31540920127379357 0.14943136530265164 0.1327281983633867 0.1906096634004137
1 0.37379700999716503 0.7951009332431268 0.1890129146981227 0.15327626890430626
1 0.40582338094804077 0.1899807308504985 0.1987351442797028 0.20883087775618372
0 0.49371764039705157 0.8152544960390273 0.17095239546082902 0.12636862943017624
1 0.5410143472827768 0.21855632594264424 0.22153772721932724 0.2378212825414404
0 0.5798163423038174 0.867956166012813 0.20759922359113006 0.15066983014881208
1 0.7091343755057451 0.28472289208652946 0.31432542794496676 0.2652406669935935
1 0.02271326978544786 0.4092916972480537 0.04542653957089572 0.12204160550389265
0 0.8371279115332617 0.3856937524898016 0.17778772721932726 0.23296547297092704
0 0.049112045561345505 0.4210147074146054 0.0679712392002268 0.07447121435577006
1 0.07031243376578042 0.4824758808589733 0.09250001324684391 0.10832254091140214
1 0.08978663086322276 0.5487979760737165 0.10392858656782163 0.12359899330403046
1 0.13335309238863538 0.5937687447328278 0.1047817584375205 0.10345991507440608
1 0.19730397578374687 0.6567108194918699 0.12349704210278442 0.1491175545485362
1 0.27526279547652754 0.7196545983175329 0.13243553248413759 0.13765808517078923