1 0.12369162693603339 0.5226729703748288 0.1350655823852059 0.21715405925034226
0 0.18183452207094003 0.5758828869095918 0.16267974597590684 0.22573944906292792
0 0.9580526744977103 0.22910792834625937 0.0838946510045794 0.17106866943775678
0 0.36164347508467765 0.054297391924156634 0.130137957551673 0.10859478384831327
1 0.26433142366537465 0.611913663631769 0.27043186711828077 0.3440468313536661
0 0.4105903215686505 0.655500876089039 0.18632757869404704 0.22798391066226814
1 0.5218282259314542 0.6836365847853854 0.2821205270178229 0.3615071159934022
1 0.7265005318886926 0.7474848214575502 0.26415187634617787 0.3205184031404208
0 0.4977913078028179 0.05868336355262671 0.14870761560563572 0.11736672710525342
0 0.6370340504205001 0.07554660312778544 0.16781810084100018 0.15109320625557088
0 0.7644828674512152 0.10828489528936891 0.1939297459759068 0.21656979057873782
0 0.8713637662772806 0.14562549010388418 0.18416407131172932 0.24659751834240007