1 0.5823897601462698 0.00889892890365387 0.21022047970746058 0.01779785780730774
0 0.5045687232146389 0.03753387106865952 0.23450345941492112 0.07506774213731904
0 0.6392994955423636 0.9290393391472851 0.18522047970746058 0.06025278685862005
0 0.9567259180223585 0.3585325678663689 0.07367505357072232 0.1077309592838688
1 0.44785902719239823 0.09621665985603509 0.3499296363624381 0.19243331971207017
0 0.3650856631510946 0.23100686150793556 0.23030688311602726 0.13961891424880085
1 0.30937935958037216 0.3375863309708371 0.37037850405718975 0.2063429441675905
1 0.19287983198423203 0.5292207233204129 0.32339440990138846 0.19708905767811088
0 0.9324235730557783 0.4989968815614594 0.11758869480442442 0.11990958667404979
0 0.8948808883976234 0.6379685464285691 0.1880375624991764 0.13222791640826922
0 0.8155734435931992 0.7554249591362104 0.22734552434972918 0.14879365514950216
0 0.7452006680256538 0.8527994093207806 0.2550886948044244 0.12872098704319015