1 0.72325174657714 0.27942969043721355 0.14817219764227296 0.1668581499342463
1 0.8682803340667509 0.6762666459909696 0.12435269566510669 0.1541892241209089
1 0.649753238174183 0.2496873129314479 0.16762253460041113 0.1866807905849161
1 0.8205139961200295 0.6609794976176442 0.1384151956651066 0.15616557960891128
0 0.5125583498097196 0.03056792057596014 0.08057352076024671 0.06113584115192028
1 0.7570881660819733 0.6856078948407662 0.16838653855474384 0.20543079058491606
1 0.5499150642579064 0.22914680134746462 0.19851970752810466 0.22054059661514333
0 0.44624760030401117 0.03740703553241047 0.08695085475263546 0.07481407106482094
0 0.3672458498097196 0.045453923287084474 0.10308519072219058 0.09090784657416895
1 0.6525744210248892 0.723868061000784 0.24631522037968595 0.2878463531875955
0 0.41146005931499047 0.22503366611904344 0.21369903855474384 0.21179904715736822
0 0.2764762697716635 0.0578399174950928 0.11676568874502422 0.1156798349901856
0 0.5687087569944443 0.7482261939287984 0.17763420456235507 0.203623360910251
0 0.2893967169196447 0.1989737352941749 0.23531937056996632 0.20862337791648305
0 0.17536870901097928 0.17728457919819393 0.25550453657757743 0.20835311362137537
1 0.44297392794497137 0.7863258933208197 0.3267958992388783 0.3566386058987199
0 0.23664567349634713 0.7941088929510768 0.265256221368269 0.29516899383826534
0 0.8152800790866539 0.2625673322380868 0.10187551779449713 0.09820948841601665
1 0.7852941487445867 0.20156649568698035 0.11118685079830275 0.09796455874135157
1 0.8373580089344296 0.3223223940603058 0.10643568380210837 0.0957432735786842
0 0.7379443048663662 0.1579347522594325 0.10630834980971962 0.09261827357868416
1 0.7131233769957569 0.10799388054565853 0.11593801779449713 0.10018584390401904
1 0.9307975801124183 0.6486230462949589 0.09495435574121842 0.1189865131449043
1 0.642370525208871 0.04302356373239559 0.12419618676785796 0.08604712746479118
0 0.6605276176042167 0.07059946980788934 0.10123884783255335 0.08258448841601665
1 0.8941133222037528 0.6160639350149648 0.0803188527754692 0.1029476576569019