0 0.2376983080903992 0.7634638772055071 0.07293155771188112 0.07868492198083885
0 0.22236843005276535 0.8898183372914155 0.04856647477225655 0.05089411465389233
0 0.31029259302160755 0.471125891000317 0.07843751324684387 0.10236808344622812
0 0.3545956976455965 0.2520140428547678 0.060649812521204535 0.08427982473980081
0 0.25297607850881926 0.8172506184990798 0.06764385698624169 0.06125176051544941
0 0.2464582052805088 0.9369046992317743 0.0594494110699257 0.049904824739800804
0 0.2732315256062616 0.8848132547496984 0.06457342068857255 0.06265048620519025
0 0.34811748603536585 0.5268502685445083 0.10214783175849824 0.11140889077317447
0 0.3949652373013103 0.2795315332438294 0.0685168762235353 0.08625176051544958
0 0.3129190189828397 0.93186199513876 0.08381449400955017 0.07769563206674697
0 0.4373511447430388 0.3163011929001963 0.11442957694917481 0.10581398801421234
0 0.4068724379421317 0.586156669494448 0.10074902286549085 0.11601450361804452
0 0.47532980517999235 0.38995337686682274 0.12818454210278443 0.14240658525525038
0 0.46448155209994946 0.6782755704443877 0.14013890507947585 0.12743668249628842
0 0.558757374872773 0.45732458333468645 0.1475893065307547 0.16213923111680745
0 0.5155405658949476 0.7793157700148463 0.16812006134007812 0.1694537641334941
0 0.6601164890305908 0.547150643940993 0.19457343393541643 0.16772084577069996
0 0.7315599246952876 0.6673978669172002 0.2458283990890262 0.20627873473485217
1 0.0567261050025071 0.6310209486659476 0.059995048093234214 0.0655298247398008
1 0.04044385137431004 0.7176544894845505 0.05761409255827139 0.042010437584671045
1 0.041259817709046076 0.7612816587518558 0.040699411069925674 0.048922178878243724
1 0.06446419393258143 0.677404625735169 0.06166667549789595 0.06873671189493055
1 0.09656487660205351 0.7630621647447496 0.05018353847458736 0.05253850180902227
0 0.13063483095588996 0.6583403652197195 0.04727679328391084 0.058624727498762755
0 0.16770081053746994 0.6018104042293 0.05670635698624169 0.06067855042954129
0 0.15014623358829518 0.7025473886254678 0.05577877404661713 0.034116050429541286
0 0.23991314955236226 0.32040991802410995 0.05470734736759484 0.04809666327441153
0 0.16394334956021148 0.7540722670741703 0.03255952885594056 0.03913774310259512
0 0.18772064465822083 0.6537889840574834 0.07690972958157997 0.058618083446227945
0 0.17636893849028584 0.8002102826780024 0.050238102176918265 0.05410100180902226
1 0.2902529446503716 0.21873455337021736 0.13906747840045366 0.14141729534115866
0 0.2001735154394606 0.6991457496613157 0.06947917549789598 0.06914614767057933
0 0.2751859614405946 0.3598918198785608 0.09297123920022674 0.07193695499752559
0 0.20045871371802929 0.8472966446183616 0.04727679328391084 0.058624727498762755
0 0.2903818863055184 0.41602231117213345 0.08279763103285873 0.09323874491161735
0 0.7921005766947207 0.8318864128241856 0.27904269237293705 0.264166477837447
0 0.5968500748806223 0.885009170060275 0.26979168874473985 0.177901429216928