1 0.7985884193014419 0.3153382288879035 0.1821696389349537 0.15555014951546742
1 0.039455651830422316 0.34344935124083725 0.07891130366084463 0.1681487024816745
1 0.7550547947175389 0.42788750537100706 0.20779512354391336 0.18062655917039336
0 0.008797802620854903 0.4879041915859112 0.017595605241709805 0.14768338317182242
1 0.6437093970470754 0.5003091725675016 0.20442041430928928 0.19436127723940827
1 0.5569251909324204 0.6381426723154002 0.2706733219630483 0.3387011391239071
0 0.4396203130207522 0.7659784591900639 0.2297763901827393 0.28306314431968715
0 0.31731519280460396 0.8878874021133575 0.21821340557377944 0.2242251957732851
1 0.5045206233361175 0.04550206822457128 0.10345875332776515 0.027414441838012782
0 0.4609993215474562 0.06526291116753531 0.0998763569050876 0.0721806386197041
1 0.33752969925132853 0.09909197192741256 0.1127521322794232 0.11033620248167453
0 0.41011301643102993 0.10495384185768324 0.092981072795242 0.09808757475773369
1 0.25085175977549956 0.13470740781334062 0.14760675124778572 0.13450567599857094
1 0.8744042146423687 0.16022439399071114 0.18681511688838306 0.13879969209011436
1 0.8127361749169826 0.22275189114071958 0.183252519966591 0.13389367080279085
0 0.19774534775398572 0.2402964901126429 0.11025261688838306 0.13344592055068932
1 0.10430687853606606 0.28094363342392403 0.12108627329435624 0.14972648441265973
1 0.14297037666489237 0.9339322396084399 0.18514877329435625 0.13213552078312035