1 0.5997132096771285 0.019249473819138996 0.11970037799792799 0.03849894763827799
1 0.5933219685684685 0.056879515482090234 0.13151117328319833 0.11375903096418047
1 0.5952333790313853 0.11077249590774893 0.16229029238978612 0.14887258764107886
1 0.5952933451186546 0.19640837309877593 0.20898550992479734 0.18412376305699168
1 0.6139042580627706 0.2923379652110788 0.20139133374611512 0.18785200867493773
0 0.5522840155063686 0.42011880289674275 0.23151548138875028 0.2008721753267427
1 0.6273740225356821 0.6827572678403111 0.26327490363849115 0.21564669285495838
0 0.5640670396991898 0.5718870002675104 0.24096325599585597 0.2035857805852075
1 0.6331959911041507 0.8077572678403111 0.24386993217453856 0.1992819823380291
1 0.6253514119061496 0.8755064739751865 0.25807367328319836 0.13732984197854775
1 0.050398222083125256 0.2554559035279357 0.08565932588823218 0.20471319294412868
1 0.05093553122213442 0.41881923247178426 0.07086907981717358 0.1873615350564315