1 0.6551774199779385 0.5567174174591998 0.11552230024766903 0.10166545157021041
1 0.6410100661728316 0.4923737726320493 0.11744867328319834 0.10952341567683313
1 0.6017440891273077 0.8328994842313893 0.06021406203449331 0.0532446719450391
1 0.6023328639393014 0.4349848214575502 0.16654114474715093 0.12499530298213624
1 0.539100693965872 0.8042947626029193 0.08645123035529281 0.08053459765100221
1 0.5739596149727587 0.34062706769662654 0.22271837014004525 0.12506951082055268
1 0.5121745525239806 0.24334054222809048 0.2564769400324213 0.14633675705962898
1 0.44215722746431796 0.7415794654267709 0.14244867328319835 0.11025084138279588
1 0.43796226468230837 0.14485522961253589 0.23009422249741002 0.11592183135366607
1 0.39396401571576567 0.055040363750482414 0.25672949710451587 0.11008072750096483
1 0.25584519996172794 0.6377738184880494 0.2599315798171736 0.18700722116625174
1 0.315115577750259 0.008573366455620582 0.307268844499482 0.017146732911241164
1 0.6999376482663169 0.6677625660472739 0.09902400496239867 0.0824608105039836
1 0.6714530833363395 0.6092968481797275 0.09597177956950453 0.08393238229073816
1 0.6405689946278257 0.853615149512511 0.05716183664159917 0.054716243731793665