0 0.6470783196079626 0.32351759113117307 0.09050100362819702 0.0956491191410267
0 0.5903868978230817 0.004331382349069246 0.04673115626060227 0.008662764698138491
1 0.667770243206942 0.6223929057236635 0.11166667549789597 0.0777645239262835
0 0.6138144410221745 0.25094379184980903 0.07405754809323425 0.07047740143727203
1 0.6369766001931836 0.5682222629015485 0.12186013103285873 0.10224255454853637
0 0.5736457980084163 0.19781367964994692 0.10812501324684405 0.11005675861515699
1 0.5899949619887488 0.5096225486683761 0.16130457694917483 0.11751559880792328
1 0.5389558286784553 0.12150705213895838 0.13603175843752063 0.10692835048191558
1 0.5385540022774347 0.4227235606315178 0.20323910580511537 0.15952456483768565
1 0.49227429083684004 0.05431358790578593 0.1500942584375206 0.10848914641529488
1 0.4926363562684514 0.3336550963983453 0.21390378729346113 0.15292601723031396
0 0.43469989301375833 0.025153923260471455 0.0931349303072194 0.05030784652094291
1 0.41446920545014476 0.25439177845787014 0.22042660580511533 0.16143220431181585
1 0.3765004686969887 0.1605499553728203 0.19778771397248338 0.13712929952655922
1 0.2989508767716895 0.08588742654715739 0.2355059687818068 0.14754142201557066
1 0.4027528452990422 0.9241848651800542 0.13784722958158002 0.06977519402266666
0 0.22437995190676574 0.0415452626775403 0.1650644940095502 0.0830905253550806
1 0.19317943785731365 0.9085343041807434 0.2687004146981227 0.16212077919345588
1 0.10039422633190102 0.8690263212884599 0.1757688702330856 0.17515297297092722
1 0.04343869823615969 0.7056498400701686 0.08687739647231937 0.19165530622252866
1 0.8615177871238249 0.4226760432786062 0.07082342068857272 0.0670055578965211
1 0.8466938844914198 0.3791844718675487 0.05626984736759475 0.05138226196314175
1 0.8276636314961949 0.34472020488242994 0.05637897477225664 0.05450726196314175
1 0.809796574417286 0.29923172701212336 0.0801438569862416 0.06648358851877383
0 0.7742509440173995 0.2697133886159471 0.056542665879249124 0.05919476196314175
1 0.7580207980084163 0.1773499107456406 0.08348711179556503 0.07308043205952482
0 0.7482985684268362 0.23290451959751798 0.05939484736759475 0.05172910550389265
1 0.7914632035512282 0.5790917967491885 0.0786904843909035 0.06943516674839838
1 0.7670286879421317 0.5211024668455716 0.08397818511654265 0.08714293205952472
1 0.7011383701482676 0.09027664890509648 0.0759474303072194 0.08002582320764744
0 0.700627449459695 0.14947822713472098 0.05815972958157989 0.0609306837335172
0 0.7451363297747637 0.501742082516016 0.07734623920022692 0.07551174497802293
1 0.7347370323145016 0.44297320667901985 0.11377481252120454 0.09356294569665895
1 0.7092310900263826 0.3710947985457785 0.1230952488188736 0.09304097631891181
1 0.7365896758764141 0.7019155042863916 0.12536707694917482 0.11352689808928726
0 0.6484052397483809 0.06266594998305045 0.05325397477225664 0.05416041842239076
0 0.6288938371159758 0.02139094610456351 0.05141865626060227 0.04278189220912702
1 0.7034250010114903 0.6487862441198399 0.10429068511654264 0.08939741507440609