0 0.4121974621913873 0.39249727498762804 0.19911073828205345 0.18441702283992142
0 0.06368465549965527 0.27905009215265536 0.12736931099931054 0.13270403663473135
0 0.4501403889837399 0.4683504460639557 0.22254653421543277 0.19962594301173803
0 0.1980567716393031 0.45278192051050076 0.23799811244505728 0.19888231456303557
0 0.4722891541722687 0.5803082134768103 0.2340025954599385 0.21886726594251654
0 0.20310645177964037 0.5772020663720578 0.2647289220155706 0.24377873473485218
0 0.5126693581162918 0.7120805139063516 0.2329603607710649 0.2234728787873868
0 0.21883179519779378 0.6903947851643933 0.30917260909707256 0.2523215750784852
0 0.27848567258618473 0.8357709432946514 0.3728763370899767 0.3284581134106972
0 0.5310111681771955 0.20699022218323754 0.08297910550389283 0.06182497060135785
0 0.5597482565733719 0.24542860244096235 0.08679779258539462 0.06823874491161738
0 0.5774619861176709 0.2911472161903437 0.09165701028914945 0.0840275192218769
1 0.635971581332414 0.31621581524040404 0.1312363674670344 0.11872342378986112
0 0.2494185848029964 0.23073650214770658 0.13679097631891174 0.12678158525525038
0 0.6641042496322072 0.38133952623082346 0.10137714976327956 0.10162445499752568
0 0.6935367291765061 0.427672293643678 0.11491768038553243 0.11165455223856355