1 0.6217326192314138 0.7875018730845911 0.10576019867918127 0.098284852532014
1 0.6343513452419133 0.71084066254713 0.11375451201463563 0.11436487884037305
1 0.6110143899188674 0.6336488309912163 0.14676700668363551 0.13346348933548208
1 0.6292109539306395 0.5479311388696066 0.1405170066836355 0.13309946828879457
1 0.6404944466104572 0.45164767307047365 0.18926358935390813 0.16248313140062187
1 0.6198466866247747 0.3449048494070678 0.19705790802036277 0.1613756577089811
1 0.6100727919716832 0.24426781257536484 0.1954408640197265 0.15659715244730926
1 0.6003079879853643 0.1428495257436619 0.24874767735518083 0.17531633134415214
1 0.5729375133275003 0.0763676810335686 0.22912497334499946 0.09922426820408996
1 0.6238020072008698 0.993299762871831 0.06775112133990877 0.013400474256338057
1 0.6248287052037332 0.9797188931335029 0.06320907200827239 0.04056221373299422
1 0.6306065378740058 0.9653567733951747 0.06795111600890866 0.06928645320965074
1 0.6373110712126419 0.9267841809629814 0.08204997867599957 0.07348227360693613
1 0.636203104551278 0.8876306757013095 0.08217724801081765 0.08441977360693613
1 0.6367667258911869 0.8391931757013096 0.09638519867918127 0.09773882096198286