0 0.4569701096861536 0.7275570208234938 0.07807660819051634 0.07047740143727203
1 0.42889350149563726 0.6626291160382373 0.1281953545381665 0.12394413277816092
1 0.43641518460269735 0.5359773490531184 0.13819051535721805 0.13123466340041362
1 0.6952188816291671 0.9608179858323638 0.13974091740484712 0.07836402833527245
1 0.4397557145693149 0.46062880144574675 0.15521087720008425 0.14703138110416844
0 0.7232784594791566 0.9755274093380304 0.055581447371464775 0.04894518132393912
1 0.47171056105496295 0.36218618924588464 0.17832619883818754 0.16195928588942507
1 0.7693309832338879 0.9247903668139346 0.19409414109057935 0.15041926637213088
1 0.4772700456977449 0.2469063287200149 0.16334555556198094 0.1355719117264213
0 0.8410218147362272 0.883761863058045 0.1444163194524762 0.16283150694116486
1 0.4947808406476712 0.1352708814719612 0.2520616812953424 0.1886866873266971
1 0.4069810910504949 0.8077724544344136 0.06370402778099056 0.06579160550389256
1 0.4053834137814117 0.7527372588603521 0.08649717105719698 0.09304608851877383
0 0.44714097043620615 0.807593920464176 0.07120644737146478 0.06353371435576997