0 0.27291761352435306 0.6770601128435961 0.05919863421305553 0.05474768415851479
0 0.2857784899617141 0.6377623944136271 0.1102922425071295 0.070159852532014
1 0.29216448246884363 0.5737453970444631 0.10324116013203692 0.09617632096198285
1 0.3369978203105565 0.5190347812170952 0.10820206220555537 0.09957433674699842
1 0.3568449712527793 0.8217194364364149 0.07833819641861081 0.14913472099021768
1 0.35914551385444526 0.4543653364646497 0.09970605702175908 0.09130681043863902
1 0.39396886465564884 0.379440931174743 0.13218636635259234 0.10718941567207611
1 0.408006930065233 0.8113503548099139 0.09958847983046279 0.12549979991529553
1 0.4496515196038894 0.29944959428657025 0.15861216531583314 0.10717400512049746
1 0.4805749971717607 0.7896643415851472 0.13322118605101832 0.1367859104104042
1 0.5231131031567605 0.7073369599727638 0.13425600574944418 0.16638240514873245
1 0.6289133352962974 0.664814801981434 0.16527085136685143 0.23658848933548207