0 0.284138617511771 0.6521151148062679 0.07556366306150357 0.058295884798020656
1 0.2976893762472808 0.5874843134734844 0.1224188635606179 0.10952341567683313
1 0.3843228706317402 0.4917422529695008 0.13208559484181254 0.11292120031656908
1 0.43468632321083395 0.43544077718439567 0.14902338560718836 0.1274383413827959
1 0.5253830445087331 0.3748322346271008 0.17191944509136975 0.1390123388755134
1 0.44749885794406746 0.9419097375300947 0.16456434151404728 0.09360891066226813
1 0.603370867096179 0.28717545876285333 0.15850222920121518 0.11213159012915472
0 0.5444467907643661 0.9398722129194883 0.11968943843583926 0.09697795157021005
1 0.693515036605417 0.20386520209893577 0.2506699297003294 0.1646775801000248
1 0.8207834307403192 0.08187287866282851 0.20341915432599364 0.12590458511458977
1 0.18727472878461343 0.6886185676301195 0.06008452870210088 0.05940374373179384
1 0.22005510648848575 0.6453626611244865 0.07960587895165805 0.08490384890464338
0 0.22361891493267727 0.7087121072844205 0.07058443178030896 0.05503449247815269