1 0.9045846674048471 0.3733880140494521 0.19083066519030573 0.16085319836338668
1 0.12013103071443614 0.23775794954451307 0.14455926170486819 0.17009922359113014
1 0.8568414985621917 0.475248125212045 0.2192370833429714 0.1851637176006804
0 0.07752456873357202 0.3732936562606023 0.08941873904295042 0.1479315577118811
1 0.7408640753193676 0.5225819382814038 0.21594494518583768 0.19906252649368775
1 0.6474109411884928 0.6399926383740709 0.2941161038192622 0.34348713828925315
0 0.5235786751123706 0.7415501599736173 0.24790965644779756 0.2858184820286507
0 0.3946592105719701 0.8546081767638404 0.2349566337858798 0.2651240361123346
1 0.6264668329690621 0.044454449081176906 0.10497338450478395 0.03792164065150563
0 0.5817684448119284 0.056907319862416664 0.10416188962385675 0.07682044954451306
1 0.45675634685955746 0.06811265997361733 0.11976269371911488 0.10850695916315992
0 0.5294780190095679 0.08700155842967128 0.09867499269530029 0.09998513103285878
1 0.3686955592143309 0.08294399708959313 0.15536591740484712 0.1377777969121079
1 0.945729228804805 0.23591778510084435 0.10854154239038998 0.1417559687818067
1 0.9148099223369652 0.28533494254257297 0.17038015532606962 0.13747026206571755
0 0.31010674160248675 0.1751017260382009 0.11927337720008424 0.13496033175849825
1 0.2140723647763118 0.19588296279135697 0.13191631945247623 0.15252977767481424
1 0.21643854354103226 0.8709623191446264 0.19954474416202314 0.19070438947037935