1 0.9387768122956576 0.5996822163706227 0.12244637540868482 0.13536628473307494
1 0.3443438839268061 0.3035598661954911 0.10958528003177204 0.116075457551673
0 0.168212032060367 0.21515885176378996 0.09522277110331837 0.09699496308841135
1 0.5066586976437982 0.4041303861639306 0.12551028896022592 0.13536628473307494
1 0.10364101744987039 0.2220550439609721 0.07033186525911973 0.09987963959816834
1 0.26742287378053636 0.3173671466475517 0.1195057508107789 0.14858745386051417
1 0.4174831493480816 0.4303175048708697 0.14631371266133192 0.16622561006889747
1 0.8958514314084486 0.6872274011854872 0.17479326866768616 0.19032409899542077
1 0.17199732548481972 0.3427129344819301 0.12243983603812651 0.13807061929679457
0 0.8621406789728165 0.765307415027333 0.11279210064862326 0.1211836229879534
1 0.3086223924482227 0.4897077982419864 0.2005296542193456 0.23587692248566375
1 0.06997690381230845 0.3921122250846777 0.12909893912238163 0.16234945016935534
1 0.026963289363967646 0.4284104089767524 0.04198076866768639 0.1724458179535048
1 0.18047980153883225 0.5161053489954208 0.18057171022569998 0.2534550971498414
1 0.7939731059203335 0.8340726090700944 0.26721832223840886 0.3056483966475517
0 0.7038856684195098 0.9059187605740752 0.21966148376465036 0.18816247885184972
1 0.04691509942751184 0.6337439025172243 0.07599330438150134 0.24561280503444874
1 0.6198067232080482 0.9401737478214862 0.3421716834403387 0.11965250435702757
0 0.2536858818982112 0.20016465126150035 0.08417617694751697 0.08927263406143
1 0.41112228084255104 0.28916667307551924 0.11120232710967279 0.1194107902698132