0 0.26783070001208753 0.42136373329091104 0.06923324007170742 0.06478975334181776
0 0.3072216507472928 0.4177841999522749 0.10072250109978605 0.11197383601209036
1 0.36873158052612676 0.39678080927754805 0.11947250109978595 0.11219201201463562
1 0.4308233761148953 0.41478537460218473 0.1246526772025938 0.11693405601527207
1 0.15716076913346747 0.5537409759707286 0.1561513742617729 0.10481586401972649
1 0.49710527758530587 0.4077717585932761 0.11429232499697814 0.10744996801399935
1 0.5765464395339019 0.40918826058245844 0.13945183234903064 0.13895450668363551
1 0.18007043420819674 0.5956103026336834 0.14496517720259386 0.11717041335136287
1 0.6645015978064718 0.4261115839035954 0.14800098749546714 0.16090223201781734
1 0.22025207097450245 0.6513239532940928 0.16699968455464625 0.1486385893539081
1 0.30795853218789326 0.655765457948775 0.1912583113926593 0.15672380935708982
1 0.3756106264915636 0.732227413271821 0.26131739631793016 0.19967492536599848