1 0.27137352884018623 0.5537839245151803 0.0982802580585183 0.08908186525911965
1 0.32293461178092675 0.4280748125024715 0.10236216531583313 0.10007391233702041
0 0.38418376154537104 0.3521202386392096 0.10806536116879614 0.09393300649282174
0 0.2993660789812055 0.929282756496117 0.06552654665416657 0.07134889448011279
1 0.4188799732325467 0.2586878384770538 0.1309560570217591 0.0880921095770768
0 0.35039133675689993 0.9166912532497061 0.06273373732333329 0.05725912094116268
1 0.4749727312910651 0.17034235876959328 0.1056047425071295 0.06580800649282174
1 0.3696778704515758 0.865650904629678 0.10568265494824054 0.08453073295387128
1 0.4052920331755107 0.7706423676980471 0.2271270109332404 0.17089670129724616
1 0.5482529893495836 0.08169687013367896 0.12980366013203692 0.09275233603812652
1 0.4685718661162513 0.6447287041432107 0.16984219123481453 0.14025462743398442
1 0.5919785547591676 0.5091848961082613 0.21904110885972194 0.16763533360249455
1 0.6982366996226397 0.3645797337712409 0.26577940782296244 0.16689103977100467
1 0.795881262111019 0.19360298620687288 0.31142409849212954 0.15364674593951494
1 0.8683016491987964 0.0614231006519184 0.2603892787937035 0.1228462013038368
0 0.2061703194620847 0.7195140645310664 0.062050232139536934 0.04944662094116268
1 0.2238943531567606 0.6685009894499885 0.07361244872768505 0.07461026217486459
1 0.2432198430719919 0.6080992775994354 0.07720634043361105 0.06219208279171564
0 0.3131112609797232 0.5046918595803721 0.0757805414703702 0.06372730925276535