1 0.5607279584795066 0.2700698957368143 0.11424286661563361 0.1716873566094511
1 0.6280693784042695 0.6604148942918999 0.14048703163466172 0.16729329954221442
0 0.5913851204956041 0.6933904845279485 0.10783635771838504 0.1288966019742576
1 0.5235344342220378 0.7781147545136371 0.25935904844057556 0.26186108054365465
1 0.4321771941450506 0.32185131302578807 0.1997930474519924 0.24953235516453667
1 0.41480407996369395 0.8638608176609817 0.20693970258518862 0.19605136443492377
1 0.29383493574209363 0.34410013616597696 0.2241510603035736 0.3132850434621064
1 0.3359376392415034 0.9382865071030155 0.21886669961943922 0.12342698579396902
1 0.16128242091334605 0.3977225912589561 0.24184789627312875 0.3279969771244827
1 0.2501473778727969 0.9854795031902791 0.23178851087441493 0.029040993619441836
0 0.06775654988626927 0.49236403172389753 0.13551309977253853 0.35035306344779504
1 0.7208510804951667 0.5035058126037811 0.09533635771838504 0.12728792294707478
1 0.6231152119395478 0.261606498433529 0.09348469764227278 0.15813575319027912
1 0.6611458166550023 0.56179121454226 0.1037563527754692 0.10505693221746189
0 0.494179787034688 0.28428058084410496 0.05898768083635879 0.07442655562232225