0 0.6047203534740627 0.3749959617974396 0.11559279121570665 0.11046455874135157
0 0.6190865160416796 0.5959039104090007 0.10567565727678296 0.12142739336179424
1 0.5959835980140509 0.5207476519058846 0.16980180121764618 0.1690541004764711
1 0.5717960252947132 0.3039908829689887 0.12627519970043757 0.10887672412090899
0 0.518973785296653 0.24441316348986794 0.13278029121570664 0.11288010433779894
0 0.5228010605913662 0.46858124424898284 0.14314370636839727 0.14522807960891132
1 0.46229309272321706 0.17402040884807973 0.16246779121570665 0.1170524103680262
1 0.4586905052908339 0.3924030143360821 0.1820467097023773 0.167685860910251
1 0.482751692694122 0.9344215247493747 0.14295225879399176 0.1311569505012507
1 0.3845830677183679 0.2934840715165128 0.2382967097023773 0.17559128286226056
0 0.3608580095428977 0.11946379021517313 0.10835437606301594 0.07855577357868412
0 0.27012182605331764 0.23393589492271505 0.22477634364130097 0.16133452242848065
1 0.3264696128477826 0.8795567036640666 0.23887053667377875 0.22046459275381558
0 0.20118024954095803 0.14917658232003567 0.23596893515657005 0.16599668780803806
0 0.17559263906057976 0.8401774358773743 0.20424044515850967 0.21250850156092085
1 0.08750901923072747 0.7252323048800239 0.17501803846145494 0.191123360910251
0 0.7142552369539444 0.5239360309725711 0.07656224212409235 0.08644427744001178
0 0.6876766325617979 0.47199767741523263 0.08734024545807202 0.10494934776534688
1 0.6849029636160853 0.64150359279479 0.12477634364130097 0.14728043895824144
0 0.6573990722602957 0.4266513837494491 0.10261455909355419 0.08392739336179425
0 0.6867526349776938 0.69628822301168 0.07815669303247788 0.06813346754845692