0 0.6775535470909262 0.16671984090260358 0.11086756763635783 0.06341049620027786
0 0.45193697923085363 0.8902333421368744 0.13039974025173778 0.11533667211208325
1 0.6817450622377732 0.10111302469819386 0.1349921518694554 0.09360714247680565
1 0.6682638253100277 0.03225234194624974 0.11098596680652087 0.06450468389249948
1 0.3836713086900663 0.9471931633752775 0.1251435551888033 0.08713893692972227
0 0.3967832634732399 0.4859835596518051 0.21437292116548737 0.15316528685347244
0 0.385327390447586 0.348992705928333 0.25630031203728054 0.17129834422416684
0 0.3722731286247313 0.23309560220486078 0.23312292116548727 0.15360169794763906
1 0.3682153585035068 0.1013916605254858 0.2530569128671175 0.16966310904180576
1 0.3429445165967395 0.02875882000413186 0.26723596680652095 0.05751764000826372
0 0.11581056368766571 0.5560655492025693 0.23162112737533141 0.26817334422416683
0 0.0473924504102741 0.5157509801483681 0.0947849008205482 0.280998039703264
1 0.7325305867086753 0.5218417923656243 0.1232025468904336 0.10269120174736131
0 0.6853927097343291 0.6601964307583674 0.10106743776222693 0.11933318787965277
0 0.6996812752960946 0.595134475211284 0.10674875269929238 0.09139002583555574
0 0.6494892533007703 0.7429186649907981 0.11335395020978148 0.09622299620027785
1 0.7285427489510928 0.45096624791270773 0.12850535352912934 0.09033667211208343
0 0.5777909294406351 0.7937194052071522 0.11323555103961844 0.09466049620027803
0 0.6942045603636734 0.3792373714878119 0.09654495850815117 0.08023432028847229
0 0.6930089132681029 0.3847243052834021 0.10026195435896632 0.08811955547083343
1 0.536051870102647 0.871118359804305 0.13231743776222693 0.12006053970326391
0 0.6980884221911725 0.30739873907899246 0.12381785352912936 0.09022756933854179
1 0.7184969331888347 0.23361574696277715 0.14569285352912936 0.09073671561506957