0 0.38329955194639964 0.3511662166060283 0.04977679189534223 0.054877676764564676
0 0.33827114154435733 0.33691353984146366 0.07228085258455756 0.07516686597668398
0 0.3955864883535476 0.3900394624568434 0.05886770229738456 0.06640717261537983
0 0.459628699329936 0.4212195300932013 0.07420861269942698 0.07841026514684697
0 0.5129972108806706 0.46707740436825507 0.09322241327377298 0.09533765601864026
0 0.5812500576898609 0.5210321211747762 0.12325488436503065 0.12703794191141177
0 0.6625507946713551 0.5806215313426012 0.11921673407785746 0.11898864357108571
1 0.7569602961072205 0.6264919836269751 0.1660308670070229 0.2015177236549981
0 0.8380986992661242 0.7178166458693926 0.1560470953414189 0.155850026144509
0 0.9240869362476183 0.7777612535477069 0.128125014422465 0.12895563942190086
0 0.9626725252074081 0.8253475711840649 0.07465494958518377 0.13989313942190088
1 0.3264509247926016 0.28878369316081154 0.11444806356094599 0.10468934523075965