0 0.6409160063315781 0.19896857857431932 0.14289790818602893 0.13914389081820958
1 0.344625261758645 0.33012641749223004 0.18531778154634876 0.20502575599585598
0 0.647180373699004 0.3184998285743193 0.16328565128862388 0.17126718610347993
1 0.3050791621427578 0.4677869292790543 0.22453076775153882 0.26919957195929084
0 0.6182066039113003 0.43483114991443755 0.21089099163225705 0.21712764970954979
1 0.24522056252687058 0.6045013711735024 0.23612336499257677 0.28220899420903167
1 0.20044473032383792 0.7762093972283504 0.23825907507848507 0.2932192688161376
0 0.6153250226127789 0.6326500657540377 0.2556169934412793 0.2675300641014079
1 0.21982325135473707 0.9022196255167287 0.16516905585660827 0.19556074896654252
0 0.5578035289443569 0.7990883949520388 0.2973065264579661 0.28973470388616035
1 0.4402552600611644 0.9236644400324213 0.23680503844375375 0.15267111993515742
0 0.09568539348670783 0.1751327406943751 0.0971007293077851 0.09804370181924557
1 0.4999524123699004 0.05212134966676851 0.0967798247398008 0.06217897642635144
1 0.036750806761119394 0.22538314371369372 0.054503793532136344 0.08826628742738744
1 0.46002013116223595 0.07831782257846329 0.12004026232447185 0.11937504631872757
1 0.029702946629782605 0.29909247146395274 0.033202003618044616 0.09818494292790544
1 0.6686172031885033 0.07322586993064818 0.15285940637700648 0.09128858767505646
1 0.43031934305716657 0.1361645558292403 0.16081574852966196 0.18362163688926816
1 0.3812068136585244 0.21025271918764116 0.17627697421940242 0.18122438296032675
1 0.6520338907731744 0.12856618734182496 0.16961753844375363 0.17312078453190333