0 0.7518871388002504 0.34136590198135214 0.1358766329291651 0.08558224317557439
1 0.28702308535417353 0.4139748786171006 0.20815748551372285 0.15887850206691462
1 0.7902495521059294 0.38949734098031613 0.16012582367581524 0.10691358767505647
1 0.21991674144861983 0.5176777673683957 0.22834823694958822 0.19866874813797325
1 0.8096184538608735 0.47916130851532746 0.1872159248245076 0.13925520678164424
1 0.15075073714102383 0.6322817688161376 0.21436690746649972 0.2120035020669146
0 0.7722097544671256 0.5976009394087396 0.20815748551372285 0.15887850206691462
1 0.08882402825462153 0.7651991226212445 0.17764805650924306 0.24623295285270289
0 0.7824978903318336 0.7111925585153275 0.25353086700702293 0.2013956418516667
0 0.07091106946393705 0.9243300659634347 0.1418221389278741 0.15133986807313066
1 0.4497158887683444 0.19140001943531015 0.09149757223995003 0.0648673287837163
1 0.43489242779195597 0.2174167098820162 0.10316559246968846 0.07162675103345731
1 0.7235998194001252 0.18687530107172934 0.09902598264199228 0.07609592721213976
1 0.42342732664326377 0.24830283684648694 0.11712663292916528 0.08470894789030421
1 0.7458806575622174 0.23818524399963475 0.11832387281429604 0.08165672249740999
1 0.3731838150925292 0.2883798732404171 0.1396306936183807 0.10440501778268026
1 0.33926538302488307 0.34335631761606455 0.1570819941927269 0.12075776385373889
1 0.7614143353222677 0.30017797580266975 0.14064530344607676 0.09979029238978612
1 0.766690238640701 0.8902216822769823 0.2828328178685421 0.21955663544603538