0 0.5785147807089818 0.3143252084007354 0.06373180688002815 0.07037268415851469
0 0.29367402978619206 0.33327741865584787 0.06006597969862622 0.05465667889684287
1 0.644455279786192 0.3128467374105178 0.08536628473307495 0.12744173151356133
0 0.34086452886340235 0.3328910108056924 0.04984964882606544 0.04786064732681172
0 0.4478957788634023 0.3266571503811707 0.06132797600746738 0.06403167889684287
0 0.7163301804578369 0.34960401378946415 0.07635196862514952 0.08350972099021767
0 0.7903685885117996 0.367338274383395 0.07677263406142991 0.08663472099021767
1 0.9410527658158857 0.3609000166320616 0.11789446836822855 0.14488683674699826
0 0.8578715875890099 0.36576879813150553 0.08158029580655146 0.09931673151356132
1 0.16038058482064074 0.41347940009882206 0.043930143289327185 0.06146812101845249
1 0.19732466292483233 0.42471303171120545 0.053305143289327186 0.06201415258848364
1 0.23638716292483233 0.4224379001694093 0.051111645134906604 0.057235647326811856
1 0.4023276620020426 0.41513509243219315 0.08031829949771048 0.08994173151356147
1 0.3066094919518137 0.42937116865584785 0.08563679765213097 0.09490224729857691
1 0.5566244873378651 0.4266200820500238 0.09726527735075727 0.1467377630835925
0 0.4759003191332155 0.43525860565696 0.0814601340614299 0.08690773677523325
1 0.6675468926234587 0.4492924716255022 0.11436260637773862 0.15858531570031092
0 0.7515912988318417 0.4711682006494019 0.09362944094145824 0.1542772472985769
0 0.8273875442178932 0.4785642007199892 0.09558261560563572 0.13423776308359248
1 0.9340281195537157 0.4928248508188112 0.11871961191447689 0.14488683674699843
0 0.9884158111610425 0.5177268693052499 0.023168377677914975 0.07478716837349922
0 0.422911072234519 0.21709243458203775 0.029717490772102905 0.024984589448421433
0 0.46353607223451904 0.21472629777856964 0.027644154362803874 0.032615078925077715
0 0.5529140713117293 0.21188274786327427 0.03482565620838329 0.02838260523343694
0 0.39260756946614983 0.22594378981547472 0.02397832718140185 0.016899073663405862
0 0.35698556854336017 0.23038066083392725 0.02304682533582243 0.021495568401734035
0 0.5921418185433602 0.21668436895231397 0.036388156208383295 0.028473610495108836
0 0.643764399415921 0.21997669794797886 0.037019154362803876 0.033161110495108836
0 0.6876796466475519 0.22450530325200302 0.037019154362803876 0.033161110495108836
0 0.732901975674533 0.23289465592519126 0.04432081795350484 0.04133763154179624
0 0.7854710537787246 0.24321823492085617 0.04119581795350484 0.04115562101845249
0 0.8281393000875659 0.25018159548655217 0.03587731979908426 0.03619510523343701
0 0.8766368809601266 0.2536559350055608 0.03921265251722446 0.03793961575678066
1 0.5071056309601266 0.27517867939095303 0.07974728288749552 0.131765210466874
1 0.9411801272689676 0.2593452219078508 0.07280630318886949 0.08020271046687402
1 0.3881302035275799 0.30966634243219315 0.07842530503444874 0.07587923151356132