0 0.5927818626846056 0.4819765425565544 0.15812936275864828 0.10792234004269119
0 0.6076981862314392 0.36925694750233196 0.12440137256160196 0.09706084390401903
0 0.6277574999938298 0.12888954448721832 0.13148764706898622 0.08275341422935396
1 0.33569583318936147 0.9571368817778108 0.18309852943354202 0.0857262364443784
0 0.5909309558620275 0.21700186867388105 0.15702460785717154 0.11082774498846873
1 0.27097742636061306 0.7628590630133968 0.28082735298037553 0.2873818284587079
0 0.22060541658851046 0.5460811677209387 0.2796521569089613 0.3315963531875955
1 0.18109169112674586 0.35315462791648305 0.33757470592372973 0.309130155356495
0 0.2185827941009512 0.14075175813337298 0.2690844117980976 0.24900344824181797
1 0.2144476715516896 0.1417652704978168 0.2961046568966208 0.2558615641636003
0 0.8216926224505381 0.764510404247266 0.054198921576370296 0.05658785162667464
0 0.8025355145995368 0.8136446913405972 0.05061617647784722 0.05302366151822966
0 0.8298175979493239 0.709041654247266 0.06582303922415526 0.06281251700623205
0 0.7771284067485354 0.8619005982170387 0.04520245098523148 0.036959471409784686
0 0.8435257597227409 0.6535602369370446 0.060488529421201774 0.06818413678934192
0 0.8367123528693113 0.5912080363948198 0.06669892157637065 0.058344612060454534
0 0.8446678675860826 0.5205661438134861 0.061364411773416803 0.06371623184356459
1 0.6748419361388859 0.9783615981760644 0.09505279412563201 0.04327680364787127
0 0.8506977695565456 0.45762695370504114 0.05801053922415491 0.06171454173511961
1 0.6534753184849309 0.9990837241413961 0.09840666667489373 0.0018325517172076643
0 0.669322548891364 0.9392400974365781 0.07470068628080107 0.05028718238578946
0 0.8452377940762702 0.39147830068992745 0.08102990197046296 0.07260137249423435
0 0.8338513234974719 0.32768606498503516 0.05419892157637065 0.05658785162667464
0 0.8442254166440424 0.2677494100392576 0.058886421576370654 0.057246636789342095
0 0.7367123528693116 0.5771539529245807 0.11056774511086367 0.09664698841601656
1 0.6448330636143051 0.8233743760267936 0.18583622550495632 0.11946795596447365
1 0.6747317646180474 0.6736911012979061 0.18877196080052575 0.12906255101869596
0 0.5748067155539172 0.953066084291674 0.10290490197046313 0.07567570325334927
0 0.5536095586819773 0.9891576111156098 0.10130279412563219 0.02168477776878035
0 0.8123724019457821 0.21304078368369544 0.06182215687193997 0.06684123184356458
0 0.5785874998765955 0.8945947991290065 0.12790490197046295 0.07918922412090908
0 0.7151387989654067 0.45771137409612966 0.11304573530790982 0.10311658347023922
1 0.754740392130488 0.27989043205702085 0.16789166668723396 0.15367403015113626