0 0.27318015871793266 0.1915884618321435 0.09053175684847722 0.08764355518880329
0 0.13841407241024276 0.15574328236828644 0.05871307178554282 0.05726897095570584
0 0.5822018064382031 0.31287700167360716 0.11924875269929239 0.09758724025173766
0 0.8143407228298056 0.3933853309323271 0.09739706348717299 0.07573555103961845
0 0.2147523520792368 0.19958929336594858 0.0727522609976621 0.07852866431701004
0 0.09493675954776962 0.17652845643355877 0.040318269296031904 0.06053568091374957
0 0.14021429336594857 0.2102531836130419 0.0725154626573361 0.07540366431701004
0 0.5185779369370342 0.3445637869416786 0.12895563942190086 0.12317923610255281
0 0.7808187504242072 0.43279045043349595 0.09955155933798814 0.08366645020978143
0 0.09491437137526872 0.24798905933798818 0.07381785352912933 0.09259116431701005
0 0.7379217780186089 0.47148517491368686 0.12353443361304191 0.1336431394219007
0 0.44952120623306613 0.3968115259440165 0.13184384108157463 0.12029103444287888
0 0.6553703097621953 0.49940742013980194 0.16546182448483507 0.1539090178461393
0 0.34663392718877195 0.4433886827878493 0.15066561867597636 0.16366252614450919
0 0.5757079657808357 0.5757079657808357 0.1874319128671175 0.1773232070582587
0 0.23215795270858114 0.480543295440541 0.19858290041956292 0.20147110207923685
0 0.46856016184143223 0.6685681267738535 0.2005956863123343 0.2280336020792369
0 0.33368917698827927 0.7235964010442628 0.24837125809787713 0.28447377884380154
1 0.4320195946060597 0.04283442096499462 0.07028918921211935 0.025522063487173063
1 0.38231559253146724 0.04295189751977785 0.07713118506293445 0.03380816016782515
1 0.2863285863076899 0.04732989896967037 0.060157172615379825 0.05582487012586886
0 0.39649741431701 0.09684649212583749 0.06808807178554285 0.05797936597668398
0 0.4536596414964931 0.1439000134964618 0.07036096680652086 0.06747276514684701
0 0.3462373051888033 0.1101268195104577 0.04356166846619489 0.062334979254075586
0 0.7509625392167637 0.2643005595617028 0.0576241684661948 0.06340057178554277
0 0.28997564979486296 0.11596149979950734 0.04491068091374952 0.03913427759440165
0 0.39564623195336796 0.15736959503026693 0.07033765601864025 0.08766686597668398
0 0.2391827444009226 0.12221057718412753 0.06207487012586892 0.060630769296031874
1 0.8555209072680402 0.3320343564521363 0.16629061867597628 0.1648465178461393
0 0.34557537697434615 0.16289662199996863 0.08080155933798813 0.08224566016782515
0 0.7058518713752686 0.2942831348717306 0.08570254689043359 0.10591995850815117
0 0.18693408278320495 0.14000080581350322 0.06808807178554285 0.05797936597668398
0 0.6433994155664099 0.3004254684801281 0.10698555103961845 0.0997650468904336
0 0.17593679918874058 0.7636858369323898 0.2609430356922787 0.32737167386477956
0 0.1254003124614878 0.5477998051888033 0.1908906448204855 0.3049746103776066