0 0.7300803566791803 0.41250714958377543 0.18795610819912661 0.09320562021691714
0 0.6828674200213456 0.07656964958377543 0.07550677744001177 0.07069429508134392
0 0.6925846074596407 0.5067429629136878 0.17789698841601656 0.09939198770335977
0 0.6126689258133373 0.02698274004105091 0.08315035162667464 0.04732042759490127
1 0.6558574834454598 0.7508606015755653 0.320008484554689 0.13300443930236625
0 0.6361657241618834 0.6274094660369458 0.23864022798223666 0.08725560206654456
1 0.6090205278917038 0.8786083516737613 0.3095608439040191 0.11420898750696792
0 0.5138683245973802 0.2793259691602038 0.17735645982580123 0.13998062626704133
1 0.5742232558739405 0.9625846067023336 0.2935726576569019 0.0748307865953329
0 0.4286656561369554 0.39514134582002863 0.2188345054222486 0.15739538524403188
0 0.3193413678934206 0.5170612767345796 0.251064224120909 0.12011355386194271
0 0.28293938568011306 0.6690686834486337 0.27918922412090896 0.12027718032537571
0 0.3032646380214944 0.9517624878997516 0.21517739336179426 0.09647502420049676
0 0.28135159357525047 0.8244010780624395 0.2566554389582416 0.11546241529826098
1 0.9893518290338097 0.40711216421810664 0.021296341932380614 0.05032725292686617
1 0.9826415338275926 0.47968660098639004 0.03471693234481492 0.07541815651766245
1 0.9818708682631636 0.6561581973955939 0.03625826347367287 0.06149201190385654
0 0.9771981397058251 0.5904513841638772 0.04560372058834972 0.051962475799503235
0 0.9485093806276073 0.3115178630866385 0.051630087331567154 0.06743293969514967
0 0.9174705166364892 0.26840366734136456 0.061005087331567155 0.06748748184962743
0 0.962031352037392 0.7230229896482674 0.07593729592521611 0.04892837939029935
1 0.9573290805947305 0.7870582185710286 0.08534183881053892 0.05533291549465282
0 0.8685600328622606 0.23143038728713528 0.0578800873315668 0.06746930113146818
1 0.9450888029698472 0.8563894806712771 0.10982239406030558 0.06469882513557294
1 0.9269850696268233 0.9304173331306049 0.1272888724942341 0.07255677693097126
0 0.8110431317778108 0.19987131507842829 0.058074347765346965 0.0799602107723885
1 0.7689358439040189 0.11688155307637574 0.09266894281956936 0.08172269867214013
1 0.8785180267415005 0.9886890853305073 0.1287331159217821 0.02262182933898558