1 0.776746202461623 0.5397842101156639 0.1867588596572393 0.17110359640518666
1 0.04034325657133832 0.3679400569889938 0.08068651314267664 0.172037157843112
1 0.7115934886401266 0.6385381794412863 0.21377438231915705 0.19448571042775936
1 0.5880432912686621 0.6803034382722718 0.209229824571549 0.2109058069221163
1 0.4749363449900109 0.7921478067437759 0.2841209430002106 0.35901299110213697
0 0.33431851055422585 0.8687944626410788 0.236351995628746 0.2624110747178424
0 0.19726660082798775 0.9274717916183661 0.20456652047629076 0.14505641676326775
1 0.558827426895174 0.169833719013527 0.11867741228577451 0.10717956134875517
0 0.5058937609570495 0.20919884184479254 0.10447197003338253 0.08845725433746887
1 0.3775482986022761 0.2116276708555187 0.11523023392387781 0.1191040087195228
0 0.44709164655464706 0.23598188573220957 0.09523991228577451 0.10430179820259336
1 0.2869414455308325 0.22422559633830916 0.15021329679055845 0.14500787712414936
1 0.8830423610950475 0.40891591182390047 0.18802337720008425 0.15273729815800827
1 0.8112872240307272 0.45466849957644195 0.18584071638103267 0.14629544728159746
0 0.21248520283553227 0.31313878496726144 0.11583829679055838 0.140787157843112
1 0.11375576935456284 0.32790245606799795 0.1252011988381875 0.157371412225166
1 0.05077720118185478 0.9446795613487552 0.10155440236370956 0.08713999114672219