1 0.22683218309479627 0.8753898336879663 0.08141513605166191 0.06728205044290832
0 0.261445212324256 0.7724501187736565 0.06092077962517113 0.059016527780990556
1 0.4480978338609486 0.15924862205209714 0.15441001834240003 0.1664463596572391
1 0.2663433124825406 0.8330775383641308 0.10517088479802066 0.08054515351435185
0 0.39201428457322907 0.43982402044737634 0.10906877461060631 0.10741773392387763
0 0.3063521985342025 0.8886540533474395 0.06703438730530316 0.05494918860004212
0 0.41036713097058997 0.5320236183997473 0.13305184389007838 0.12849333699532134
1 0.49832280588513 0.24280114580682843 0.17388744404836293 0.193306842114394
0 0.43791312094146007 0.6170429751235408 0.11706313103709687 0.11444293494769227
1 0.42205009171200036 0.7181222075806957 0.21985316191590928 0.16670804825728122
1 0.5458774189755383 0.3422887499710856 0.2149670851145899 0.21296288743822966
0 0.5190280432822106 0.8197572952949213 0.14403480799670093 0.13114111842866158
0 0.6584121743858147 0.4400296856376821 0.22425115690134448 0.21076812866680714
0 0.5332245870931468 0.9037507437591994 0.12924488229073816 0.1047457565857954
0 0.7190350888090065 0.557808218163836 0.22522262351524952 0.1906106688715699
1 0.7212688417120005 0.6884320083685989 0.3406945108205527 0.25036610381926216
0 0.7804345562143344 0.8369118512018972 0.16824519780928657 0.1600292215001054
0 0.7901792807457984 0.9025429001780825 0.196585494985435 0.06313002559536329
1 0.1385051881758682 0.370957973311823 0.049619566772189705 0.045431246347650146
1 0.14108227038746413 0.43259920320944156 0.06606292069139794 0.07510664839527922
1 0.1942550830030187 0.3481890259403584 0.0720401360516619 0.06635180921433079
1 0.15219927830502292 0.5184652320832456 0.0673526360516619 0.06588668860004213
1 0.18361075118713424 0.4401318676808431 0.06092077962517113 0.059016527780990556
0 0.20182354209507647 0.3928813651213067 0.048238923198680436 0.051526206142887256
0 0.1630063976636374 0.5667537408546681 0.04998327962517117 0.057931246347650144
0 0.16515157086231783 0.6135512207522866 0.04984688730530311 0.053243746347650146
0 0.2105968000126353 0.4789799543022551 0.06280152837152994 0.07010906798575345
0 0.1750865120076869 0.6587922496260907 0.041761602665567034 0.04309354532383551
0 0.21480457838416522 0.5428098939951107 0.059585600158284534 0.06667398757622749
1 0.16948738136630137 0.7087086805475238 0.08458560015828454 0.06915463085243409
0 0.22673392854244975 0.6027396326641519 0.05632420783841656 0.06167640716670171
0 0.3438338826864496 0.2111200858735934 0.07226745658477532 0.07416430921433079
0 0.1983087148315385 0.756776726964173 0.04663095909205772 0.049808665938124365
0 0.34214100204506404 0.2606489162831192 0.06404577962517113 0.05932660819051634
0 0.2384586902209323 0.655638121333193 0.05949467194503928 0.06354898757622748
0 0.21067833419015294 0.8049101955308325 0.035375210345698974 0.03778588450478395
0 0.36593385471063106 0.29746333331405705 0.08959134890464338 0.08055725146672285
1 0.3497382048689156 0.3601837956688305 0.15083037727617327 0.15051127924771332
0 0.24873461216597148 0.712597900206997 0.05765938730530316 0.05401894737146477