1 0.5792312642541333 0.594427453657895 0.12630915379557414 0.12103500109978604
1 0.48084859924431883 0.8036899001671809 0.12255070325334927 0.10524577573218333
1 0.6905911638186366 0.2533402183619997 0.12069260433779902 0.13583887426177288
1 0.4931881749919024 0.6369153225939627 0.14728043895824144 0.1278574308786201
1 0.3993578778345342 0.8363499698384539 0.11945103787379177 0.09414405036458078
1 0.6247930297404188 0.21946968950368317 0.0975253686329065 0.11339144448293884
0 0.4454601293954551 0.6493402869334867 0.09979732303645932 0.09669662058574673
1 0.34617795781318855 0.9044900222293819 0.13195103787379187 0.09545785330540184
1 0.5758192094150839 0.22383581579180323 0.116444294446244 0.138471198158965
1 0.3745775154043367 0.6854936841779781 0.20762674112714102 0.19577686800950644
1 0.23880885618651398 0.9407724860190129 0.14579394281956934 0.09537338161382536
0 0.295029355816771 0.7381776799520587 0.14088684776534688 0.09331820551101747
1 0.49497039759286493 0.19551850862506312 0.1768412658560285 0.1848440860250567
1 0.17462809961406184 0.9681352212282958 0.15853887249423435 0.06372955754340844
1 0.2237455536478715 0.7941086652479541 0.23045612520535874 0.17200619925875102
0 0.3661528187644141 0.22082595458445614 0.2057939768320333 0.21559669190669856
1 0.10538418080438132 0.8335607238911484 0.21076836160876264 0.15391310072916156
1 0.055924709394596664 0.9001031174596136 0.11184941878919333 0.13993507242073805
0 0.24425248414397144 0.1969146505438492 0.20647809661514333 0.20951091727430127
1 0.1449788141226258 0.26021005459049995 0.2466132372658132 0.2322023260967641
1 0.712715216727022 0.6092499725879189 0.10311658347023922 0.10936084595334936
1 0.6674913878985711 0.6433434757140521 0.08266049227734448 0.0733435922773232
1 0.6332050590701201 0.6785865564134037 0.08510137249423444 0.07975781764492566
1 0.6661273991128114 0.5345878593542246 0.12250003401246409 0.12679232499697815
1 0.5912160277687806 0.712227260274742 0.10135982303645932 0.09686084595334918
0 0.6176307708265854 0.5524815736937486 0.0713091367893421 0.058295740071707416
1 0.5311611162505508 0.7503114850924517 0.1129561081991266 0.10269792352656779