1 0.24728089585195331 0.41402566936833374 0.17041397396298832 0.12161930471268487
1 0.6172890028079188 0.29799481743583445 0.16570618493937667 0.14749829952888857
0 0.6588981791001977 0.3298702425536123 0.12767858379068447 0.11324087672018494
1 0.7593547614550168 0.3857990308664366 0.2589083091895382 0.27009505240361065
1 0.3299513654754397 0.533860424269306 0.24728086700702284 0.21030994929333283
1 0.8708097253031358 0.48180601503222376 0.19368914735163054 0.21490041300675888
1 0.38577524550096837 0.667093297831945 0.3107751878111074 0.23751628972694389
1 0.9515016545628632 0.546045589348798 0.09699669087427373 0.22617010367592555
1 0.47124604026804134 0.7906292511777785 0.3252841184428882 0.25579739802101786
0 0.5909294940012912 0.8827593796413897 0.3487824855137228 0.17898061979296226
1 0.439275599649015 0.22675267888745448 0.12621754333120766 0.10074087672018495
1 0.22366075858328607 0.3537422802543059 0.15710228321633837 0.10034989745537004
1 0.5115665967453784 0.27804248534356574 0.10387582367581523 0.10806536116879614
0 0.27760760826420705 0.4776685043353245 0.07376218206764609 0.06212814458064812