0 0.6300195350357332 0.38198319380036627 0.06913580098712871 0.05192611436318462
1 0.6048117294134109 0.43833773292978184 0.11050259270387049 0.09432269262201594
1 0.5094001506151209 0.5185206574996211 0.12048084733906403 0.09906473477649361
1 0.6513941526609359 0.09457409739116247 0.12092919612304236 0.11468064441741399
1 0.45404831182398675 0.566463253810629 0.13615202636624665 0.1116465480082102
0 0.6223099072961296 0.09005931421367522 0.048421131230333 0.048682939695149675
1 0.36177663815445477 0.616181973560008 0.15590745075823592 0.11956813231716552
1 0.559887360221737 0.0958871333973201 0.1704182995422144 0.13526585518980255
1 0.27576314886975617 0.6900649011549093 0.14351617758226834 0.09607609016268785
0 0.46974198290414027 0.09875357904439812 0.12430146002862301 0.12875223477649364
1 0.18019666422025118 0.759319416083828 0.22611122393420358 0.14339651775758924
1 0.06676955893415797 0.8686540303488168 0.13353911786831593 0.12444652985783762
1 0.7227015628468942 0.3533400433328281 0.055073300987128704 0.05184430113146821
1 0.6850630257653461 0.39103094087350004 0.07331240440630075 0.07224770472226431
0 0.6946458313876684 0.33476730533488064 0.06404613123033301 0.048773843285945875