1 0.3603126196557452 0.9718428739109608 0.07515650889724856 0.04432431301126627
0 0.3646088474126237 0.8666241764973858 0.051719008897248564 0.04364235141192552
1 0.3719227154367699 0.24179767273646205 0.1285308596955513 0.1285916644231918
1 0.38649577627181625 0.9250049778301692 0.09722250988583178 0.04964831050398359
0 0.3974452747517604 0.5234568496960661 0.09374468281352515 0.07919941818411544
0 0.4414989526595507 0.9726445074553404 0.060775673916276675 0.03610263605166182
0 0.4422895425462576 0.6090366485215671 0.11456651878308026 0.0922904515702104
1 0.44513206376361475 0.3149373075344827 0.14198586463846716 0.15239287727617326
0 0.4931291423559771 0.6885483037735589 0.10174818380210837 0.08411423871722903
1 0.5065788301124181 0.7888210884132951 0.20544618676785795 0.10117736975432585
1 0.5197911655505006 0.4045059243858146 0.1843006986308559 0.15674540815498564
0 0.6302020139145265 0.8735718246232415 0.12706651878308045 0.09265416442319178
0 0.6587528478697343 0.48268005166198796 0.1949835306460784 0.15081365690134446
0 0.6701677807204405 0.9543277311288744 0.11673651384016441 0.06894387978345548
0 0.7385795411005638 0.9942718033778476 0.14495967292769335 0.011456393244304763
0 0.7512361196185642 0.5883737736861694 0.2033398587069682 0.12608644154108042
1 0.7915175628122126 0.7151779660851798 0.3197288626613009 0.14820078543115897
0 0.8914605074887358 0.850741044535852 0.14514535672980172 0.11502926959604132
0 0.92156521842111 0.9547098555353074 0.15686956315777997 0.09058028892938523
1 0.12939827030313614 0.49458873746358767 0.04346083992388783 0.03247753087881229
1 0.1497226991623286 0.5529240746897486 0.05235567885919248 0.05926735141192587
1 0.1780612633830539 0.46323108887551345 0.06278384288963737 0.04708560015828454
1 0.18587771646253418 0.6359100709288248 0.0581600098858317 0.04851170783841656
1 0.1942539491623286 0.5542198017284949 0.051719008897248564 0.04364235141192587
0 0.19774902228030247 0.5059414261016743 0.040654174904859765 0.04019910266556703
0 0.2095672258540743 0.6810778184215424 0.03934634288963734 0.04640363855894432
0 0.22547606874371168 0.7267994953811465 0.04071784190105419 0.041761602665567034
0 0.2307472060824108 0.5880552441275052 0.0506021778706093 0.054534387305303154
0 0.24747574414286305 0.7687967787672413 0.03564833992388783 0.03225021034569906
0 0.2535427189339921 0.6495837775136002 0.04741351087441492 0.05288095909205772
1 0.25651250452298635 0.8182201172470434 0.07678267589344294 0.04593227711788863
0 0.28239723079699014 0.7066066673261856 0.0456600098858317 0.048147994985435004
0 0.28488031326932317 0.3079334866056579 0.0615396778706093 0.05485263605166182
0 0.29882467992213774 0.8608084340192331 0.03902800790866543 0.03859113855894449
0 0.2977596566532521 0.3559079853520166 0.05634284190105419 0.04221624373179385
0 0.3093709076790163 0.7557715930321486 0.0503475098858317 0.048284387305303156
0 0.3248579393136779 0.9060443776718847 0.02933467292769345 0.03050585391920819
0 0.33106424657713995 0.3880899995377816 0.0802896778706093 0.055398205331134064
1 0.33289334342111 0.45212976748447026 0.12783052273741297 0.11140416442319179
0 0.3349730855496256 0.8095785546314888 0.051464340912471054 0.03739235141192587