0 0.35489225049039036 0.4416744766048254 0.08401963612614552 0.07164675782192056
0 0.447566786502413 0.7169860187687873 0.06787437081501899 0.0660492052052021
1 0.33597649701980803 0.37751326606736424 0.14460688445215322 0.10001395250377901
0 0.4337703833911487 0.6706115477079825 0.05884791842239068 0.05465667889684287
0 0.399408163890804 0.5664623740022243 0.07742279258539453 0.06815773677523325
0 0.35282567381216057 0.30261968188061467 0.10276793205952481 0.08671031570031093
0 0.35248735060451314 0.22872715557225537 0.1043304320595249 0.08680132096198283
1 0.3071060324188428 0.08197325291318461 0.1702971634004137 0.1356630261671849
0 0.33339817536355537 0.16300344503479428 0.11596161914102669 0.09368835779368574
1 0.5606592781324513 0.8362071846526249 0.07082765311126434 0.05069722099021767
1 0.562660444758252 0.7975619136059375 0.0734306837335172 0.06016322625188941
1 0.5499045722692406 0.7605624425451326 0.06856976196314175 0.058327710466873836
1 0.49896949726500317 0.5991923030402415 0.10780227560027562 0.09010833148532633
1 0.5390623034875318 0.6912132030684763 0.11474596268177777 0.09672235253201382
1 0.47042883553858195 0.4483123425027804 0.16648018038553242 0.11525952090551303
0 0.500888213172168 0.5243820188393744 0.10485069737065125 0.09148882096198285
1 0.465147139841923 0.33696531882525704 0.1824503198596627 0.13326606826055976
0 0.4651573642416472 0.252044287255226 0.17394583684478154 0.11258954721387229
0 0.45214561926362434 0.1773173030402415 0.155369258615157 0.1130599840738101
1 0.4388771497632796 0.07193955830191337 0.17029716340041365 0.1356630261671849
0 0.44600363098157086 0.015604071244331469 0.08575726196314175 0.031208142488662938
0 0.298362521068689 0.6053722265342382 0.031593435407509494 0.03288809471009344
0 0.2854332268093021 0.5668102554734333 0.03923251363713405 0.03178062101845249
0 0.2600966076682754 0.48022030809015187 0.03680120071863602 0.037848610495108834
0 0.3142442455910109 0.6351129344408635 0.023087248326007705 0.026183068401734032
0 0.3281290636540836 0.6681151502399963 0.026038826555632166 0.024802578925077867
0 0.25350402429407615 0.44207556598265957 0.03697462248901147 0.039411110495108835
0 0.24465610587168546 0.3906950765060033 0.04183554425938692 0.04124662628012441
0 0.23667529630117207 0.34712708702934697 0.04183554425938692 0.04124662628012441
0 0.2339898149602832 0.30167807913683925 0.05207765311126433 0.04960515785015547
0 0.23061064653789246 0.2499790712443315 0.050168309570513436 0.04638915258848364
0 0.2265360869673791 0.20618356861349554 0.04322462248901147 0.03977513154179624
0 0.21742718385611476 0.15953608176767514 0.04669646602976245 0.0430821420651399
1 0.3341368236980378 0.5167955739457546 0.14877411914102678 0.09559946828879458
1 0.2064106412707202 0.09570109492185479 0.09599766674839838 0.08165879465362354
1 0.3990536520502599 0.6270281476797477 0.09356635382990035 0.08772678413027997