1 0.4755235617160384 0.9052086420671911 0.21824858552859855 0.06973612834050442
0 0.4902595467327296 0.8655197979184063 0.11885664839527924 0.07854061124464451
0 0.6100820796617071 0.22536769985688498 0.13568567617626962 0.13932320539342946
0 0.5539981012308115 0.14543147231039538 0.15269394006676507 0.17082046929901007
0 0.4714170449499263 0.07057160739268653 0.15175160088581663 0.14114321478537306
0 0.1974315058090625 0.6841634009155713 0.2134643019096311 0.19252419467812806
0 0.3829263139594942 0.02497983776822664 0.12789737208101154 0.04995967553645328
0 0.08145678177833525 0.7910450021673716 0.1629135635566705 0.17094263761089118
0 0.03008561584021093 0.8721006380328982 0.06017123168042186 0.12767372393420368
1 0.7857468164901162 0.45265329298276236 0.10209797515245497 0.12728792294707478
1 0.6794820193256484 0.7463012869026544 0.10462701023814543 0.09059226246066618
1 0.7556766483663648 0.3670554149427084 0.115063095766744 0.1335841019742575
0 0.6315519827732354 0.8018311210585951 0.06901168860004211 0.07366839513591365
0 0.5753322276541628 0.8476299644849228 0.07137358552859858 0.05083414977110721
0 0.5908010708613702 0.7461449174105302 0.07917398757622748 0.06726348928469861
0 0.5474760818184198 0.8951774876608904 0.09027862573336129 0.05480966831188141
1 0.6924597039283458 0.2579574891058048 0.1523838596572391 0.16769546929901002
0 0.5298344425684725 0.8164641381544548 0.11041188962385676 0.08670910197425749