0 0.6609536886328967 0.14538955559602204 0.06666212248901146 0.03859094155801359
1 0.6467450319284525 0.3721429703686744 0.14703478923740984 0.11640802434972919
0 0.6355312106399926 0.24044295697599383 0.09235410550389264 0.05931254464226869
0 0.6167888789397857 0.3035196554338663 0.10363844904464373 0.06262845941492108
1 0.5825338191240771 0.5768889715864904 0.17915360215590787 0.11073076866768634
0 0.5680249841984832 0.4748764581938098 0.1249897756002758 0.08639324188232518
0 0.48358883431260596 0.6855315401747466 0.1673489933040305 0.10272735389503396
0 0.44523280189376324 0.7842730032431156 0.165613071533655 0.10113758035608349
0 0.4064423630156713 0.8798758295420095 0.15866938445215323 0.09477848620028233
0 0.37225100918577103 0.9586032299093314 0.1581491191410267 0.08279354018133703
0 0.2035687788256629 0.08417795129724623 0.13800492871154013 0.13340460957707684
1 0.6884768246364447 0.19361854991397917 0.10589293205952473 0.08294095941492108
0 0.679088192103479 0.08073672036867442 0.05329501363713405 0.030560253246410873
0 0.673449428466345 0.1103833100602489 0.053641857177884944 0.033685253246410876