1 0.23295885321691237 0.45440663237479717 0.06856976196314166 0.06273089513591365
1 0.22834528360244483 0.3502680235979745 0.06614015311126434 0.054717310257515805
1 0.23659815429486636 0.40080200969239393 0.058674496652015226 0.05683688586552656
0 0.22790150477678192 0.2710057828683615 0.04999488780013781 0.04801896147353739
1 0.2235489198511879 0.17145413165233997 0.08245713612614554 0.07683957416309636
0 0.2290236340843604 0.21926528750355506 0.047043309570513434 0.049179291716741756
0 0.24754758276121125 0.4964243213948242 0.05068857488163978 0.054268961473537304
1 0.2704147439972422 0.796897223333303 0.0562448878001379 0.048823300987128705
0 0.25345670345363275 0.5472599348068403 0.06179949665201532 0.05723905562232225
0 0.23780188228777047 0.306696018962781 0.055029231340888884 0.05174721610873094
1 0.2667490298866674 0.6356499116308727 0.06683384019276631 0.060967310257515804
0 0.2632712221127439 0.5906621284620608 0.06683384019276621 0.060967310257515804
0 0.22796180262934876 0.05537259848352809 0.05173080957051335 0.04978254635193524
0 0.23508487571439857 0.09527071189554429 0.04461370071863602 0.041165706838343884
0 0.23995005765132582 0.12775849506435616 0.042357513637134046 0.03471462195994603
1 0.28272854172721146 0.692890430894104 0.0753400272742681 0.06822273464950505
1 0.2926323273714414 0.7563034972317277 0.06492449665201523 0.05764122537911796
1 0.3966583210432647 0.30473427648780327 0.17099255454853618 0.13905957271818198
0 0.3867315304996553 0.054192106008550414 0.07499147966689641 0.07895914977110718
0 0.3853356360035479 0.014615050325449843 0.0640556837335172 0.029230100650899687
1 0.4305531012977248 0.6307411645207015 0.15866768038553242 0.12515197856939703
1 0.43794141923820007 0.7098797732975242 0.13436307153365515 0.11432320539342947
0 0.4029703229624523 0.10215816771098063 0.09721332320764749 0.08489933806867697
0 0.4222772257059238 0.39307807428465297 0.1315849150744061 0.11704603563663377
0 0.41044449975480485 0.17358481892700223 0.12116938445215308 0.10646452636624675
0 0.43774754866837606 0.5451052918382983 0.11926004091140219 0.10313844148784881
0 0.4168755898249735 0.23359434746062058 0.12394754091140218 0.10374169612304245
0 0.4396483718760235 0.4724721313518897 0.11665530622252866 0.10742377173105311
0 0.8409907847860468 0.7488803229612951 0.13696610215590788 0.1238992902718273
0 0.842282075697449 0.6609237897924831 0.1340145239262835 0.1250596205150316
0 0.8503257392204603 0.4219305583332574 0.1633483641190498 0.18120089369099932
0 0.8586746931644834 0.5479210775964887 0.14477519402266664 0.15262754490702085
0 0.828134372366414 0.028151315525719655 0.1855719117264214 0.05630263105143931
0 0.8374397021474331 0.10785168956359041 0.1761952076598007 0.18593457271818198
0 0.8619381815691345 0.2617973978468487 0.16890126890430643 0.2034780634477949