1 0.5210394928211723 0.2875587902984143 0.10360352205615726 0.10415530622252867
1 0.7498190352838077 0.28350638359397007 0.08674447279136235 0.10537266674839837
1 0.16984532039439068 0.3376028995180844 0.11964144448293883 0.09512544569665886
1 0.5942610955766809 0.34503211505745646 0.10434017720259377 0.12585688445215312
1 0.8121031380393164 0.34219366074564056 0.07440869815896498 0.10554779258539462
1 0.16489968730411117 0.41086527368108827 0.10220996543931005 0.07620372799290412
0 0.6251755678181505 0.38349019496107334 0.08288281764492567 0.08332424497802293
1 0.8938833319723622 0.36077961134167896 0.07259750109978605 0.11770094904464364
1 0.19005683564838843 0.454704540666207 0.12367204301252839 0.08939571100778529
1 0.6863922056842421 0.43202122211274396 0.16502426212786467 0.1742875681856703
1 0.9682184002689027 0.4422982643303457 0.06356319946219458 0.1328056837335172
0 0.7650426816017377 0.4809883597902842 0.0690595786730043 0.1281181837335172
1 0.19752673086653255 0.5408154624365824 0.16017725477581218 0.14286414641529496
1 0.8451336679974191 0.5211016148122612 0.13409799484751944 0.20328478923740984
0 0.2709875946501198 0.6456840525067512 0.18731218455464624 0.1659513947413025
1 0.933109831045801 0.6211976980638629 0.11337257242073803 0.2117943844521532
1 0.9903032868468742 0.6748548918413343 0.019393426306251627 0.20016319737065125
0 0.2995863986907268 0.7673873348029964 0.18122640992224887 0.16682020765980052
1 0.3962853782842486 0.8301585438915942 0.1961053187447117 0.20553416005242903
1 0.47981869925875104 0.15856242127998513 0.09521859227732321 0.08314911914102678
1 0.5299782066108034 0.18460976816872082 0.06142074007170741 0.0701322619631417
1 0.5749997737058361 0.19937191948339517 0.06783496543931004 0.07238844904464363
1 0.4317400908008689 0.23503139412831456 0.10919662058574672 0.09859899330403062
1 0.6225691930064846 0.22333564902769404 0.0814845430125283 0.08471332320764746
0 0.467794862307133 0.2697574978356173 0.04793538786609162 0.0593698878001379
1 0.6810737532993579 0.2611025979497401 0.08575912058574672 0.09599766674839838