1 0.7039275039023022 0.5509314075756017 0.1797720054222486 0.17562693851748962
1 0.713750068024928 0.3148969821151038 0.12850510433779902 0.13862141222516602
0 0.6516725526205913 0.9330061971032573 0.10141049227734449 0.07694420170823654
1 0.6289022968285997 0.9662573617312293 0.1250422527111244 0.06748527653754124
0 0.6385685599325294 0.5720815435753217 0.13260982303645932 0.10227251748363067
1 0.5796920058739405 0.9848367806075 0.1466976576569019 0.030326438784999965
1 0.6329012562027091 0.3241642102271266 0.1721791004764711 0.17623018413543576
1 0.5837037175894313 0.6405863067660684 0.20543079058491606 0.18338405254006213
0 0.5763809919076014 0.3371863769235166 0.12716219939202134 0.13999206134875514
1 0.4964571063094373 0.664423355057832 0.19994091422935387 0.1443215525400623
1 0.5057602256818299 0.3646003594175934 0.22119938177781084 0.21910200867493773
1 0.43584058236101014 0.7575582629901141 0.24493248069336104 0.19130532445033185
1 0.45109797527111245 0.06306555240630707 0.13344595054222488 0.031740473618506224
1 0.4017146352693956 0.41094334631601664 0.30259297297070553 0.26287770161906643
1 0.32760581034324693 0.8287232455064835 0.30096288563913864 0.19664945600112055
1 0.26236512294592623 0.8944184780005602 0.29942572025958125 0.18571195600112028
1 0.25712850776362994 0.46382510955134854 0.3886233949227151 0.32872024543960593
0 0.1812290437067579 0.5520124341577282 0.24343756802492802 0.2571498683154564
1 0.14653736095122546 0.682112328921556 0.12398653015113621 0.161099657843112
0 0.9104731028178523 0.5455812758910581 0.05324325657245197 0.051068026292323584
1 0.905380206375191 0.5748989206325934 0.07731420711467685 0.06937893856207467
1 0.8865035332729778 0.6263249557336099 0.07038008733156716 0.07466968418002082
1 0.8665415522098738 0.6645656662728319 0.06950170711467685 0.06841968418002083
1 0.8531716310383249 0.7005447057559026 0.07531251700623187 0.06606208768566386
1 0.8339908999752208 0.73888134173333 0.08331927744001177 0.0793294911913069
1 0.8043245263307828 0.7736271970140871 0.08822637249423418 0.08146754382053949
1 0.8239823218862558 0.29618552153129674 0.0783868477653467 0.08793708768566386
1 0.7762079853761238 0.8139377277330497 0.0971368477653467 0.09023929820259333
0 0.7360433018401309 0.8504656268789315 0.08556589722312183 0.07346319294412851
1 0.7714781051182593 0.3104685654187137 0.1121959845546888 0.14276105258464736
1 0.716727438629473 0.8987666619799481 0.11366556260267942 0.087662157843112
0 0.7370904803236181 0.45365785930613073 0.07108954173511961 0.057865885932842434
0 0.7296031646400714 0.5041790259802281 0.07462839722312183 0.07212023680925306