1 0.8493476916551467 0.26253899524933716 0.11851687622353531 0.09157403859206373
1 0.7972023490968754 0.29775352221903884 0.13016370435383634 0.11271533278320493
1 0.7535961928362731 0.33518174462463723 0.15905259618646853 0.1367215178461394
1 0.6867335858500314 0.3880806790628717 0.2069643065307547 0.16996099295103004
1 0.6253570870311578 0.4633282101817583 0.19769843393541642 0.17237559793005203
0 0.49279755817521725 0.4908826798880643 0.22927581614940157 0.18411858133331246
1 0.33528512542092714 0.7170755591374955 0.26236113466105576 0.19441746390673592
0 0.3826189716073956 0.5953315363169788 0.2402678798517325 0.1865098755244535
1 0.24313977623923383 0.7986080564382032 0.24322918874473984 0.18205917386477957
1 0.16177815963434528 0.8629413983449703 0.26839287985173244 0.18864106058738805
1 0.10994537999858249 0.898937175314672 0.21989075999716498 0.11333248465266052
1 0.1817385841207509 0.06703690249415532 0.12089783175849819 0.1151299377622268