1 0.1379242648773295 0.42546695331144546 0.09060612793779907 0.12696126838013094
1 0.08224433564838846 0.46686376728034495 0.0790914801434148 0.13502246543931004
1 0.6410985777464431 0.32044909615679285 0.15474366359827502 0.17851433234903044
1 0.5921167297667466 0.38799784670668586 0.1649397904362882 0.18731218455464624
0 0.8975526799520587 0.30297324855376456 0.09562679668855481 0.10121989521814409
0 0.07252908987430765 0.5397639963239739 0.03896859227732312 0.0767220073520523
1 0.49983532204406966 0.47194577023325346 0.1938764812432007 0.2567988397010829
1 0.8541497764553011 0.4536629498388628 0.2118945441123145 0.20769972021512223
0 0.45586470678402813 0.5721427954155438 0.14207472021512224 0.2049970786730043
0 0.36983329906135126 0.655433817471701 0.15144972021512224 0.2059824308786201
0 0.8416731402388884 0.5679271930367034 0.13220704411231451 0.1993242264673885
0 0.27997539501470053 0.7549246283144673 0.1634523260967641 0.2319677830842357
1 0.1883133709321962 0.822219963789631 0.18078989741771606 0.3234139099222489
1 0.767276010824635 0.6642132502034435 0.24978859447689494 0.31830405146436663
1 0.6499077724026068 0.7800234803468584 0.2529980661684714 0.30473422756717455
1 0.3831565586129756 0.9099547330963234 0.19702035330540174 0.1396910933771089
0 0.5470970690911612 0.8840352068142469 0.1691393323490306 0.1537583113926594
1 0.48290382242073787 0.15303390387342594 0.0763043669097204 0.07910091617451523
1 0.42940577683196934 0.17761390442331895 0.0642970430125283 0.08247461323369429
1 0.3940383476030283 0.21687578861338444 0.09406429668855454 0.10105566985054146
1 0.30291123546911997 0.2817452614047468 0.09332292352656761 0.10870394448293882
0 0.26133132407041687 0.34456663511662666 0.07605566985054146 0.09143669080691268
0 0.19911282094428367 0.39138996323973807 0.09348714889417029 0.11026644448293883