0 0.8229423726573197 0.2177320242771957 0.13337009263643723 0.14478888950046634
1 0.49470606089969493 0.17914259308258415 0.16960912100796718 0.21368248069336113
0 0.7490395228947465 0.31989843193409756 0.14985891066226814 0.17667234004269128
1 0.3711525521242064 0.27338249494749434 0.199598149379497 0.2816976916693658
0 0.6486734615328332 0.4022506579856705 0.19483644154108043 0.2250085015609209
1 0.23161033049573626 0.3573183473546294 0.21089936223247846 0.2957348570489232
1 0.0985598012662765 0.47564186707198575 0.17684261097883724 0.3018412658560285
0 0.5145521772888085 0.5646535702843605 0.23526286473976085 0.27737337791648303
1 0.04040998363615698 0.6069721217137739 0.052359436526515576 0.24855575657245216
0 0.3577231672596787 0.6745522658150541 0.27795046991261046 0.3004899443804902
1 0.14012414179114263 0.7718116209333136 0.2184845416993651 0.28902033232003566
1 0.8753984682632577 0.01977394799548482 0.07396634890464356 0.03954789599096964
1 0.8214694862099463 0.03153282531637893 0.09050063103709709 0.06306565063275786
1 0.7606911105831259 0.04545808903638489 0.10997805674305994 0.09091617807276978
1 0.23367631802583091 0.016292201692428315 0.08610263605166184 0.03258440338485663
1 0.9397732053311341 0.09793046746650802 0.12045358933773187 0.16444260433779895
1 0.6936543747688908 0.07839517926394765 0.14562605172849494 0.1567903585278953
1 0.6037340684215423 0.09792634423278762 0.16263169530200425 0.18780410047647117
1 0.16549461935861445 0.04014778670310113 0.09496081050398356 0.08029557340620226
1 0.8794364135652619 0.1642945072709637 0.15771687476889085 0.1793328153138037