1 0.26349679377595436 0.19845619859086436 0.09849088593284225 0.07572542294707482
0 0.5780763065431431 0.9895302791952971 0.05301422804514537 0.02093944160940566
1 0.5700047232395332 0.9476012891273633 0.10643985083182575 0.10289117758226851
1 0.5412379382053942 0.8385591903433849 0.12162576310157683 0.12637485660945097
0 0.29281543853978215 0.14917490079401471 0.09596913155078841 0.06771183806867694
1 0.28285203943848547 0.1056028961588212 0.11079903505643154 0.07577160197425754
1 0.6192363197115975 0.9744310809048832 0.10276699119130708 0.05113783819023361
0 0.36467359197854776 0.29605662153793916 0.14218549995541493 0.10595362978541871
1 0.607135868003361 0.8993254157225028 0.12809530696670138 0.1164427810014402
1 0.36023432885467843 0.2285905837339338 0.12932949119130707 0.08892103563663378
1 0.6888783416664523 0.9440662337160444 0.14624206134875523 0.11186753256791135
1 0.49442932442803944 0.32582683156656217 0.2039991753713279 0.15850518540774097
0 0.4945252498662448 0.3266080815665622 0.20166927186568467 0.15205410052934312
0 0.42010580260693986 0.102506242775428 0.11290939469695016 0.09295910197425754
1 0.4996122981580083 0.23653197278973953 0.23837417537132777 0.1629290527324935
1 0.5043977236407988 0.15026157157371792 0.18747030696670136 0.1240840063805582
1 0.5476829429664212 0.10200878768244885 0.24224088593284243 0.0942252317596762
1 0.2816592408792117 0.7221111522389292 0.05556367541591287 0.051747216108730856
0 0.2693392453058506 0.6405595249213324 0.04035007015744814 0.04056245220315038
1 0.2560728418225 0.588873392968542 0.053206078921556 0.05759504635193515
0 0.2759185611035374 0.6252592417525205 0.040733771910269743 0.04368745220315038
1 0.24367076730529047 0.5003910580901442 0.06724088593284235 0.07170372537911796
0 0.2645439734178735 0.5576695719957249 0.04618867541591287 0.05054070683834375
0 0.26372218395709546 0.5321899493133215 0.04309136840462653 0.03783962195994608
1 0.24005329364219916 0.45840464296854205 0.07135283330361002 0.0676194800143115
0 0.4156188460485063 0.923888178605176 0.03977451752821572 0.0358749522031502
1 0.40447664870003114 0.8832400890915846 0.0471479297979668 0.05835320683834411
0 0.43306642937440876 0.9407427773891541 0.035087017528215726 0.035271697567957006
1 0.44462002146441915 0.9712572733261929 0.067268578921556 0.057485453347614165
0 0.25968146910269707 0.41787200102290756 0.057921271910269745 0.045899385865526554
1 0.24726454806883816 0.37936657663091833 0.07291533330361002 0.06782056489270935
0 0.4401402188797718 0.8793718337339339 0.052191438562074664 0.07438037659513981
1 0.4275047540030809 0.8077753715379391 0.08264634206771788 0.0844509892846986
1 0.395777126856639 0.7121925181187672 0.10759095609029048 0.11226617758226834
0 0.4757068635990146 0.9185497813018906 0.06274523680925306 0.0726629707439244
0 0.2571478682708713 0.3283529678540956 0.09147348242719922 0.06867108343348338
1 0.4701708811718154 0.8609383661802884 0.07875393856207466 0.07779881952790291
0 0.5043658767451763 0.9453051817954549 0.04500987716873439 0.053464621959945904
0 0.5237042758464729 0.9818652324821334 0.051068026292323765 0.036269535035733116
0 0.26934724548419087 0.2899399015164719 0.10024523680925305 0.07748900782547263
1 0.547360319689305 0.9968210696781281 0.07565663155078842 0.006357860643743862
0 0.5307909118239005 0.9663907474106216 0.04873812278668055 0.04625537659513945
0 0.44409100842971994 0.7299438144707024 0.09901105258464735 0.10501075319027908
0 0.5189090039584959 0.907193742775428 0.08204309644977173 0.09206240440630076
0 0.2682792191918672 0.24366815615166543 0.08483978067437761 0.06474174391989207
1 0.48263134173332994 0.7933405120386593 0.10271160521387976 0.11010042294707478
1 0.39123909204542534 0.1679927056938798 0.13379744732618254 0.1002607053934295