1 0.45442120659879615 0.7971735451935641 0.12481805789652096 0.07900257775694416
1 0.4830579515768191 0.8739506586714345 0.1343664796668964 0.08138528397749951
1 0.4625585937859461 0.2710204397742121 0.17359558517078924 0.14206850574944416
1 0.5197547452232181 0.34720152243212865 0.18227519402266665 0.1505645109332404
0 0.5561426438028957 0.925990903770462 0.08297910550389265 0.06451085080120364
1 0.5844972997717544 0.4704626566451841 0.25119691172642133 0.1720676555138884
1 0.6465179320595248 0.13702402299777655 0.19425152057829873 0.17482221715379595
0 0.6766754274053405 0.5551199121118044 0.2055426803855326 0.12320092855814764
0 0.7422867948723748 0.6722677473616191 0.2018957110077853 0.13216582544787006
0 0.761704265433724 0.18501104660768375 0.19981464976327956 0.11341582544787006
0 0.8247371147320376 0.8017200929790264 0.23088781985966272 0.14243894410953678
1 0.8531206415772141 0.9212074302783329 0.29375871684557175 0.1575851394433343
1 0.8430281958192565 0.29734424274347065 0.31264956483768563 0.22386389283722163
1 0.8919970375634175 0.45637678162194273 0.2160059248731649 0.2247237638079625
1 0.971795007125061 0.7732901710187946 0.05640998574987819 0.18538927879370348
0 0.9723688522785056 0.599315428794489 0.055262295442988926 0.1513464694628702
1 0.2541263370899767 0.3518139441095366 0.07603371435577007 0.07163984561740726
1 0.2677476143642449 0.4118040987749533 0.08211199665201523 0.05669835080120365
1 0.2989916501310724 0.463278415881481 0.09808043205952481 0.08904195909527761
1 0.34489834582773127 0.577154988171805 0.10381016674839838 0.08490126324231469
0 0.39949146664275037 0.6438243697929623 0.08957594904464364 0.06818265494824054
0 0.43316255516152424 0.7241365863811104 0.10676174497802293 0.08361216531583313