1 0.8873575367917246 0.4687888887467858 0.03940793364502539 0.061194365177646405
1 0.7669268621236895 0.48349774399963474 0.06141019867214013 0.08408820967712849
1 0.8208149314055303 0.48913346794478685 0.0535886083130606 0.08216183664159918
1 0.8645603862259904 0.4919524069437509 0.05512383723582133 0.07754711124870503
1 0.7198836904807167 0.510220755786459 0.0756363251355733 0.11286818114108108
1 0.6503478953011769 0.5077635357702484 0.08839085518980241 0.157200377997928
1 0.5682984645830176 0.5070678688971909 0.08527494554888211 0.15861732878371626
1 0.48148881099222135 0.5186538782028158 0.10089085518980241 0.1577825748547749
1 0.3953922297083281 0.5419950248119936 0.08678290339440445 0.14931510339082213
1 0.3156774586310892 0.5429710198495948 0.080496541958086 0.14277400496239884
1 0.23206552791292995 0.5422025783694315 0.09931017447164334 0.15458480024766902