0 0.25814854345428906 0.7270803593959916 0.05950584430002106 0.03444920783841656
0 0.2727949104162279 0.6736825747562556 0.0634060453238356 0.04235263605166182
0 0.28009389799245554 0.6158246106496328 0.06948890716670171 0.05655152837152997
0 0.260999756901876 0.7768530388628783 0.05466330409525817 0.03275031551854859
0 0.29762665567106455 0.5568898798499627 0.06620886696193881 0.05489810015828454
0 0.3089033643734881 0.4903472375300947 0.08229898757622758 0.06004024122451135
0 0.32916142358781897 0.41964829262380193 0.09057660819051634 0.06495506175762475
0 0.3497356121878611 0.35361411566419776 0.09603930921433088 0.07290395407749281
0 0.3710850018117178 0.27976743870459364 0.08791672880480501 0.0695516335443794
1 0.3397812115780404 0.815068441211876 0.12709797515245516 0.11898934389007856
0 0.38614874813045347 0.763863642386375 0.11950100511907272 0.04242684389007838
0 0.4118040862185883 0.7015765910535915 0.15323164839527922 0.068336126022532
0 0.4319785763543522 0.6238691282006101 0.1661967690095679 0.07338733887551356
0 0.4537809886401266 0.5297554153476286 0.1853997916714857 0.0941999440483631
0 0.4684746308235197 0.4366275409744492 0.1749153143334036 0.11414873119538153
0 0.50933712351882 0.3388432588419956 0.19883003290006318 0.10393865690134448
1 0.5311989089784195 0.22057899214894822 0.2550437390429504 0.1523139724198929
0 0.7380296106922238 0.9623954529568657 0.1526356834809695 0.03092705423577726
0 0.7766561183708329 0.9028469567177894 0.17430725146672277 0.09231919530200443
0 0.8260227430113808 0.7900143361055336 0.1778731761762696 0.12825669530200406
1 0.15423512789007404 0.6202657212327587 0.07996128655241304 0.05218227711788863
0 0.1855324031115282 0.5796263493668616 0.03857318348096941 0.027608174452321776
0 0.19081586802583797 0.542080885260239 0.04872338450478395 0.03569345909205772
0 0.19781687314491067 0.5029274570469937 0.05044092470954684 0.03730142319868044
0 0.21270184939017933 0.45497569035394625 0.05294576389049528 0.031142351411925874
0 0.2289640405497578 0.3695921198208329 0.06074616593812436 0.046949207838416565
0 0.2232154550211593 0.41182508392745554 0.05528346491430976 0.039000315518548545
0 0.2432228069997894 0.3201005851810968 0.06074616593812436 0.046949207838416565