0 0.7522558289462022 0.4047956306869859 0.08650110226293642 0.09837504464226865
0 0.8978768802740621 0.48349555479512907 0.0645079275949012 0.07768071509696384
0 0.9540041604264873 0.5036074573929168 0.05978406615858276 0.07134889448011297
0 0.5801899314055303 0.4406082199715232 0.1305692648307229 0.1538262037328782
0 0.8825922478587007 0.5595359034151572 0.06300906010845857 0.08859094155801354
0 0.8076649707313376 0.5483450332847736 0.10367951190385663 0.0971125535707225
0 0.45571665135130096 0.48652646631807517 0.14477721057599685 0.1790716655834313
0 0.7549576063681529 0.6117586968396099 0.10709540339440445 0.1471671006486231
0 0.3266876815037262 0.5098702832814783 0.15731357201231527 0.18553985389503397
1 0.18528597668326596 0.5115572885564841 0.1527442466803503 0.2057705332781829
1 0.05862802791292997 0.5301726952114615 0.11506243949875794 0.1738659683433749
0 0.6568332028755526 0.6939320430240062 0.16509880093507653 0.18098872158978557
1 0.5361161818965096 0.7655633555231824 0.17319310206654456 0.22956258928453738
0 0.35521563984022775 0.8429321992719465 0.19983741529826116 0.2440887394466933
0 0.1998650645082628 0.8253334163975055 0.17156696955298725 0.2185978157455871
0 0.0682126270526083 0.8120539407472347 0.1364252541052166 0.1852671185055307
1 0.6064312863007453 0.09252923011779292 0.04716589149054773 0.05081820616851018
1 0.5611415121984443 0.08941391274735278 0.05820338544042354 0.06819662094116259
1 0.74358130747618 0.150285408690163 0.08011474687674217 0.07482845048646736
1 0.5127040121984443 0.09025939245481332 0.055023843285945874 0.05876707386326192
1 0.46113696701890444 0.09194066924017455 0.05033634328594587 0.05868525324641087
0 0.6864682442444634 0.1653433928618504 0.055023843285945874 0.05876707386326192
0 0.6520977894240032 0.1651621607187579 0.045621572208706954 0.05391593262955987
1 0.6084205122966402 0.15342581980936743 0.08957156010845857 0.08905459172016936
0 0.40559549414626755 0.10540887987291161 0.05336134933607006 0.04155230032431154
1 0.35087163270994903 0.11261345373617351 0.0645079275949012 0.07768071509696392
0 0.5388392653217022 0.16323324229265754 0.06447156615858277 0.07143071509696393
1 0.48264380747617996 0.1548400896948698 0.07701701795398072 0.07946140340856664
1 0.2969153857350112 0.12214814082996024 0.056613614363184704 0.06348184740221222
1 0.4068489219375605 0.15850660633396124 0.0802147408266178 0.09201595048646735
0 0.23891653337387897 0.15518851177112283 0.040870439695149766 0.04289661201270887
1 0.8012023890546608 0.3164501509795253 0.08342155405833437 0.10613299756436803
0 0.8682808047457055 0.33402738880466065 0.0597386143631848 0.06353639448011288
0 0.34021541296057006 0.1987282317393507 0.0723295179539809 0.07937958279171564
1 0.27383188885826915 0.19598110714474015 0.0645079275949012 0.07768071509696392
1 0.19875007562655256 0.2113527370143565 0.07550906010845856 0.08880912986961631
0 0.8562211662802198 0.3928256903467882 0.050372704722264315 0.06493525324641088
1 0.6697251300776704 0.3578036282513538 0.10853063836728971 0.12531937418757347