0 0.7213495846573047 0.3206706626264315 0.0682064709557059 0.06255338593284235
1 0.701996856027929 0.37745467577259334 0.1107025468904336 0.112662157843112
1 0.6143560686852652 0.4591823029190353 0.12043274440092269 0.11850076310157678
1 0.7136266373473082 0.04891078086386409 0.12306083693238996 0.09782156172772818
1 0.5628653462796668 0.5080845835934128 0.13544243776222675 0.13272742098927387
0 0.6841283914964932 0.027481291830145214 0.049101273445216795 0.05496258366029043
1 0.47609997470390536 0.5597410089870332 0.15502123195336798 0.14596713150620336
1 0.6222912423263302 0.05742787513375518 0.17026772365499826 0.11485575026751035
1 0.39657934068058937 0.6341634563132157 0.14074524440092268 0.1209948244949171
0 0.5319738956456781 0.055350631695689836 0.12557053029369403 0.11070126339137967
1 0.3081097591467843 0.7049535834596576 0.22289581618646545 0.1837123683154564
1 0.17705085852672875 0.8172448860220125 0.18698162697434614 0.15917914903441915
1 0.8113350446153484 0.2906973863564004 0.05558807178554268 0.059456078921556
1 0.7771618767738534 0.328799631952054 0.0728706601678251 0.08324958768566386
0 0.7807712062330661 0.27237162757 0.06328217261537983 0.05885283330360993