0 0.3525231979908416 0.32948617700725197 0.09627379396097213 0.1038570541766104
0 0.5710628652727013 0.3177352320124319 0.1100057994977103 0.09052230024766902
1 0.5001493578903837 0.3399056385464072 0.14903811006889747 0.1497902923897861
1 0.286777936917365 0.3608496470234626 0.0928482902698132 0.1130137303552928
0 0.23402841753878093 0.4128338320934851 0.09681462114237398 0.11940927956950458
0 0.45727058020669215 0.41265608788445346 0.12848528657865438 0.12398977171162176
1 0.17164847995554738 0.4691973021096958 0.09633377550517777 0.15044095574818708
1 0.3894819734960194 0.47556065632908756 0.14603327181401893 0.16207196856846853
1 0.9348927877963717 0.4572106850745318 0.1302144244072565 0.11792386228216234
1 0.3009751967351176 0.5480778192732035 0.14600308238520593 0.2195205955329392
0 0.13088802483930917 0.5693642760548479 0.0646031285246917 0.09927656203449331
0 0.25731506972307094 0.6617443670396732 0.13380358607636475 0.20963617328319833
1 0.8938535771053887 0.6132295527333775 0.19161608607636466 0.2123288337461151
0 0.18145854480774865 0.7289554458233896 0.1352759151033461 0.22057367328319835
0 0.8747726853287066 0.763486417911024 0.1885512662772805 0.1780266083532208
1 0.7721733184673469 0.8539552142297516 0.17061260637773862 0.16011136228216216
0 0.4873942376707994 0.22179133933219547 0.07851547600746737 0.06421235731976357
0 0.43820547844290225 0.24766678867024172 0.09540247231630854 0.07431510339082212
1 0.6078568901880237 0.25234351840636204 0.13377379396097205 0.10560364474715103
0 0.3973550510103555 0.27708461497275866 0.07157429765213089 0.09339043507002262
0 0.6618683065470938 0.25061404446120994 0.059254639598168166 0.07107878742738745