1 0.6866866222168202 0.9298920435307366 0.10654266587924895 0.06597900871952263
1 0.6840824334720803 0.7662132452835582 0.13839286660488845 0.08700352624773852
1 0.6661533782072698 0.8542482584520125 0.13926588584218216 0.11200352624773871
1 0.6618502802067029 0.6864713593284233 0.17849207694917482 0.12148729815800827
1 0.6592932206807233 0.568694460204834 0.18813989546082902 0.13045090341647309
1 0.64978675670824 0.45239798213739635 0.21006945916315978 0.13469931568622404
1 0.619995074586922 0.3343886926766183 0.19239088584218217 0.11852645604570541
1 0.6100620246795894 0.2281525391709751 0.1813988221398514 0.11562099991082989
1 0.5241543950823109 0.9864877827873807 0.1262202488188736 0.027024434425238653
1 0.46487610960294845 0.9267720436421992 0.19044643992586624 0.10739710516929435
1 0.4181523878259167 0.836243969102697 0.20538195916315982 0.13412376305699175
1 0.380493642002268 0.7157129252598653 0.26886410580511527 0.1699227981134232
1 0.364853739918017 0.557434644563195 0.28605160580511535 0.17203315775394187
1 0.32435024708959315 0.3999929998439523 0.2835268065307547 0.18883695600112027
1 0.33021332277282356 0.2560234559788278 0.25641866950744613 0.16995049110213695
1 0.32672868030721935 0.1116840568552386 0.2534573606144387 0.1742542893493154