1 0.43760032224897305 0.32915113107763927 0.09179034639736088 0.0958229526972918
1 0.5597420952102267 0.3765554207809032 0.10438127461060631 0.09923889342673622
0 0.6314974232651874 0.4360771975663894 0.09826766693047428 0.10378092306201392
0 0.058111399050292625 0.3672251740119445 0.07364810015828456 0.06261040919430565
1 0.7220625872926678 0.467110951650452 0.09430759263643722 0.12867182028847246
0 0.06600881558505547 0.41822462955902784 0.059540136051661884 0.060720600873680655
1 0.8064997717741192 0.5206736691653826 0.07018813103709709 0.10468880642076392
1 0.11550871041220598 0.4365758924768056 0.08889266693047429 0.10356271751493065
1 0.20837216033306372 0.46922669794763905 0.17975701082055268 0.22122430262104179
1 0.8896556010827213 0.591405702884723 0.09734166442319178 0.12561955547083342
1 0.3301729524946472 0.5283497376509031 0.14847826708875883 0.1658458183886113
1 0.45647337655125747 0.6477744977188893 0.17796719028743926 0.21337543502986128
1 0.5926716378340285 0.7494487133339589 0.1777686134861197 0.2602140674386808
1 0.7572676837565357 0.8424025455902784 0.16663253668480033 0.3067981267092364
1 0.8837105118114966 0.8918686834143406 0.13499008010002456 0.2162626331713188
0 0.2759785121407009 0.26831946779927107 0.05172763605166182 0.06053876291777778
1 0.32632785312778545 0.28434516451263914 0.07700042069139794 0.07049564437666671
1 0.3852254800082473 0.3021333829775003 0.06468227711788872 0.07645470364722229
0 0.4833614516367174 0.36852340881305595 0.06619931301126591 0.07492857123840287