0 0.6710516096104866 0.6779919108527149 0.07747299620027785 0.11105621838316751
0 0.6392229942035076 0.8187077459856053 0.061447952697291794 0.09286742288667407
0 0.7203183788934377 0.3480528894149151 0.07249455547083343 0.09825582973421945
0 0.7469691850298613 0.2194866008582522 0.07354790919430557 0.0764809592838688
0 0.6463055295383686 0.6537836528331503 0.10450827488562524 0.13307092072720578
0 0.5950729507005216 0.7987166185954242 0.06951502583555573 0.10430557063492074
1 0.7021301169255905 0.27043902914359724 0.11373780452090294 0.1274216980251018
0 0.7117395466371181 0.1805650007659671 0.0911354526972918 0.09476988433001132
0 0.6031724721676741 0.6104551549926187 0.14604246466513898 0.17473678901808826
0 0.568019488219584 0.7759206662513858 0.10621624525034719 0.13942105027685514
1 0.6859751740119445 0.11260674274640266 0.13830139342673622 0.11027377081949093
0 0.5810058782278477 0.5630096560723529 0.136594729482778 0.1710110117201923
0 0.5287751502636812 0.7656049275101526 0.08793902393569457 0.15853199568106327
0 0.6467873470739585 0.20526580968069563 0.09462412860909737 0.11059514342930994
1 0.5364551380114934 0.4922873434569965 0.22115287385944454 0.25131787785160636
0 0.5771820554708335 0.13059767427095018 0.0871025693385418 0.12259449568106336
1 0.44732447530180613 0.7182607557032126 0.2174459924005557 0.22611761875230768
1 0.5546517856192015 0.06752717535068434 0.15305357123840296 0.07377506631598414
1 0.4895593413743753 0.35432746606681553 0.1831073599917362 0.22547726866002255
0 0.32592029435600745 0.6301320951550397 0.1754403303564585 0.23122662091177587
0 0.26753691137850716 0.23322801434108595 0.24041202013597243 0.2743944324473982
0 0.19804790786312546 0.5322279164082693 0.23932229882131967 0.2946068028977489
0 0.19446112765916676 0.14351586983204184 0.2639222553183335 0.279021375692138
1 0.1850478004368403 0.040721536858619886 0.17634560087368062 0.06902700956072397
0 0.08142214589527814 0.4483058945090441 0.14924281268902803 0.31223678901808827
1 0.8005890667730906 0.44524686689738113 0.08517639342673604 0.10686936613141396
1 0.7207256077106257 0.7342209268918438 0.11362870174736131 0.12273419802510191
1 0.6849719052976744 0.8403615029254354 0.13586737765916687 0.13976101172019223
1 0.7711912010817711 0.3887570350036934 0.0914627610179167 0.10883238433001133
0 0.773387521085903 0.2820261736526414 0.06268314437666671 0.07890505243632351