1 0.41488437852585147 0.4026847724621625 0.11816154620293826 0.17793953535763124
1 0.4832488870772316 0.9082474663057465 0.10393670516911513 0.14879347587345002
1 0.6014814376515778 0.9286607810937744 0.13555196528398455 0.14267843781245126
1 0.5549411921187034 0.37789609421741477 0.1256290751116806 0.14927309484181253
1 0.7671368783982278 0.9363811545337898 0.15261771671984975 0.1272376909324205
1 0.7073255201659265 0.33957645673804293 0.1294034248245076 0.1418981917636045
1 0.8718547326100863 0.2861633600240469 0.17002842482450758 0.1456906984191349
1 0.9410816256222148 0.9615393429696291 0.1178367487555704 0.07692131406074196
1 0.14194408940652212 0.804521834858517 0.06335228321633837 0.09245943178030877
1 0.17480731917678366 0.8014079461313595 0.036627442182515325 0.062146447171349095
1 0.18825087415444358 0.5329817997086816 0.06463069361838066 0.10339693178030895
1 0.21652809952139132 0.8145754527868897 0.06038962425016141 0.12000096921791972
1 0.21310882214423216 0.48121161252062816 0.0685876733886422 0.09758452870210092
0 0.27322453015317205 0.836868250207796 0.0436688439055537 0.10916731281194636
1 0.27463479757499176 0.4985461896836251 0.08843345373324993 0.10870991638926882
0 0.31614255038291056 0.8470566225039237 0.0483563439055537 0.10960490973373851
1 0.3227070302488899 0.4404431699248299 0.09273540459476912 0.13229328202986607
1 0.382660411646472 0.8872662481278166 0.09557631499681137 0.14337664767046335