1 0.7728673641840058 0.5507013249184751 0.09708511023285257 0.09687299995541494
1 0.7057725965051902 0.5091566099749066 0.1839200266221214 0.18321989465236505
0 0.46885626663882596 0.05147107466211098 0.12354376663882576 0.10294214932422197
1 0.7787674459225535 0.7578008073679667 0.12489857945077229 0.14662576310157682
1 0.4145112081946344 0.01660210096558091 0.12277241638926877 0.03320420193116182
0 0.6232098057398143 0.5050703555482675 0.1460442512477858 0.14149917537132772
1 0.6481108082353858 0.7548785046718568 0.18210781738749732 0.19689869289954362
1 0.5065946570293611 0.49173171952625516 0.2621710927618331 0.2437993858436723
0 0.536756722336879 0.7725020923352282 0.13369011688838306 0.14152686836004147
1 0.3486449796168071 0.42499315366169094 0.2988799430113902 0.2730201051247096
1 0.20702861938395448 0.3554589035948133 0.2630042645588464 0.23617873672008302
1 0.39702792720374824 0.8078333466504045 0.27885917429258483 0.2736510437313694
1 0.10955783402632321 0.2678609781120228 0.18790042096481963 0.24240304377595434
1 0.23138070465806343 0.760214636044305 0.24902580865198756 0.26844337707956445
0 0.11309678930878439 0.6443542456402386 0.12233724251227591 0.2019165087195228
1 0.8075256148084036 0.1347490091653734 0.07745991638926882 0.08519578943848548
0 0.7574205596919772 0.09743986001949168 0.0865431851080741 0.08322189469695021
1 0.718253004575551 0.05878775473873441 0.0784389538268794 0.07913764031489627
1 0.7501618230030379 0.18051244334539415 0.09239761023285276 0.09629744732618258
0 0.6600857402245005 0.04236558129092323 0.1031892445922555 0.08473116258184646
1 0.6943692194257156 0.1415310222669502 0.1031892445922555 0.09607790346105811
1 0.8248155393087844 0.5569661714351245 0.09000193843583944 0.1037262455733611
0 0.6251185894340678 0.11921593451440868 0.10435616971703396 0.10857790346105807
1 0.5523548612728424 0.0025139080214522714 0.09220972254568487 0.005027816042904543
1 0.5813982886853963 0.05476173258324688 0.1349188635606179 0.10952346516649376
1 0.7963816391427496 0.22699089512050827 0.08639731946747667 0.0816593946969502
1 0.8321744850245519 0.2802810530304979 0.08312645382687966 0.0797131929441286
1 0.8707684773290317 0.287395381996639 0.07360558818628213 0.07699958768566387
1 0.8941441557815754 0.3177138206032987 0.07443875998329545 0.06937893856207467
1 0.9186966591093407 0.3352444828953423 0.06960539434269819 0.06724088593284235
1 0.939926374999495 0.35950477237841283 0.052230006655530306 0.04657237716873448
1 0.9503644565302469 0.3866705179963589 0.04739664101493304 0.044434324539502065
1 0.8398597073624406 0.16791851795177384 0.06789702870210093 0.06548653505643154
1 0.8662355311976724 0.2049804302438174 0.06291779742090639 0.06178598242719922
1 0.8931527955487228 0.2309129916594502 0.05891760357732245 0.052027280674377605
1 0.9175804442591758 0.2555708293896991 0.04783423793672483 0.04912182453950216