1 0.7119015458415264 0.273536310078622 0.15163612282516112 0.16341013905580573
1 0.8091952174079988 0.6741343076108001 0.12916912697434607 0.1527824507582359
1 0.641542424265765 0.2423622993633206 0.17493191286711748 0.18497532735337555
1 0.7631373562051997 0.6591736464019343 0.14479412697434596 0.1547932995422144
0 0.5349301844382345 0.025147752017146436 0.0841400468904336 0.05029550403429287
1 0.697168814088651 0.6823624188554447 0.17647110207923689 0.20528782735337553
1 0.5449284560093515 0.22075618914158354 0.2069873962703781 0.2200459400429345
0 0.46678383568299003 0.03172582922029679 0.09218934523075965 0.06345165844059358
0 0.38871803526807147 0.039549142156637976 0.10708063942190069 0.07909828431327595
1 0.5899240765362057 0.719373148147299 0.25535496390673595 0.28661381663807417
0 0.4099856935617968 0.21491361600139464 0.22190200124939988 0.21268178882691294
0 0.2954057431515228 0.051011712045769445 0.1204327444009226 0.10202342409153889
0 0.5045426835898199 0.7435129815807825 0.18404680373891083 0.20316825174536463
0 0.291485069911443 0.1860669865164263 0.24318500539858467 0.20768447712448265
0 0.1809862004102741 0.16392689020026982 0.2632607070582587 0.20717358054365462
1 0.3753637464522931 0.7841201491702066 0.33977843071325686 0.359369145436364
0 0.170286082759983 0.7849826455579205 0.276141060587388 0.29547792005724605
0 0.804385043766934 0.2577660522531494 0.10483105518880328 0.09704334733906403
1 0.7820732584988624 0.19487878762511163 0.11408765601864027 0.09668735660945105
1 0.8191211273753314 0.3185337412731764 0.10940015601864025 0.09608410197425758
0 0.7404903323589977 0.15149149909864904 0.1107258576783142 0.09316018685265534
1 0.720356353729622 0.10070206471381557 0.11889355518880329 0.0988531112446446
1 0.8738380578648737 0.6480216200356875 0.10035704274124875 0.11967650782547264
1 0.6598584068438329 0.03823274115161983 0.1275348493799445 0.07646548230323966
0 0.6729494800792681 0.0627060732617454 0.10364706348717298 0.08141834733906402
1 0.8407421379487863 0.6151465722388378 0.08366645020978147 0.10360315904149431