0 0.3658379484201446 0.8460812102365187 0.09687742304479911 0.12926522798223666
1 0.4028249956332549 0.9618771764089263 0.10064770715464455 0.07624564718214728
0 0.30849132549961916 0.4683911495645033 0.114252810731967 0.1502111785244617
0 0.30954814184712676 0.23663016385961097 0.12450300457555086 0.16090374884979655
0 0.451305729202225 0.9055829258543117 0.10021011023285276 0.09889360819912696
0 0.478980809485191 0.9848227129271558 0.0795638569050876 0.030354574145688318
1 0.4227306019139446 0.49948493357696727 0.2950478373540884 0.33598825427204526
0 0.3985587200501134 0.24122478442318146 0.1516909891845108 0.18785476971735635
0 0.5395548569060973 0.9516913835236032 0.12481453535763123 0.09661723295279359
0 0.6416686971723589 0.9796897104213903 0.11612684151404729 0.040620579157219436
0 0.5580696859402678 0.23673158737254135 0.2195459958400411 0.23748316694047827
0 0.6221360280787129 0.5678760406258905 0.2355467712143767 0.2767399273742582
0 0.8173224619390013 0.6475467075663689 0.28690158402632315 0.3147973740551553
1 0.7455177641432545 0.2551606963521285 0.34333947171349094 0.3412332009529423
0 0.8966119640189808 0.7647511256570506 0.10846263019944366 0.2203294180906818
1 0.14801627558314148 0.7545228674827031 0.06706385690508751 0.07418920711467702
1 0.13636177017539686 0.6674029293049222 0.0924396322794232 0.11476353787379168
1 0.18895280636522185 0.8077661240551552 0.08316847587345003 0.09804056260267942
0 0.18368426684763167 0.6946326735129305 0.06662625998329555 0.06950170711467703
0 0.15082590266261606 0.38528721639825336 0.06823078202986607 0.08668920711467702
1 0.23012045840344014 0.7652703578293837 0.12431511688838306 0.14237334390401912
0 0.19033589933485087 0.4114189853351493 0.09058540099822858 0.11141894281956936
1 0.2840452963819263 0.8828675050525057 0.09766857279524199 0.10470441809068162
0 0.29909915661477904 0.7979181827965067 0.08018934151404729 0.09916387249423445
1 0.20792260877727098 0.24846712791648304 0.18796224251227586 0.2129983609102511
0 0.24568969446798167 0.4374029548142701 0.11937790765375896 0.15555746368712914
0 0.34811769613236915 0.9172002948569613 0.07116789434269818 0.06859799227734449