1 0.460782355209746 0.32722199897431475 0.1423386917107738 0.12916912697434615
1 0.2497931170727441 0.25481051224706197 0.14540002471457933 0.1278434253146722
0 0.27270669365075906 0.2886769493845889 0.12588602076024671 0.10767263527271584
0 0.4814649283277198 0.37737628694167863 0.11969968775644109 0.10876153859206372
1 0.2754205167687329 0.33746964689507797 0.1676570266917457 0.13887601369695446
1 0.5067395009514021 0.43022952241953155 0.16366986364988403 0.1557083161864654
0 0.8488394762368227 0.5737016381957228 0.0820086867678576 0.10123245850815117
1 0.29994567289051244 0.38948243278784933 0.18586319863085593 0.1651784045687478
1 0.8943310483662135 0.6304378128856951 0.10190469269935676 0.13077824855010753
1 0.9345939510279517 0.7001000400651782 0.08529019566510669 0.1435383576783142
1 0.3072541541074321 0.4793737269789905 0.21733337452429896 0.21117798880184518
1 0.38317071387953305 0.5971900342423863 0.3438268903416297 0.2955315232447241
1 0.44204701228292753 0.7677877993892332 0.24264639231879603 0.29721057718412747
0 0.5579863941844193 0.9155820688857578 0.2099665434976597 0.1688358622284845
0 0.38863012399282626 0.23241713922140805 0.07891817885919253 0.06361405933798814
1 0.4165349480993833 0.2784167234545055 0.12920202174882983 0.1125969336130419