0 0.3805754544386545 0.46225755989977324 0.11301589908902603 0.20366886356061786
0 0.035634976671173074 0.4183754361480639 0.04313493030721936 0.0756675066555303
0 0.48418409327606166 0.5303325765385991 0.12039188947037935 0.1918981917636044
1 0.7481225969042586 0.6406296385183519 0.16474706859647234 0.3471073327785376
0 0.6152282513507623 0.6258873090675795 0.1086756286706061 0.25777290099822847
1 0.8866791546161398 0.7283199492503187 0.14405262268015626 0.3342735794507723
0 0.23866824055098917 0.657702391222729 0.16392363466105583 0.1897324297003294
1 0.9634276160567342 0.7897592907643661 0.07314476788653153 0.31939770715464455
0 0.3637724226723071 0.7838507283690215 0.18420141832631973 0.2352328173874973
0 0.4972074599657681 0.9006291191761585 0.14417661905195925 0.19874176164768292
0 0.6613890110542272 0.934068315307518 0.1408135168750409 0.1318633693849641
0 0.9552852777596321 0.983248677828146 0.08942944448073575 0.033502644343708
0 0.8293404028868594 0.9638929927200719 0.133035733209777 0.07221401455985621
1 0.3730332506329722 0.15708054118096787 0.05843254809323426 0.06775116306150357
1 0.4517584513586116 0.18156132321083393 0.08721231252120454 0.08912674459225536
1 0.6432564705959052 0.22435693136370718 0.07240576805616747 0.11110558818628213
0 0.5718179802145521 0.23014711189623038 0.06204862141421188 0.08210539434269819
0 0.27081847540522874 0.19581797608124601 0.07669147477225646 0.05543905074867146
0 0.22330855834485325 0.21785864122272902 0.0770188569862417 0.06481405074867146
0 0.7157515186891394 0.2934208851905867 0.05796132213985139 0.09885529742090622
1 0.7855283053496284 0.30694315619716744 0.06675596878180681 0.1277096256238929
0 0.18348465571244807 0.25930570174690004 0.07696429328391079 0.06325155074867136
1 0.8603844616102305 0.35442384130524157 0.07920140507947586 0.12731405074867147
1 0.9413814904661711 0.39936298897570494 0.08583335099579195 0.13883501331106068
0 0.15031998084752432 0.31305497483346023 0.08935516587924912 0.06129347587345002
1 0.059895877489479735 0.332646834858517 0.09222719473518963 0.09893934151404729
1 0.9936557746795893 0.4688225176778058 0.012688450640821358 0.13968798460895987