0 0.6934202859572672 0.6051201266427441 0.09550657257314796 0.11639001666989941
0 0.6498445261553225 0.7455855010387701 0.07667866013203692 0.09623701333591957
0 0.7674669213481012 0.2733283795176821 0.0882996653158333 0.10494233363936126
0 0.8050366889257404 0.14515571103101146 0.08326085080120356 0.08281224212409226
0 0.67000261833236 0.5802794943708104 0.12411958812453676 0.1419957945496865
0 0.6079502606039338 0.7254004178584508 0.08714726842611106 0.1095022878817268
1 0.7551631195101385 0.1956497896694029 0.133084485014259 0.1380735690954938
0 0.7717266114516201 0.10617283042606762 0.10378796427907382 0.10465529121570664
0 0.6300324377479619 0.5371192967964047 0.1715605161170366 0.1877545757634536
0 0.5823938945341652 0.7030948542229688 0.12779139227157382 0.14850088606495557
1 0.7515809153158332 0.050670775669166265 0.15074087672018485 0.10134155133833253
0 0.6108826050900452 0.48911223149393274 0.16347461404351832 0.18399184697528082
0 0.5437319357217115 0.6928747024061976 0.11509590263916643 0.1629779742462448
0 0.7046853744111108 0.1313160937619872 0.1112682736099071 0.1192279742462448
1 0.5717135068807399 0.41913444240425796 0.2580830679549996 0.27238440940281483
0 0.6407507220547684 0.06097834120115916 0.10753768086722193 0.12195668240231831
1 0.4649337009902765 0.646589375893838 0.24822005240361059 0.24830918061464224
1 0.6232221779924999 0.019994538171590852 0.15894435598499984 0.039989076343181704
1 0.5352600140907864 0.28126765164759326 0.21655994929333283 0.24107076546195144
0 0.3494269867112026 0.5584512602918037 0.21228255240361077 0.24537562818904773
0 0.32017367337435154 0.16112985014008288 0.28030938246962905 0.2959175042520638
0 0.22763131621157315 0.4613845548414902 0.28364899594749937 0.3163575500096983
0 0.25855337672018497 0.11128844424042579 0.3046067534403699 0.22257688848085158
0 0.11929255296925852 0.3742349833301005 0.19866840320481421 0.32028003333979893
1 0.8413329397742121 0.3711602305758489 0.10148317049962934 0.11377519970043756
1 0.7391715748357394 0.6603976869442463 0.13124858294074038 0.1348210233378591
1 0.6950004927434706 0.7670779927038204 0.1546272943450923 0.15379416394474282
1 0.8158941508957401 0.3142245754250978 0.10630737153638856 0.11572033697334119
0 0.8261980809144902 0.2071615034546661 0.07402255183796277 0.08360946757828502