0 0.3195334338691157 0.6916532338620487 0.06665190445914596 0.06301521046687383
0 0.32622583028248997 0.6520369970162282 0.11483803218308672 0.08449536831702957
1 0.3204946363507902 0.5881642128153611 0.11178944183801284 0.107659852532014
1 0.3552791817754287 0.5282200654179623 0.11836722376899793 0.11271137357870131
1 0.42747198398533115 0.8195268758566014 0.09631726114786479 0.15344278939195172
1 0.3662273894528833 0.4613965864646497 0.1083366599070276 0.10279034200867017
1 0.3874793126014627 0.3818378890813682 0.14089778763096844 0.12336044724210708
1 0.4749861223529338 0.8018990310759209 0.11375613342392406 0.135784852532014
1 0.42875415864651983 0.2963855074689848 0.16756954827463008 0.12647003669052861
1 0.5431241171571537 0.7697837520661386 0.14755197921687965 0.15175846302712265
1 0.5703910935240417 0.6827310730987085 0.15253441015912905 0.1785029735504665
1 0.6677848995923419 0.6248646361681836 0.1901543784802456 0.24916408404557516