1 0.569901585193857 0.07569534790562657 0.07136988585581072 0.06025423151356135
1 0.5536302299410082 0.19728192156903246 0.09924232878371626 0.08992632096198276
1 0.5731764425136208 0.14600784790562654 0.09575345574818712 0.0819318104386391
1 0.5869093027288684 0.10447279528890807 0.09106595574818713 0.08165879465362354
1 0.5670784538861602 0.2505511347373295 0.1315839478903042 0.11518392619541977
1 0.5474787373846062 0.3174957110315713 0.17806084160399785 0.1428230787839034
1 0.5252998304363461 0.3963410478491568 0.17798806699689199 0.1412605787839034
1 0.5145314584342742 0.48470559783503936 0.18333053846084474 0.15559609456891899
1 0.5155909983428609 0.5747313583583831 0.17003001778268043 0.13768055247554417
1 0.496500704091048 0.6526134346526249 0.16185364474715094 0.12941302616718495
1 0.4744309590534467 0.7338025214702104 0.18005998924663302 0.15228908404557534