1 0.25109691334967355 0.5156126950978475 0.1374032163810326 0.12790940729444458
1 0.18631476969955774 0.6949904173624308 0.13488627924771332 0.14967530452090294
1 0.331786125704447 0.4994805084524656 0.1634884978143729 0.13942878875333342
1 0.2668731377543101 0.71174346589941 0.19578748539060056 0.19785953780340293
0 0.4365923720520971 0.45337053428802127 0.13599575658579557 0.1294355397032639
0 0.363193399085269 0.703805638961424 0.11756793494769227 0.11653549620027785
1 0.5278666611640466 0.3858031342117713 0.23217800805251834 0.21897212480937522
1 0.4995124506209908 0.6952326855985421 0.25621147296682806 0.25694490349472243
0 0.6939980080236039 0.33720524610336866 0.2053417215001053 0.16846297853284736
1 0.6816987408257538 0.697907009971077 0.28401429460493155 0.27006315254479196
1 0.8514641337569653 0.29701927003906325 0.2635830482572814 0.22126197663298636
0 0.8350733314734249 0.6200391959508689 0.22752680190963126 0.17209712480937522
0 0.9490719919474817 0.23664677412312582 0.07332861842866159 0.14200696846486113
0 0.9175443895949422 0.4833581199628133 0.09080200293344554 0.17670927678548623
1 0.03905821816383593 0.7033087975870487 0.06960765351435191 0.10450696846486114
1 0.10301183659249762 0.5638475605048265 0.11257035453816644 0.11330139342673622
1 0.07821638519477378 0.7269287887533334 0.09679031433340353 0.11137521751493047
0 0.1596433881282194 0.5534198599917363 0.06963184941909377 0.07332970364722229
1 0.13955963263523744 0.747932926196146 0.11585039474292932 0.11493662860909737
0 0.212547925773446 0.5726614756830558 0.07354414839527923 0.06562630642076392