0 0.43422773335431797 0.8891549662333376 0.09788412094116264 0.05837610226293606
0 0.25417285145940205 0.24051695745273882 0.11430005357072241 0.1037795058537325
1 0.4632663969091544 0.9416623426967707 0.11866027110331849 0.08505677693097127
1 0.5100419853829129 0.9794112858097659 0.10232615909060953 0.04117742838046823
1 0.2745750803560837 0.15626922247985348 0.11591710064862308 0.10691359621281209
0 0.36374094602224044 0.07320271330647131 0.11928756249917613 0.12099427693097134
0 0.49981618262626454 0.529416872751 0.18833757142762994 0.13858175273047452
0 0.5781378258885616 0.6306435503459011 0.22460235389503397 0.15754083098930566
0 0.6467980969918798 0.7154094357863248 0.20552507142762994 0.13868174668035033
0 0.45526024431795714 0.03545779449216875 0.1480204886359143 0.06647949375348407
1 0.7149362167152264 0.8150145260472085 0.22301258035608368 0.15596924063022613
1 0.7922038745880199 0.9006116584625701 0.24469666558343128 0.14515900565734086
0 0.7030251830333016 0.35639805014950954 0.22920012499835246 0.24193401170746487
0 0.8331530137964224 0.3376258451326576 0.22190582223840885 0.2715760599120669
1 0.21266283035278838 0.6371101563212707 0.10785913879807003 0.0928056444174139
0 0.18157469723676117 0.5119419846782977 0.08784664772652384 0.10987496974937905
0 0.20207415786949828 0.567524364166793 0.09204322402541772 0.08177724082661797
0 0.16849227028924416 0.43374880698520063 0.09996481818121902 0.08807269262201593
1 0.2511037674465751 0.6912345749391815 0.11235572402541771 0.08189541549465282
0 0.20088598457542922 0.3651942497054124 0.09996481818121908 0.08807269262201593
0 0.31509412945928394 0.732227734481906 0.08406708279171564 0.07235678903121964
0 0.3134498088424329 0.7275311441228264 0.08889095048646727 0.08019656010845858
1 0.1948757179363377 0.2893857286281736 0.11594437418757346 0.10847609621281204
0 0.34732597686149613 0.7886595416634984 0.10923072402541774 0.08187723477649342
1 0.3679890787279353 0.8536169211519937 0.1280352711033183 0.08511131908544911