1 0.650100887301518 0.5735072625188951 0.12158052273741297 0.11463789462538862
1 0.6196122326626134 0.5145649020237862 0.12665002471457942 0.1242859104104042
1 0.6758370804579856 0.8451771361681836 0.06648184585538672 0.06310621572854594
1 0.5659261585560564 0.4675842152344356 0.17428902866891213 0.14576606826055977
1 0.6067514994313463 0.8301899020237862 0.09250051779449713 0.08956229991529545
1 0.5114243423581647 0.38296702055257714 0.23079369665368965 0.15529225768074628
1 0.4253860246773983 0.3035609706372818 0.2629987015966055 0.1805498629141832
1 0.4956840068457201 0.7884812731834131 0.15177735870696818 0.1288669945971538
1 0.3276289569966319 0.22347238125944754 0.23516286167271766 0.14775277346576177
1 0.2580605563120599 0.14345938659170657 0.2588550296574953 0.15536785239083956
1 0.2884100177201351 0.7247240681193853 0.2709040434976597 0.22153888396087068
1 0.16468989969598885 0.09025181562972377 0.3041383547526354 0.11903551024099501
1 0.7236564510279517 0.6709807729716516 0.10356535178688589 0.09332433674699843
1 0.6810670444118807 0.6207308730140039 0.10362901878308026 0.09488683674699842
1 0.7191732449827221 0.8578815334949954 0.06179434585538672 0.06283319994353036