0 0.5851555944791578 0.6800082919800106 0.09391490143727203 0.07587760339082213
0 0.5402103868193573 0.8468704603008103 0.07464634019276631 0.05632708271265798
0 0.5327523986599013 0.9070630976043631 0.0680494966520154 0.05291098428423417
0 0.5127415844352037 0.5341564445850444 0.14790360215590787 0.11414389081820957
0 0.46312847354154113 0.8621187787454442 0.08801515311126433 0.05073205417661057
0 0.4573035076343762 0.788555000209397 0.09130846268177777 0.09440927956950454
0 0.4396389995096097 0.4365237733687607 0.17394413277816087 0.12468328453190333
0 0.3830813495011348 0.7640323432611369 0.14356635382990035 0.08907111621110353
0 0.3890175387470195 0.325408644956548 0.17828308517078922 0.13576633374611502
1 0.3561021392289351 0.19481577047327664 0.20068005454853638 0.1274829528527029
1 0.3100814675811572 0.0842635682397463 0.1718647756002758 0.09194355913900916
0 0.28168460297171716 0.704246428454994 0.171511115793042 0.14477746071058561
1 0.1853196438831194 0.6201326017381923 0.22290019402266653 0.1456165227450789
0 0.0937747089660002 0.4824956687350843 0.1875494179320004 0.17105317038771414
0 0.07892243863289669 0.3307897735736486 0.15784487726579338 0.14467045285270289
0 0.06198740298866673 0.19441777998378934 0.12397480597733346 0.1299144400324213
1 0.8577820233132953 0.422488928664391 0.04825896602976272 0.04266268899896399
1 0.8509190828838088 0.37928473821768494 0.06631357488163978 0.05127570967712849
1 0.8317585333572495 0.5729255763070261 0.07013055789652105 0.07166098428423436
1 0.8395420642246976 0.3347363715922964 0.05520265311126451 0.049203787427387444
1 0.8269493891063375 0.2871357795740138 0.05763396602976236 0.04309933664159917
0 0.8044088191240771 0.5252350930562492 0.05520265311126442 0.049203787427387444
0 0.7971131763019622 0.4929320153059901 0.05103712248901147 0.03968323821317572
1 0.799017407642851 0.44776506452020187 0.08349766674839838 0.08005568114108108
0 0.8009887531027896 0.24093502171613093 0.036626074881639784 0.049892992142117086
1 0.782232788869617 0.19284427812627172 0.07464634019276631 0.05632708271265772
0 0.7739230284578702 0.3867569439658719 0.06856976196314175 0.057598484284234266
1 0.7699232513061995 0.33176122891206 0.07603371435577007 0.0688270827126578
1 0.7609596528660691 0.1464251964470713 0.061452653111264154 0.0494948858558109
1 0.7496022309730961 0.26275867183996543 0.08853371435577007 0.06940927956950453
0 0.7158154624365825 0.10500398387445872 0.03975277894826057 0.03604881596343472
1 0.682640126775403 0.6910121044287887 0.10415871435577007 0.07013702564056316
0 0.6795236471085065 0.7611062806074711 0.06023699665201523 0.052547111248705036
0 0.6956900167399237 0.21630535690998803 0.07551344904464372 0.06413958271265771
1 0.6839635984401304 0.15389740219525833 0.07464634019276631 0.05632708271265772
1 0.6522715236810882 0.08931051737290475 0.08488844904464372 0.06457623035529288
0 0.6199760773714413 0.7724290783739407 0.06371054425938691 0.04182793507002262
1 0.6127484007016865 0.5854577713018461 0.12099596268177777 0.09579199710451576