1 0.5518450347406952 0.37157449424421796 0.12194535453816649 0.11739887357870131
1 0.7765580336478818 0.45223847824744096 0.10460281433340342 0.11483531570031094
1 0.19954967655017902 0.2889168287839034 0.13523265351435193 0.11040542093374786
1 0.6118632748764592 0.4519669205102249 0.12708587720008424 0.13789338410204496
1 0.8246249634765013 0.5296046150509091 0.0935102741286407 0.11263577886860787
1 0.1781689254573655 0.3552474840738101 0.1144671308524341 0.08900085779368574
0 0.633624460916965 0.49906172838861523 0.09618225146672295 0.09259629465362344
1 0.9007635691074813 0.576759607087814 0.09475059576674383 0.12513577886860788
1 0.1939901919073971 0.405103270905513 0.13789253290006317 0.10589993145709169
1 0.6830273794146257 0.5664081230845911 0.19470220395726018 0.193096094568919
1 0.9556028518061327 0.6810977675688055 0.08879429638773466 0.13910727360693614
0 0.748675458731338 0.6409145703972854 0.09255583699532136 0.1343287683452644
1 0.18275359286221265 0.48755945513461496 0.18394394006676498 0.16295356826055976
1 0.983083495082339 0.7425581833114687 0.0338330098353218 0.15620376834526423
1 0.8182358370242359 0.7078815334949953 0.17077538743822976 0.21811150512049765
0 0.2324242489361009 0.6123998314147393 0.2145495833429715 0.18959166297065302
1 0.8834539729957424 0.8328507123918382 0.1526455482572814 0.22326944198043536
1 0.948961110218103 0.9071375088196962 0.10207777956379402 0.18572498236060753
0 0.2345161751123706 0.7352457972138723 0.2082995833429715 0.1892276419239657
1 0.3145247368862378 0.8292302866199414 0.2309255884620442 0.2293822050640279
1 0.5400740771310852 0.23729049950588982 0.10883729167148566 0.09488683674699834
1 0.5831676224549209 0.28019063104768605 0.07291188962385675 0.07725972099021768
1 0.6241620760382718 0.3097640099586464 0.07931692982861946 0.07918624203690498
1 0.4762017946049314 0.29027201536149255 0.12616773392387765 0.11298438936371688
1 0.6646017909525815 0.34940263360793483 0.09633729167148566 0.09415879465362362
0 0.5040579404406742 0.3361683442865703 0.05776410819051634 0.06550317363517096
1 0.7137781981192833 0.40663828093474663 0.10211007310482607 0.10536931043863906