0 0.5705021322226406 0.7847759336102663 0.08976666668723414 0.138552059093554
1 0.6138645832819148 0.277951848762957 0.16744269610843557 0.20510157242947366
1 0.5083014459418396 0.8299925808851096 0.11149200982763467 0.1603951081851684
1 0.5173812744703629 0.20940875603973996 0.21146117650252805 0.22104530788560606
1 0.40544053907606986 0.8576867593737199 0.14930009806655828 0.18663861485312835
1 0.40917921565881094 0.1418222564987819 0.22879833336212768 0.20239090273485502
0 0.2839528430046556 0.8228330114997517 0.17056769610843558 0.20535666394474283
1 0.28394370096672084 0.07954430113305738 0.26713460786951193 0.15908860226611476
0 0.1569127939837169 0.8416941949893317 0.2155808823892366 0.24917030788560615
0 0.09613116421489988 0.06772164621182733 0.19226232842979976 0.13544329242365466
1 0.8152114950183103 0.4421426681483148 0.07040049020938674 0.09065669303247788
1 0.7919478430601876 0.4270596731492847 0.07691897060347941 0.1035393303053814
1 0.7495074018347182 0.7431470587551983 0.08202460785717136 0.09623701333591939
1 0.7609663234542803 0.41723813405960997 0.08991632354683361 0.1184946506088231
1 0.6860324998704252 0.770713820424128 0.08522882354683362 0.11811201333591956
1 0.729361985227697 0.3642405508792906 0.11297529413797243 0.13890274545807219
1 0.6772712989592364 0.3298972439117684 0.12753514708132663 0.1539856115191484
1 0.6142125243778096 0.7920146066388648 0.10718303923649568 0.14151756242753386
1 0.040395183768360356 0.8343434359054761 0.08079036753672071 0.273915216370337