0 0.3184568633156196 0.23637880304864317 0.07046235731976358 0.07226745658477532
0 0.26389564185166686 0.22388481472712565 0.06421235731976367 0.07208560015828455
0 0.3707299927612897 0.266932469583406 0.08049232878371634 0.08660274122451135
0 0.422893960296301 0.2951423861181689 0.08190927956950453 0.08352320533113407
1 0.7723589210068867 0.44143574676780173 0.12907968610347992 0.15823370031656908
0 0.48223472704552395 0.3262727141731297 0.10829199710451576 0.113938131037097
0 0.5472625676160645 0.3619314178549111 0.09506425103345731 0.09794941818411554
0 0.6129988835794993 0.3960048894833812 0.10651117328319834 0.10920516693047429
0 0.681115336846487 0.43079141495191725 0.10011562406898662 0.1058983105039836
1 0.3190647930089587 0.36700667742182247 0.15695212903138528 0.18713159012915473
0 0.13824713254604198 0.3143770855768082 0.07922092721213972 0.09280727711788864
0 0.1838336143490769 0.3357376085380618 0.0791481526050339 0.09124477711788863
0 0.23803311683027628 0.37405831096620196 0.09237589867609239 0.1072334899708701
0 0.3870207344891221 0.4487363990502926 0.12976889081820958 0.1395291644231918
0 0.8072733841986718 0.6367793390085275 0.11468754631872749 0.11724498746358769
0 0.47196296877335636 0.5088495334526019 0.15266273531769164 0.1620406619159093
0 0.5637716331652145 0.5484228473217977 0.14128858767505648 0.15234741316955044
0 0.7374874230738013 0.6333337417532368 0.12827916542531542 0.14104620031656906
0 0.6530738817174725 0.6013683394042388 0.1410702638537389 0.14765991316955046
1 0.6292059646395272 0.12250755351086158 0.03121576674922295 0.03367631802583095
1 0.609274454300445 0.1144821048436451 0.03612159057054072 0.03850021034569897
0 0.6510638480141386 0.13830003807145536 0.031070217535011223 0.030551318025830908
0 0.5770248804791274 0.11072661902941006 0.024456344499482086 0.02255696159934022
0 0.554822394747151 0.10433186652212759 0.03099744292790536 0.028988818025830955
0 0.5278232471045159 0.09572975633471317 0.02303939371369381 0.02563649749271755
0 0.5047667367654336 0.08779523588074203 0.02609161910658777 0.024164925705962893
0 0.6074786679065148 0.15990826511020179 0.05076628742738727 0.05140938730530311
0 0.5757192456567738 0.1498800472426554 0.03924659057054054 0.03859113855894432
0 0.6396019631917851 0.17774898297774816 0.049203787427387444 0.05136392319868044
1 0.4745355812649157 0.11057951801319565 0.06548375889134021 0.06588106426490725
0 0.5106742884608447 0.13065032561418533 0.03924659057054054 0.03859113855894432
0 0.5426520345319032 0.1453660434817317 0.045787688998963995 0.04502299498543509
0 0.5423823608344203 0.18996548964166574 0.05872433664159917 0.054761707838416565
0 0.6222175641014079 0.22441103431053167 0.0674829065339754 0.07530152837152995
0 0.4979410020669146 0.1763947346271008 0.04905823821317572 0.048238923198680436
0 0.663825021297337 0.24432271753834195 0.0768579065339754 0.075574313011266
0 0.4588592313887502 0.1603211052393565 0.05247433664159917 0.054579851411925784
0 0.5794114799410082 0.2123573151893441 0.05730738585581072 0.05784124373179385
0 0.41917814722835034 0.14817645790492354 0.04437073821317572 0.048102530878812375