0 0.7473703199122304 0.6217442886952267 0.0865941315507884 0.0674493477653467
1 0.7426097411690146 0.2203000452676788 0.07236747366309118 0.05163008733156695
1 0.7278767631238694 0.1690922724694551 0.11156643856207467 0.08324327357868411
1 0.7196181752375727 0.4957687782614467 0.1296578069667012 0.1180321290666864
0 0.7083226664288796 0.5663515425565544 0.08949958768566404 0.07860644281956937
1 0.6881160920900105 0.12665138374944915 0.06576146489898349 0.03534630216889947
0 0.6642058112372926 0.4196496766347721 0.10408225433746879 0.10983110819912664
0 0.6465959162505394 0.9077788763965365 0.07837023680925306 0.07550677744001177
1 0.64681461391111 0.334286498890771 0.13867679820259332 0.10394429444624383
0 0.6030249206548859 0.8655702500409745 0.10586429820259333 0.09933279830757158
0 0.5785047016636515 0.2594258393032053 0.12461429820259333 0.10196793895824152
1 0.5761767982025934 0.16543090962854018 0.17455891222516584 0.13355579058491612
0 0.5475710171715352 0.8078717558329661 0.10446595609029038 0.1129561081991266
0 0.5302964381162241 0.9944785191422547 0.06532237716873439 0.011042961715490662
0 0.4903627628117738 0.7483911665707353 0.13198771047234442 0.12450172412090907
0 0.4929133640225726 0.09384304949874957 0.10770172804514519 0.06427367852446164
0 0.46520645128467847 0.9700190477324699 0.10685124557336109 0.05996190453506003
0 0.42480799530585067 0.6647044946187257 0.17118667537132773 0.1561149103680261
0 0.40014415744184656 0.9453125850311601 0.11093549995541493 0.10311658347023922
0 0.32386458746273855 0.5491723740551553 0.230889991146722 0.19214533232003567
0 0.30368155220567433 0.8787796194133669 0.14289751748363066 0.13831929444624363
0 0.24230211822628633 0.4164020842506996 0.2700612630569917 0.2360389235129304
0 0.18635858732898342 0.7924240131449042 0.1625513858882573 0.1733277449884687
0 0.1755290130346992 0.2665160900426913 0.23472700867493773 0.22339533232003567
0 0.1367711359105498 0.12594175928357643 0.17801222800056019 0.1616807905849161
0 0.1313864648989834 0.0445692944462439 0.1283979297979668 0.07025341422935397
0 0.12199746458688798 0.6559290664640072 0.10471119289954359 0.17748313292801435
1 0.8926679733955808 0.692069498521028 0.07527292979796699 0.06278718238578947
1 0.8730971839570956 0.6202198331414706 0.06178598242719886 0.06549832689778708
0 0.867435583058392 0.6616514177619132 0.04525711402257286 0.03092906646400717
0 0.8637775699345228 0.5943414529245807 0.05147942103385894 0.04408785162667463
1 0.85789842521528 0.5589656078703582 0.06825552629232376 0.05565880216889951
1 0.8442798592392531 0.9232772458099037 0.08478439469695012 0.09022806260267942
1 0.8516494252375726 0.5143245603432469 0.06104627191026992 0.046967921952009564
1 0.8291908724300001 0.8566640680659023 0.07996042979796689 0.0634459675484571
1 0.833997144563195 0.45809989496368947 0.07387458768566395 0.07641049227734449
1 0.8209135917556225 0.80175697301168 0.08889634206771788 0.08619934776534696
0 0.8047625787878008 0.4263515765690185 0.04660007015744831 0.04186656646400699
1 0.794435170744056 0.7174199749423439 0.10273929820259334 0.0988936081991266
1 0.7980201051247096 0.383944481514796 0.07058542979796681 0.06212839722312191
0 0.7865939777330497 0.7723650719272303 0.04717562278668055 0.04655406646400717
1 0.7828213463828941 0.3226902562436835 0.09654468418002082 0.07345441809068172
0 0.7582929733955809 0.6731843238578941 0.0737104297979668 0.0625675873315668
1 0.7607693420231328 0.2681505557014587 0.0871973771687344 0.059856442819569367