0 0.17424452421557693 0.2854488827621393 0.07243380937615385 0.10854167549789598
0 0.8710334793373926 0.4692434300527653 0.12363536397194572 0.1290377139724832
1 0.10960103331487558 0.28458827640886986 0.10362325262089364 0.13301588584218216
1 0.03750598781838238 0.3026959248649238 0.07409643892580316 0.11015873920022674
1 0.9191217234772964 0.5338217960246816 0.09687260487264701 0.12498513103285873
0 0.45672185302694573 0.548410151914615 0.16946710055371045 0.21170637023308564
0 0.31748937230527724 0.5680827895708956 0.19082046884459275 0.2529861346610559
0 0.19851932680878398 0.5878273490968754 0.17056852559985294 0.22889387023308566
1 0.07991758174141687 0.5987152637949981 0.15983516348283375 0.249806570958725
1 0.013766901605757942 0.6270882896557137 0.027533803211515884 0.26457342068857254
0 0.4855036829180487 0.8412772089935239 0.2848708574935408 0.2609474568009073
0 0.4330412145348813 0.917941401914615 0.2879982526208936 0.13945440271722304
1 0.5391872062015498 0.2103446675237116 0.11229734577334831 0.12240576805616732
0 0.6715398288113688 0.24937490727209255 0.12652053207825792 0.10107640507947588
0 0.609109679983388 0.23830348721649225 0.09879605027685515 0.10634425843752053
0 0.7506370434939085 0.2801313447508881 0.10388406847545255 0.1127579495445131
1 0.46774300277777725 0.21829606597976553 0.10019786397194572 0.12821925843752047
0 0.791443713759689 0.34886149738329325 0.10232156847545255 0.11270338584218216
0 0.39049008791066747 0.2560713736916466 0.08715764342930994 0.09502481252120454
0 0.39585870836101816 0.25744290073348863 0.09517040252860856 0.09842263103285882
1 0.8638904102436312 0.38608618967141217 0.12842299352159509 0.13076390507947586
0 0.3194964674603168 0.25699152214770055 0.0997973457733484 0.12196925843752053
1 0.24726052205610866 0.2408060161572508 0.10276165946843889 0.14389882213985136