0 0.23765191174256567 0.17931173147382154 0.08053254902710891 0.058758467548456886
0 0.24915720585585727 0.20963268201604643 0.06886882353449311 0.04181589722312198
0 0.2673087009235293 0.412314283642721 0.1612543627586483 0.10836153015113621
1 0.26639534310337915 0.26069265535649494 0.17489872550495625 0.11793079058491615
0 0.2856691421119774 0.3359587113867222 0.1559198529556946 0.11373314993424621
0 0.3425682842918273 0.19246210010672815 0.10000877451972467 0.0767990131449042
0 0.3573812009667209 0.14032527785072935 0.08319980392858568 0.056072657656901816
0 0.484804534174593 0.9608784567449341 0.18229308825126403 0.07824308651013183
0 0.5312547547780724 0.8911319475023319 0.16827019609609514 0.13536322025958114
0 0.6206428920564454 0.7490120348338989 0.24724024512320408 0.1939020927538156
0 0.6501036518840799 0.5968752125779001 0.2365316176724656 0.19392742737425817
0 0.7310322793594993 0.44718772958413205 0.2356161274754193 0.1876774273742583
0 0.7656165929984854 0.9787015539351792 0.2026055882512642 0.042596892129641614
1 0.7554820342856571 0.2911573246383546 0.254634607869512 0.20259297297070553
0 0.7684331372413516 0.19729752711124332 0.17958622550495615 0.11858957574758362
0 0.7658692892118147 0.13315056420457466 0.14326142157637048 0.06910476971735635
0 0.8165298283125655 0.8977367597352682 0.1614127941379727 0.15123314993424658
1 0.07552629890370442 0.7744595139253647 0.0975703921675094 0.08104732303645931
1 0.07665963224732147 0.7068454911271409 0.10519362746307885 0.09130070325334927
1 0.09353678912543163 0.6079561337084748 0.12440137256160202 0.09706084390401912
0 0.09655612737052552 0.5437965034915848 0.09551053922415523 0.06698482303645932
0 0.11078144600971203 0.4684544436000298 0.0680325490271089 0.05700170711467685
1 0.149830906736195 0.8550676468533791 0.10988112746307888 0.09195948841601691
1 0.138580686225269 0.34399076392536465 0.144713872561602 0.09991557960891137
0 0.1459266666070212 0.413593809521812 0.097799264716771 0.08260982303645932
1 0.17194355380518128 0.7911994072871588 0.12287848040643308 0.10755915379557415
0 0.1811380636204754 0.7175423122329363 0.10400965687193997 0.07277029830757158
1 0.19521147051709625 0.4962669691093778 0.17085823530790992 0.1112416004764711
0 0.2020117155909385 0.6566892751396051 0.10850789216750945 0.08258448841601655
0 0.20722514697643288 0.5721073473956038 0.1266108823645557 0.09125003401246409