0 0.5423943196519432 0.637434191102065 0.06517523213953709 0.05736352942120142
0 0.5231077859572673 0.58882723032005 0.07224543836009242 0.06765401961824793
0 0.49594040174421183 0.5405833822843429 0.08285074769092589 0.08308975491381716
0 0.5740051960893041 0.6731582352153566 0.0619135311027776 0.05534328432267834
0 0.4746129144208786 0.48673654405158934 0.07945234561740726 0.07950700981529409
0 0.44506282398726765 0.4293465685651438 0.09589755183796282 0.09117073530791
0 0.4220655299249992 0.3654579166070212 0.10439355702175916 0.10012759805421786
0 0.39927328741786966 0.3039130146488985 0.11302626324231468 0.11064696080052575
0 0.37522134128208273 0.2370137989654067 0.10466695909527761 0.10325259805421778
1 0.6638489460893041 0.6599980636328159 0.1563264953818516 0.1648062745320651
0 0.6725801056556932 0.5970007106894617 0.12062414976444433 0.09170769609609515
0 0.6593679147037025 0.5364263234357696 0.1645299746466664 0.1351583823768962
0 0.6295054659760175 0.4664219116746932 0.1760142787937035 0.14301049022172715
0 0.5929439579174991 0.3831560538360324 0.19837729434509227 0.1694233333621277
0 0.5496246019324993 0.3040451224690487 0.19634590263916643 0.18146558826360462
0 0.5277311866166661 0.2075530391377721 0.21523260367592556 0.18577455885474345
1 0.47696091559865705 0.11686957105290359 0.28292724307277733 0.23373914210580718
0 0.9849469472670827 0.6597209312250686 0.03010610546583479 0.12177372550495616
0 0.9973013928372216 0.5060787743592989 0.005397214325556732 0.1426144117734168
0 0.9820188539587494 0.39897269592949913 0.03596229208250108 0.16277725491381734
1 0.3905686880307858 0.6114063970072839 0.09052654665416657 0.08267161766012521
0 0.3927176569280081 0.5636159068102377 0.04206992280870363 0.040096813731539525
0 0.37493483463768407 0.5321964460282227 0.055663531102777684 0.05442779412563201
0 0.3577965613106008 0.4991000489715769 0.059061933176296225 0.058010539224155264
0 0.3435392802078231 0.45371272054177714 0.058651830066018464 0.053323039224155266
0 0.3063038288882399 0.38083198525237794 0.07095634043361106 0.0705501470689863
0 0.3268405042888417 0.4165956372105006 0.06402283524981467 0.061822156871939926
0 0.28892154778546225 0.3359024019211013 0.07081963939685174 0.06898764706898622