1 0.8121945420617983 0.28108383909326456 0.09833568068726599 0.08968205547083344
0 0.7305428296010408 0.4204171363959729 0.14594102103089918 0.13448671561506953
1 0.798980811849502 0.16295143493295203 0.14487648801421252 0.11417421561506957
1 0.5922338398893479 0.9080047893220143 0.13812187697836437 0.1639560100679862
0 0.6981187539567288 0.3377312697547228 0.13895403663473135 0.12027874525034736
1 0.5526556835123413 0.8228115185204518 0.17742339439121899 0.19920383225631966
1 0.74311923620519 0.07972005442399369 0.13279921189493074 0.06239351006798621
1 0.6683659769329359 0.2613499545002436 0.21772084577069997 0.19389938962701408
1 0.4590041807988078 0.7480641320275698 0.2142550090451115 0.24687891926229177
0 0.6076188274533343 0.14445208880892413 0.16526423111680746 0.14586062670923625
0 0.5773337839211979 0.05791452355444493 0.14529256784239591 0.0923355832062501
0 0.37550228403273955 0.7032042672861809 0.1803027329258297 0.19458906743868082
1 0.28627376695856926 0.8915199252462156 0.17315861827193718 0.147604964665139
1 0.23547707032878673 0.592264154444653 0.34762743102595034 0.320209929330278
1 0.144798917908509 0.8273638934267362 0.21106140999505124 0.18594141926229177
1 0.1631406456344144 0.4477861494106598 0.2941815264579661 0.2830722988213196
1 0.07339422941932676 0.7453313370059723 0.07800324852966196 0.17816267401194458
0 0.12777195443169873 0.29402471656500007 0.17142569990914297 0.17409472948277785
1 0.869078543643678 0.756048124712466 0.09389384215265544 0.0942604526972918
1 0.848588981228349 0.8117526108447576 0.09866322930778501 0.09593205547083343
1 0.8497619776103045 0.7150230812094799 0.0887150192218769 0.08477634992375016
1 0.892613461667788 0.5053402631052091 0.10852955223856356 0.1055252610179167
1 0.8367839427845954 0.6460548756623965 0.13294969810012064 0.12482077488562524
1 0.8122476102428784 0.5947644793858687 0.10680327792830405 0.10236389342673605
1 0.8604416915413999 0.3976907640551396 0.11420634215265543 0.094733231382639
1 0.7750132038658719 0.509625759971077 0.15087418249628842 0.13928331838861113