1 0.2710208568222021 0.15394361160896702 0.10157452335696497 0.10953073295387142
0 0.34673287681395487 0.44573959943410235 0.10585284639736088 0.09555005357072237
1 0.3114700120741939 0.20091802313520857 0.14881323620994644 0.1228489391223816
0 0.36909229546028877 0.22023503896352112 0.07539245658477522 0.06846935633066602
0 0.4172870692129652 0.4796821769508123 0.13594952335696497 0.1101307508107789
1 0.4868841668639673 0.5613219147759476 0.22626829796757125 0.20853306899199797
1 0.44614654044572377 0.2626622723244297 0.21942726458147638 0.1881114748361966
0 0.6195041017411302 0.6598394610430695 0.14967705423577726 0.15253643912238157
0 0.5917916610579794 0.29842071997152314 0.14655205423577727 0.15248189204448098
0 0.7049569022824909 0.37304679870604907 0.20196697994174037 0.17843646590774281
0 0.7657318955520663 0.7424865454596381 0.1670009465556454 0.1575239480508353
1 0.8454314189090313 0.8489626420510715 0.28165447994174037 0.17982741639421002
0 0.8634944794795218 0.4758018315804902 0.191938762074194 0.20949555113509052
0 0.9478180036944167 0.8969580369382214 0.10436399261116662 0.0882012037328785
1 0.9362941673261858 0.589254631094023 0.1274116653476284 0.19779439204448082
0 0.9828402098834805 0.7384909720034134 0.03431958023303885 0.11189207386326175
1 0.15872074828414034 0.32395787703024254 0.11228470282385157 0.10190914772652385
1 0.22398804710964137 0.3642459119332786 0.1321258413827959 0.13973643019392784
0 0.27993417022917955 0.37968395130054156 0.10718802586424747 0.08776482710967279
1 0.34977558960042926 0.9263992642067548 0.1825062746106063 0.10001145697928919
1 0.3520571551189778 0.9779481274372797 0.10095474623907634 0.034558006492821744