1 0.7663723070767064 0.426244496463429 0.21364687278026223 0.14723339891824913
1 0.7077885367977892 0.7095032816132643 0.18742286238870207 0.2161910861063026
1 0.6974641339281271 0.3398681880192375 0.21052187278026224 0.14694166763705452
1 0.6071004859252691 0.6015325931774249 0.2275779688253195 0.2354627271212358
1 0.5780753595387105 0.19755341035712637 0.2426459579295562 0.16235898044900088
1 0.4953014283443594 0.09047892678815628 0.26247785668871887 0.11298446505796074
1 0.4456006211907784 0.47857107757858885 0.2865923359055985 0.25804725582333654
1 0.29018151165206796 0.3204743230030379 0.30948353268728984 0.2524227404322964
1 0.1832820295851967 0.11257656738749733 0.2880348675844822 0.18988071838572593
1 0.9932433046048672 0.93563424230347 0.01351339079026559 0.050959237936724834
1 0.9968635643661734 0.4334474692169099 0.006272871267653102 0.06043808153075183
1 0.9742883499034549 0.9781445919296393 0.05142330019309007 0.04371081614072132
1 0.967951960527446 0.3708115033267554 0.06409607894510785 0.0794600133110607
1 0.9426020352851798 0.293675440514809 0.09318155347041035 0.08941847587345002
1 0.9094510456767402 0.21917485898405714 0.0952903566887187 0.09737684151404731
1 0.8498400069604909 0.5543397972121005 0.17891123986054147 0.16106598918451062
1 0.8247211305739324 0.15072527849329515 0.12141581411407207 0.09360655740420176