1 0.5038445798737579 0.6631808200972639 0.14768594278703767 0.15128001778268044
1 0.6115664122589637 0.8809184377561097 0.14654410822331804 0.1543322431755744
0 0.6194841779463889 0.8416932719165094 0.12349728288749554 0.13307367328319836
0 0.5247731819704822 0.6167981257216164 0.12421845201493475 0.12689644789030402
1 0.6535587735835852 0.812226249790603 0.16042626627728057 0.1767166654253156
1 0.5441843695537157 0.564910294042416 0.17719310084100037 0.17439218610347992
0 0.38903201258612174 0.19668037075921768 0.1113579667795701 0.08903257485477489
1 0.6714074611668187 0.7602656435042967 0.1895127588949629 0.1967038337461151
1 0.3965442075516731 0.12560589143738216 0.1424276248335329 0.1122175177826803
1 0.4160906515944346 0.05742097166884049 0.15405630318886918 0.08325776385373888
1 0.7326305688002813 0.7017853635205074 0.2359069132577666 0.22991874813797325
1 0.761416955040225 0.5695936017336831 0.3375291961452621 0.3619735769216895
1 0.8393851987851708 0.42041770119556376 0.3212296024296585 0.2605566261359012
0 0.8661203443814722 0.2227828759265042 0.2186894224856637 0.20582627667402048
0 0.489150783734272 0.7789492152586998 0.0732269686251497 0.08259848428423436
1 0.501951386753786 0.7298588978475229 0.12683261560563572 0.13478172249741008