1 0.34859165766477174 0.46957841233587005 0.1326463420677179 0.07931053248413775
0 0.3741108242942842 0.544370081210344 0.12543708768566386 0.07127977767481415
1 0.36028471472064316 0.3937525223173366 0.17209254382053948 0.08379962504240908
1 0.36360356564163904 0.3067435956383143 0.15548059644977172 0.08788692431676956
1 0.3592196884951971 0.21402038229880316 0.19393985083182574 0.09700895317271012
1 0.38646951310157673 0.1255134430059091 0.16619855258464736 0.09915180653075471
0 0.8973540502710116 0.7909276889143759 0.20529189945797705 0.19303078130301116
0 0.9105913376410788 0.474605773668099 0.1788173247178424 0.2695387176006804
1 0.37772229782362043 0.8525446797590652 0.08187893856207466 0.07131449400955034
1 0.35045078036228217 0.6874553930985764 0.13267403505643144 0.06686509618646852
1 0.3760381794412863 0.7754737482707195 0.1131012455733611 0.08485120435383653
1 0.34825934180020746 0.6189236479078998 0.13319420170823645 0.09644346878180662
0 0.40434018380104775 0.8285813901033514 0.07335442103385895 0.039900802902557334
0 0.39380223209281123 0.736421171954517 0.08818432453950206 0.04664187622353531