0 0.6201008024954773 0.35085493566164094 0.13374206134875521 0.12557061929679456
0 0.7082811269458091 0.5809329116691083 0.12571001748363067 0.1352461229879534
1 0.6606812629455291 0.5061433437156035 0.19884489465236505 0.19272792986798154
1 0.5639892674390456 0.28183462139929516 0.14292521047234424 0.12527011560563572
0 0.49260874114672204 0.2261256472374072 0.15131326310157683 0.1310092791963366
0 0.570618969102697 0.4609812942178932 0.16608778062979254 0.163731608223318
1 0.4120727587195228 0.1584275094848183 0.17982196485439844 0.13792026812286
1 0.48266803492267635 0.3892116592336735 0.20783619289954364 0.1908649261768227
1 0.6976085565654357 0.941030024415921 0.17362535078724067 0.11793995116815807
1 0.37659803934931535 0.29502619706805183 0.2652372981580083 0.20781190402986952
0 0.294652868382334 0.11572947106058448 0.11877569294412868 0.09128579026981325
0 0.24404662269751037 0.24798624782148626 0.2510106402703112 0.19206674228474796
1 0.5161538592169606 0.8958079437098274 0.27548847357392126 0.20838411258034534
0 0.1482011095736411 0.16823886560563567 0.26233184202313276 0.1966640713117293
0 0.3562853855315768 0.8897008468549137 0.23996236831545642 0.22059830629017263
1 0.23139715750872408 0.7894978628372665 0.20408025429288382 0.21033609530426195
0 0.7783216971701348 0.49431912937146827 0.09023929820259333 0.0966644686251497
0 0.7341889954396058 0.44150972777703357 0.104849657843112 0.11553463037027112
1 0.7891741181594087 0.6202506312170477 0.14928398238261414 0.16454294832377592
0 0.6888636489675415 0.3977598271053887 0.11836429820259334 0.100450457551673
0 0.8093619997101971 0.6782884593212393 0.08969143856207466 0.0796873013432899