0 0.36474788717321693 0.3078125 0.12074096834337489 0.1140625
1 0.5991669407406441 0.8921875 0.15237279788867966 0.1359375
0 0.3885654423687925 0.1953125 0.1524546185055306 0.140625
0 0.6728674935005877 0.8625 0.07765344155801372 0.0625
0 0.6586316696373258 0.8078125 0.07329322402541774 0.08125
0 0.44578583279171563 0.071875 0.22282166558343128 0.14375
0 0.7184606371699218 0.7890625 0.0874375446422686 0.0859375
0 0.7825543648487873 0.74609375 0.0936602711033185 0.084375
0 0.8583707966675682 0.65859375 0.13044325081077882 0.1328125
0 0.9420410442352317 0.58125 0.11591791152953661 0.121875
0 0.9493393011350904 0.44765625 0.1013213977298193 0.1515625
1 0.25831406979948157 0.834375 0.08264095048646736 0.0796875
0 0.22565770819380981 0.61953125 0.05884889448011288 0.059375
0 0.22252302556424994 0.57421875 0.06200116801906326 0.0609375
0 0.2176349281620377 0.51796875 0.08576595048646736 0.0796875
0 0.20703261890927238 0.44765625 0.08732845048646735 0.0796875
0 0.20805360227018094 0.371875 0.08732845048646735 0.0796875
1 0.1941490150142384 0.29140625 0.16810689204448095 0.1421875
0 0.34256456452447576 0.69296875 0.06509889448011297 0.059375
0 0.34330885835596553 0.64609375 0.07940685633066594 0.0734375
0 0.33828439325900167 0.58203125 0.08894549756436802 0.0828125
0 0.22603816882984215 0.19375 0.13318642126547414 0.1109375
0 0.33930537661991017 0.50625 0.0872739034085667 0.0765625
0 0.3416161245913153 0.41484375 0.11764324188232518 0.115625
0 0.24396028003177211 0.1015625 0.13003414772652383 0.109375
0 0.9729558534879968 0.71875 0.054088293024006265 0.115625
0 0.9753092861175567 0.79375 0.04938142776488661 0.084375
0 0.9059839565689568 0.83515625 0.09190685633066593 0.0734375
0 0.8286226156595662 0.87890625 0.10308981818121907 0.0875
0 0.7681078555132965 0.903125 0.041361385551659066 0.0421875
0 0.7324567276722751 0.91953125 0.0333306972400564 0.0296875
0 0.7500260572175799 0.94140625 0.041061376623205345 0.025