1 0.2924646363165017 0.2867149078615549 0.17443809576674382 0.1354825266221214
1 0.6541251297307061 0.4482122287846134 0.17379373904295042 0.16019079534092687
0 0.6638525529735302 0.5011604523702881 0.13444535453816647 0.12246088560718853
1 0.7004948994591784 0.6086614215882076 0.27323183480969426 0.2886717712143767
1 0.2710921673759327 0.43058976247886693 0.2579653070287039 0.22842157737079294
1 0.7190437006209909 0.7554746000407514 0.20686792764299256 0.22829551123108124
1 0.22112352884488962 0.5686411027451286 0.32169353071443607 0.26223533735408855
1 0.7667967342399582 0.8835651584854478 0.19389070907633296 0.23286968302910438
1 0.1992859392900319 0.7172034573624406 0.337616513171591 0.2822981281194643
1 0.7734354513398951 0.9431750180944075 0.1296973647763119 0.11364996381118501
0 0.20552002553753462 0.8796887115223996 0.37480643276206527 0.2406225769552009
1 0.5688418512308114 0.27466846214578755 0.13179757310482607 0.1113775199665911
1 0.3174937646093995 0.2251840455487228 0.16148507310482607 0.11414896713794018
1 0.5876583899688516 0.3631586108562407 0.10898023392387764 0.11543953535763123
0 0.2716578874093152 0.35337086709617904 0.07635906798575345 0.06750145382687948