1 0.2817865944262205 0.20790157909989623 0.15933540099822857 0.11841768413543574
0 0.40256417512578835 0.8665131756834231 0.1049396322794232 0.11482790346105816
1 0.4105261753335844 0.6902246055036825 0.16487829534092674 0.17779268413543575
1 0.46156339975145266 0.8963391406269917 0.1567098194674767 0.09029268413543576
1 0.5014515948428222 0.7586067502898028 0.22400358610630272 0.19895366656263497
1 0.6255652897263959 0.7858437284241182 0.2479825266221214 0.19108578058520748
1 0.7993498698005563 0.14897951332450204 0.3383404409314107 0.2979590266490041
1 0.11636948918552051 0.7471944693925 0.0656052004991143 0.05748218418002082
1 0.12714132404403747 0.6979895658868568 0.08839741638926876 0.0865387455733611
1 0.13629873710554102 0.6412599386958299 0.09479328202986607 0.08886864907900413
1 0.15929985170614863 0.5851474036171058 0.1118769384358393 0.106412157843112
1 0.16853019758795088 0.5276365264260787 0.09312693843583926 0.1041099473261827
1 0.24550080282966072 0.9275020615716805 0.0902096256238929 0.07285994732618235
1 0.18256299833662232 0.4517731974822302 0.11700203535763128 0.11167521047234441
1 0.21485628036648835 0.37057858345965766 0.11841866971703396 0.11030456134875521
1 0.3166798084452013 0.8268592765152489 0.15912771381017504 0.14928398238261414
1 0.24422234983396515 0.29592174575170127 0.10729328202986607 0.0904034560902904