0 0.1528509900127545 0.54375 0.10030439304403452 0.0828125
0 0.22394470395659144 0.84453125 0.08202111269942683 0.0734375
1 0.1398842775685948 0.47421875 0.16838475430759603 0.1171875
0 0.21494511579449904 0.79453125 0.06980520229738456 0.0625
0 0.18921460998722583 0.68046875 0.09176137281429604 0.0765625
0 0.16780636569878124 0.3890625 0.12088069361838061 0.0984375
0 0.17514200874281577 0.30625 0.12262582367581523 0.1
1 0.141335209572429 0.14765625 0.20089287568602673 0.1546875
0 0.16166799138480797 0.234375 0.1358563439055537 0.10625
1 0.33667804936182233 0.96953125 0.08175731212508071 0.0578125
1 0.3424816259412742 0.9265625 0.08634335258455757 0.0703125
1 0.3331675074345742 0.8859375 0.08110796241225379 0.065625
1 0.29590088889596816 0.71015625 0.12767858379068447 0.103125
1 0.3296163802488702 0.809375 0.13484173407785754 0.1109375
1 0.2818485550414718 0.54296875 0.19208605488194214 0.1328125
0 0.30645284696872 0.6265625 0.12455358379068446 0.103125
1 0.2884638295788063 0.41953125 0.2133928756860267 0.1546875
0 0.29873169805360045 0.325 0.19989855488194214 0.1328125
0 0.2926947760689176 0.24296875 0.1809659248245076 0.13125
1 0.2900770954052309 0.125 0.2008928756860267 0.1546875
0 0.3086343280472231 0.053125 0.09269481212508071 0.0578125
0 0.07077913312060088 0.73125 0.037012991320996114 0.0359375
0 0.061738959700052755 0.68828125 0.04657062137843073 0.0375
0 0.04231932817484687 0.59375 0.04399351155073457 0.0421875
0 0.08665778197190861 0.7625 0.026724841033823044 0.028125
0 0.09720972562219518 0.79921875 0.03315747109125766 0.0296875
0 0.04109165475429874 0.55078125 0.04417614160816917 0.04375
0 0.03585627179322752 0.4953125 0.05060877166560379 0.0453125
0 0.03292405357370053 0.446875 0.05060877166560379 0.0453125
0 0.03495328044032548 0.39609375 0.06107955201021148 0.0546875
0 0.03702309256540618 0.33828125 0.05896916183790764 0.05
0 0.03703324428844458 0.29140625 0.05217127166560379 0.0453125
0 0.03377635121250413 0.2390625 0.05566153178047302 0.0484375
1 0.12180390188256807 0.62890625 0.17096186413529219 0.1125
1 0.04209617776005008 0.16875 0.08419235552010015 0.09375
1 0.18048895248882013 0.7484375 0.11150569361838066 0.0984375