1 0.6595860708297216 0.3695331230845911 0.11970549019805539 0.14221686305535766
0 0.5845081583886105 0.34650587578601416 0.11120948501425901 0.13394933674699844
1 0.7228960065979159 0.4268520703972854 0.13847461404351832 0.17906441567207598
1 0.799350491329351 0.4833820624341906 0.13568180471268504 0.1649109104104042
1 0.883275723468888 0.5364608307794547 0.15913842855814764 0.20203147881213823
1 0.9384592083649764 0.6151010412463288 0.12308158327004719 0.17822995776545092
0 0.1812620385491654 0.6681269156720762 0.25583706277120327 0.2589632892507773
0 0.45158197488300755 0.872958628840373 0.32493837728583286 0.2540827423192538
1 0.30938314486347196 0.1602597497176513 0.0937294590952776 0.0940677893919517
1 0.4653979904808792 0.23774625483814882 0.11005708812453677 0.1385458314853265
1 0.37791782285597186 0.20622396807703308 0.11833847983046279 0.12659186305535758
1 0.5272042148447218 0.2778777021508431 0.13560389227157366 0.14625191567207613
0 0.32210732026407374 0.1990870312876824 0.06281164976444434 0.07827618942018652
0 0.4070482482565737 0.2460068048946186 0.07497945909527762 0.0929757262518895