1 0.39926319509136965 0.11185119773621736 0.11379299126449016 0.07034186305535758
1 0.39099572171349106 0.2757162766612951 0.14864761023285267 0.0941279735504664
1 0.4148584958400411 0.18635066879702217 0.15396059484181243 0.11774748407381015
1 0.40929943656365586 0.3539854898295921 0.19389828868539638 0.1293976156156063
1 0.403833109608455 0.4721285450771465 0.20400261688838306 0.13775614718563745
1 0.4060334170126567 0.5882540740163418 0.22475271381017503 0.14362671558737147
1 0.4278379072371571 0.7040232871846388 0.2061065574042018 0.12700065770898128
1 0.43143383797747636 0.8098560582313261 0.19502319176360441 0.12480112087727839
1 0.5690738535773223 0.03075165813250415 0.13814770715464456 0.0615033162650083
1 0.6237736763725643 0.10191694268630702 0.20352299792002065 0.11597215244730927
1 0.6649734507069103 0.18984958219119819 0.22148184816957778 0.14188220506402777
1 0.6948821722126054 0.308288769051136 0.2888992579033161 0.18155092079257357
1 0.7009479190926362 0.4658205479903311 0.30481598918451064 0.18558597340929203
1 0.7311594831523683 0.6211604953736127 0.306274645590484 0.20121097340929203
1 0.7163811892670232 0.765767340083706 0.27654512354391336 0.18238537869919877
1 0.708737988975705 0.894248655854604 0.2723570420131617 0.1541693734375272