0 0.2971289719099226 0.7992863798471469 0.10398529258539461 0.07767739336179406
0 0.4603126311041684 0.20466229292629748 0.1293270239262833 0.1258446290666865
1 0.2966877491841908 0.8576732021031457 0.12898188445215322 0.10887672412090907
1 0.312390939736275 0.9298649273742582 0.11196951028914928 0.0941807735786842
1 0.5204756973706512 0.1577450827307531 0.1312363674670344 0.129189224120909
0 0.6413110187817088 0.15857704448721832 0.1359221634004136 0.14369091422935396
0 0.5346596451090952 0.5834925390649697 0.20553756818567023 0.17500850156092085
0 0.5533943085095089 0.7107138242276371 0.24546547297092686 0.20215378286226054
0 0.5723049497802292 0.8187332519716384 0.2215094117264213 0.18032945210314572
0 0.7466913538299004 0.18646136559301368 0.15762714976327957 0.11751693509691372
1 0.5824467152139532 0.918819733979587 0.2437295512005516 0.16236053204082596
1 0.6048326081586657 0.9781335015609208 0.25293964976327954 0.043732996878158306
0 0.8692574848114711 0.2306041372410339 0.1321102925853946 0.08163010433779894
0 0.7999403576682754 0.5969343408641261 0.26542090503045196 0.284940948241818
0 0.8971104236895631 0.6722173149850351 0.20577915262087387 0.30906256802492804
1 0.22616197836069687 0.4647677886542523 0.1203005715336551 0.11380915379557414
0 0.26141942381216066 0.3528252353351493 0.10450044569665895 0.12389360819912679
0 0.25125635754567777 0.4067694872658132 0.10328819737065124 0.09911320325334927
0 0.28877169414526416 0.2874536240551553 0.11179438445215321 0.10646117852446171
1 0.23422694271646693 0.5305025861813635 0.12394754091140223 0.10509293895824143
0 0.35101582165625267 0.25928641385961093 0.11179438445215321 0.10646117852446171
0 0.2692879614981757 0.6038767496302571 0.09443516674839839 0.08864022798223666
0 0.27111144618704924 0.5995186422115907 0.0999897756002758 0.0971115131449043
1 0.38374927907085804 0.20082358774228437 0.13140978923740984 0.130751724120909
0 0.2701482540835703 0.6670608694133671 0.11926004091140215 0.10443415379557415
1 0.2562515075541526 0.7289400861813634 0.13835688445215313 0.110194294446244