1 0.28399274954095804 0.13492603516439333 0.10385806576151388 0.10968261646291486
1 0.2874068549718748 0.7659170855939347 0.08877519970043757 0.09644563206674714
0 0.28707265981336516 0.9526325135676672 0.07225737939699588 0.08468926051544941
1 0.3059808670998464 0.5864343034817591 0.10385806576151388 0.10968261646291495
1 0.3238712870843291 0.9899676599950512 0.0860011439408634 0.02006468000989763
1 0.3371838433029452 0.828939386023476 0.12458515394280303 0.09676653663473127
1 0.3732801952791959 0.6558670561952925 0.1330034318225902 0.12365658525525039
1 0.38848893090450626 0.14275622455808673 0.14923420970237727 0.1509560696514182
1 0.40644428420939116 0.9031824694697039 0.10959788273097573 0.10376016508343397
0 0.47858777241977535 0.14433973597804745 0.09346269970043757 0.09669129353213637
1 0.4810132048220936 0.7297726249421995 0.19087957576345355 0.16558513568479186
1 0.5023947708734715 0.961208574173974 0.13341802000387942 0.07758285165205195
1 0.5642411955690599 0.9993824821906607 0.17573332363742153 0.0012350356186786372
1 0.5667278220911178 0.8331233542499845 0.2211411606107628 0.13605476594251648
1 0.5769456530247192 0.17930895748391645 0.2440362687959315 0.22593613749381403
0 0.721923442114394 0.219859793643678 0.21090503333979882 0.18219278154634874
1 0.7617856173897104 0.9448814289340145 0.22646638939893543 0.11023714213197096
1 0.8627239142346067 0.2539149683380503 0.2448012854658308 0.311546088873295
0 0.2323371045128329 0.883073608095172 0.0682395590935541 0.07358798620519025
1 0.24155209209499723 0.7125154466297825 0.09333515394280309 0.09512879353213641