1 0.2591487521643827 0.44789248920265834 0.09078819737065125 0.09114423658176474
0 0.4080215106569421 0.4473486759689932 0.1310612416300383 0.13250971622369914
1 0.184661349175716 0.510604437846069 0.11231124163003817 0.13130816162790726
1 0.8385940122083368 0.33609191239387437 0.15675663277816093 0.1263994185677376
0 0.3714685141275244 0.5093887985788121 0.11786755454853637 0.1254586798265045
1 0.8042104918752333 0.40370091455334267 0.1933844117264214 0.1628771391103733
1 0.1375151400871182 0.5960122092838688 0.11786585048191559 0.13942105027685514
1 0.3358710414017926 0.5660603007382805 0.19112311244505725 0.19841412091177588
1 0.8103610004903903 0.5080379611295701 0.23886692536355544 0.1952681369509051
0 0.2916747064761986 0.6640682017257296 0.14390638110416845 0.15039812307124442
0 0.23706539702828283 0.7311567697397567 0.12880335048191557 0.14012195712440062
0 0.831184393435103 0.59082018275194 0.18887033349679677 0.16413925046142525
1 0.9723697043118158 0.5701536366371378 0.0552605913763685 0.16285855027685514
0 0.21057682741381528 0.8349535957733483 0.12637033349679677 0.16013406847545256
1 0.8406273595874628 0.7457882850036933 0.3161094799120917 0.3181234484865271
1 0.985209731586084 0.7049291548357353 0.02958053682783195 0.19330751387966066
1 0.789222944758252 0.8648331149732382 0.2793082791934555 0.2703337700535237
1 0.9987425939085437 0.8419983582595079 0.002514812182912607 0.17541910703211555
0 0.698325883636344 0.9400840376291996 0.16960006818567025 0.11983192474160091
1 0.5575327705782988 0.19396975940384045 0.09165701028914945 0.084994366131414
1 0.6100516464152949 0.18492422886674204 0.0937397756002758 0.08978199568106335
1 0.5409488386413714 0.22626182525839927 0.08349766674839838 0.08136871838316742
1 0.3662871618490189 0.2879841679494287 0.10415530622252867 0.0997577729789593
1 0.5005788590970726 0.267889318318569 0.1218613674670344 0.11950906847545247
1 0.48026124689721045 0.3084747455241798 0.09929438445215322 0.09789488433001133
1 0.31054890682704184 0.3588788564138065 0.09530057153365509 0.10384449568106344
1 0.44336055479373143 0.37437105335917414 0.13800492871154013 0.13916023442229636