1 0.47659535347406284 0.23416663236716176 0.10302888939893542 0.14250179668855462
0 0.40170705271545837 0.26914686196068355 0.0947062063683973 0.13543066985054147
1 0.556952533170621 0.23656441325182556 0.11572007909743327 0.18411214889417024
1 0.6490762602918038 0.227656366563271 0.11600712152108805 0.16865137426177287
1 0.7440539204435247 0.21225198182331254 0.13325826546195146 0.2091919025701965
1 0.8395418925637376 0.22855039634814883 0.12939994182452982 0.18090267720259384
0 0.19593721890691923 0.8352808248237533 0.2343742263722767 0.25235060072916154
0 0.528590351178853 0.8212303461567927 0.31106427212991117 0.26196014374168974
1 0.07984802816965117 0.31227017500302184 0.08488492515463038 0.09102376838013093
1 0.24874142044352462 0.2643114233533429 0.09390898091420459 0.14464144448293884
1 0.16057186968492027 0.300687568571487 0.10631338606495562 0.12580697279136244
1 0.3208715119587937 0.2536320564436224 0.12047148091420459 0.1474332757321834
0 0.10736725028986407 0.3357123930185721 0.05286965060882317 0.07836426102807863
0 0.20220138922975767 0.3125776209624149 0.06352010818516851 0.09497461323369424