1 0.373652674211442 0.6219082524030155 0.1648817944462439 0.14356218455464625
1 0.4356585215660713 0.8324493430306596 0.09711151314490425 0.09949316985054146
1 0.4497801498522975 0.8086435154574414 0.12118246368712912 0.11741732499697824
1 0.4626560034096359 0.7772715259356269 0.1227196290666864 0.12835482499697815
1 0.41147365026301486 0.5171011218889762 0.25469600156092087 0.21303940366998245
1 0.5181458797651981 0.7329538141723431 0.15635984004269118 0.15960010698142782
1 0.4449323106310411 0.36118193163195655 0.3135304729707055 0.2592480661684715
1 0.5414567066629852 0.676624060496317 0.18106424112714095 0.19298503676026185
1 0.390215352776878 0.04813263934254591 0.2101942944462439 0.09626527868509183
0 0.6370395134736728 0.5441940421161859 0.32000006802492803 0.26146746763888196
1 0.7400209647963581 0.42484117153043915 0.3745102256818299 0.3426282779317553
0 0.16570925032876857 0.6830191875075547 0.07418920711467694 0.06783496543930986
1 0.16001669700966567 0.6358954904483756 0.0929138724942344 0.08057894448293883
1 0.11338246093503032 0.4583757200418974 0.09535475271112434 0.08699316985054147
1 0.15107667885323023 0.5844948568082031 0.09935813292801429 0.09357162058574672
1 0.151621458223906 0.5313276209624149 0.11339529830757171 0.10582292352656761
0 0.12341203783281736 0.4034418819904936 0.07684968238578942 0.07581169080691263
0 0.132685699351047 0.3593634312552883 0.0692821120604545 0.06577978933650215
0 0.17904546286569423 0.4676381665511835 0.09535475271112434 0.08699316985054147
0 0.18627943234481498 0.41068902923498485 0.10048144281956932 0.09061084595334937
1 0.17869498644437837 0.3660733075434084 0.14596286863290658 0.11848243087862001
1 0.1913470366826139 0.2870028321758058 0.13370779830757168 0.10795785330540167
0 0.3824110992443188 0.6910312979917841 0.14037165379557415 0.12251302940820956