1 0.4796107250412563 0.2751781955079714 0.0995228040764367 0.10377270715464464
1 0.6067158770794745 0.3113839927210817 0.11075203535763123 0.10791876663882594
0 0.684060838601874 0.36326792325360485 0.1065021322794232 0.11216866971703396
0 0.10456991451708528 0.3519568633528219 0.07927212562389285 0.0693556851080741
1 0.778311468593522 0.3852035332786616 0.10414848252898032 0.136731072795242
0 0.11790429783649822 0.40193585232953666 0.06506375998329554 0.06648039434269823
1 0.8684271503738309 0.4303788558661076 0.07837713227942303 0.10954308818628214
1 0.16958175270336745 0.41523690183042233 0.0971271322794232 0.11129347587345002
1 0.2654678155153139 0.4378078962148817 0.19698368968362504 0.2352328173874973
1 0.9525469892884086 0.49281461127385223 0.0949060214231828 0.13404366971703396
1 0.3936669598580121 0.4857324434279919 0.16062839226271883 0.1776280045755509
1 0.5320235657231098 0.5918131437193102 0.19483772712123582 0.22883695174690005
1 0.6789318995416371 0.6797582173467459 0.1975053306985579 0.27400358610630277
1 0.8523817223368791 0.7565568922637286 0.19094379991647764 0.3198575266221214
1 0.9539246304072397 0.800918842555047 0.09215073918552044 0.24208607945077237
0 0.31242201351885673 0.23168153930979418 0.05710539434269819 0.0641885661397116
1 0.3638806699248299 0.24263883881067988 0.08312645382687948 0.07745991638926872
1 0.4248601919714005 0.2542834444679817 0.0710640507486715 0.08098049126449017
0 0.529424048876488 0.31071890911035044 0.07248068510807411 0.07956385690508752