0 0.29666939747629933 0.48676267545736546 0.10241768038553242 0.11524233187624873
1 0.3070960045315867 0.5707319280169019 0.1421721634004136 0.13927579679055846
1 0.4009623400701686 0.1021842434431189 0.10432531985966272 0.13242983187624863
0 0.3781974228313799 0.6417651882550472 0.13297399330403065 0.1120931359715069
1 0.47648601351453646 0.13337375368126428 0.11942494234867418 0.17101511330958902
1 0.41362317785335695 0.7211063139884086 0.17428927225229102 0.15018910088581663
1 0.5595612022700307 0.16057344484084274 0.13331572464491934 0.1569405153572181
0 0.4523686554784684 0.9715621281204003 0.10485410550389265 0.05687574375919944
1 0.4908955535677556 0.8575199159670387 0.26369520765980065 0.1899663121477765
1 0.660000720929142 0.216351158662339 0.1590060035931799 0.1934860782238988
0 0.62875091744161 0.926979461822824 0.19043283349679677 0.14604107635435212
1 0.8089618943735097 0.254827558524341 0.2218494390006896 0.23062760600488924
1 0.6832752200709586 0.9858384832049735 0.2697803062225287 0.028323033590053014
1 0.8898786833657244 0.3797549708101155 0.1768871906746817 0.20144152047629077
1 0.21271431936927235 0.3607439327620652 0.09078819737065125 0.0939995906476712
1 0.23659645022824566 0.45157729716446776 0.1072786021559079 0.11726995249053726
1 0.3132880662664828 0.08795572187401461 0.07759110215590788 0.11432418860004212