1 0.25107027083460876 0.9078588925543978 0.08048067885919252 0.06464755183796278
0 0.2815297505686537 0.8147725653631014 0.0584146778706093 0.05804623732333312
1 0.44478721247102043 0.2553270892558325 0.14804486364988403 0.15618979434509236
1 0.28860476292594334 0.8737764184733792 0.10280134783255317 0.07749886635259244
0 0.39936060182406696 0.5160308519324992 0.10538251977166349 0.10263556738935158
0 0.32839677478894147 0.9333072433556012 0.0644100098858317 0.05234304147037037
0 0.41942770410524444 0.6073099628184715 0.12795785672980178 0.12173688190398124
1 0.4951002302655175 0.34380312035861016 0.16781353558899426 0.1828302067862034
0 0.342774951176676 0.9804946016496754 0.05120967292769345 0.03406193317629622
0 0.4478338884016444 0.6930909294066195 0.11182352076024671 0.10786987153638883
1 0.43534315866759954 0.7877493185206473 0.2134151956651064 0.15568123788898128
1 0.5444555845238614 0.4469862004246286 0.20738537155854928 0.1987477327051849
0 0.5318281809107208 0.9012834296894436 0.1405851907221905 0.12595549019805502
0 0.655657022774594 0.5586939714426377 0.21513420456235507 0.1978687378889811
0 0.5485474487052181 0.9685130742933328 0.12394151878308027 0.06297385141333436
0 0.7175269644853678 0.6824335592843506 0.217431533611828 0.17782963996249954
1 0.7234334076790163 0.8082831598027301 0.3286528765014653 0.2327112125356475
0 0.7841374388193864 0.9425352718664808 0.1634151956651065 0.11492945626703843
0 0.7988803711386199 0.9985802203113419 0.19310801285158127 0.002839559377316192
1 0.15289016703337546 0.40883634071643493 0.046904174904859805 0.043026830066018415
1 0.15684017939066514 0.46756679175319416 0.06204901384016441 0.07081963939685174
1 0.20606424657713993 0.3955837764846293 0.06954317885919252 0.06369064458064795
1 0.17043444718516226 0.5528303484921293 0.06641817885919252 0.0634172425071295
1 0.19869209836402585 0.4821268692273145 0.0584146778706093 0.05804623732333312
0 0.21406508897248572 0.4390993306316663 0.04722250988583172 0.050839330066018464
0 0.18175129056909117 0.6013068047126848 0.04734984387822054 0.05396433006601846
0 0.18516013345872856 0.6467560057494441 0.04728617688202617 0.052401830066018465
0 0.22528377326888563 0.5233765858154625 0.06029551285158128 0.06599543836009243
0 0.1955365593521715 0.69125786145162 0.04052684091247101 0.03935502591898139
0 0.23095545311666132 0.5861499878889811 0.05704317885919252 0.06259703628657398
1 0.19200965273610043 0.7384356578229626 0.08210684585538686 0.0663467528747221
0 0.24431229897204818 0.646481895146296 0.0537271778706093 0.05763613421305536
0 0.34572497136826896 0.28869737238486043 0.06979784684397003 0.06994064458064794
0 0.2213270796181266 0.7892654259662496 0.043970175893442945 0.04744092799249984
0 0.3468855647521979 0.3362852718664809 0.0631021778706093 0.05845634043361105
0 0.2565695598464631 0.698932951885231 0.05847834486680368 0.05960873732333312
0 0.23420642300205552 0.8378785832235645 0.03258700692008221 0.03554652073518518
0 0.3702249056646689 0.3741365863811104 0.08873884783255317 0.07626855702175908
1 0.356269835018153 0.4328574754951383 0.14590936068413446 0.1419905933083331
0 0.268985988211364 0.7552902586241662 0.0565975098858317 0.05165953628657398