0 0.3426663064942213 0.47130867832771983 0.10066359621281204 0.11813718775644108
1 0.37983048408912257 0.5463750039171517 0.1398624515990063 0.1431663626613009
1 0.31927269564707805 0.07685568277634414 0.10232609016268786 0.13538835475263547
0 0.4699378545024315 0.5880266516359741 0.1303329154946528 0.11622186068413445
1 0.4005681474424761 0.08406000566576273 0.1181692587805987 0.16812001133152546
1 0.5289043092246958 0.6497016392786845 0.17117608411256366 0.1553772025851888
1 0.48728689744247616 0.07890495551375715 0.1305874455488823 0.1578099110275143
0 0.6466513871889394 0.8754271980622021 0.10351588544042353 0.07138952174883002
1 0.64514290846257 0.7504590315602995 0.25891243344863374 0.19956755437207468
1 0.6891343238590271 0.9244894391649539 0.12695338544042353 0.07234452669174588
1 0.6006999576491305 0.09755481988648802 0.15580561416679295 0.19510963977297605
0 0.8008207367214013 0.7800616654389575 0.1869192587805987 0.1763263725471326
1 0.7529982558537325 0.09938459878395536 0.21849651170746487 0.19876919756791073
1 0.8750470144379395 0.8574107326254324 0.249905971124121 0.15256522037968584
1 0.8785345870394299 0.16893848163684919 0.19023515632127053 0.20926620653952135
1 0.22337088494944424 0.3823973700384936 0.0896079215447771 0.09737901878308027
1 0.27461119808296497 0.4592344426621759 0.10692268657189175 0.1199543557412186
1 0.23185450887879458 0.09448353456323007 0.07721700585373252 0.11561968281352519