0 0.5441518264010206 0.3773354610169792 0.07147818511654283 0.08778718238578938
0 0.2708532248570745 0.4096706839467103 0.06624504809323425 0.071503397223122
1 0.6077505349312083 0.37305760824010115 0.10162204210278461 0.14955239336179424
0 0.3158383426430894 0.4066639405191624 0.055034729581579886 0.06215373184356458
0 0.4195982597034648 0.394814309152069 0.0681349303072194 0.0810979922773444
0 0.6835144267638403 0.40547317084278045 0.08614088584218216 0.10695103787379186
0 0.7571428997219983 0.4212628883912373 0.0877579495445131 0.1087331329280143
1 0.9028174982707196 0.40752982348815114 0.13681549763774753 0.17782098455468892
0 0.8230580764010206 0.416533178195693 0.09282739546082901 0.1203294180906818
1 0.15260671106207643 0.4964485197173564 0.05229167549789597 0.0726520417351196
1 0.191051652169069 0.5065160985458073 0.060213302902557685 0.07687501700623187
1 0.22822426995508388 0.5024113798471469 0.058487111795565115 0.07196792195200956
1 0.38860620924797795 0.4868582179591742 0.09099207694917481 0.11229732303645931
1 0.2967832969969259 0.5066048122329363 0.09746033175849825 0.11942570325334927
1 0.5387872585223386 0.49086164069164423 0.11639387023308564 0.17184124884979646
0 0.4630704959084667 0.5043202330347425 0.09088294954451293 0.10917232303645932
1 0.6498338859270002 0.5095778895414409 0.1341270072563942 0.189881794446244
0 0.7352083907363236 0.5277958199965663 0.11354168874473984 0.17921455874135148
0 0.8091816040758347 0.5311953350721345 0.11444942431676956 0.16068415379557416
1 0.9152406311176768 0.5406590487592636 0.13681549763774753 0.17782098455468898
0 0.9770511172378609 0.5629310286721643 0.04589776552427836 0.08959461206045453
0 0.3800595553496284 0.28663862290495185 0.032286710344286276 0.034079401084449755
0 0.41798614128447775 0.28186245173340274 0.030942465153609787 0.04010980603022727
0 0.5048313768565075 0.275409774769862 0.0386458377489479 0.038082781301339706
0 0.3508358468194407 0.2957475668747246 0.025709328130301135 0.023826020867559805
0 0.3176240427357566 0.30196377320894113 0.025873019237293703 0.028513520867559806
0 0.5430034994518458 0.27766485359831294 0.03870040145127866 0.03964528130133971
0 0.5935937764936878 0.2793329428605437 0.04037202885594056 0.042989876355562194
0 0.6379613353866953 0.28090390190588466 0.04037202885594056 0.042989876355562194
0 0.6833011172378607 0.2880534084783367 0.048511911069925515 0.053462851626674635
0 0.7348908990890262 0.2960812952676788 0.04538691106992569 0.05302366151822966
0 0.7778050853866952 0.3005576592587972 0.03886409255827132 0.04433278130133962
0 0.8245163942797028 0.30245801088547175 0.04371528366526363 0.049679066464007174
1 0.4690327753125615 0.3411234459414111 0.09704366950744614 0.15201860819912677
1 0.8883606394703794 0.3052114081085937 0.08279763103285873 0.10026184776534679
1 0.3592783185964723 0.3816723995645033 0.08737600362819711 0.09779563292801434