1 0.024306872873968103 0.3092106926293055 0.048613745747936206 0.10915810087368065
1 0.07082384347212309 0.33599009175562494 0.08756338606495562 0.11744337955902787
1 0.12326331725932596 0.3527041598598957 0.10679161818710821 0.142843423062014
1 0.20039990210663525 0.3820994127096873 0.12767794515850966 0.18855596656500007
1 0.29515442165147265 0.39626905585208305 0.13603257909743344 0.17627417211208343
0 0.37917899316286235 0.4941233679724302 0.13883858576539315 0.21064917211208342
1 0.652202033919527 0.5119414219246522 0.13864713819098745 0.2465139369297223
0 0.5226102577067299 0.5328923144014579 0.13829645182646946 0.22311280452090293
1 0.7669821399786636 0.5482581687905201 0.129304089099373 0.22758209897381967
1 0.8607322689166175 0.5842846281373257 0.13172745849442932 0.2572695989738197
1 0.9228815825520995 0.6062310568989228 0.0703117263722767 0.23088763050895836
1 0.015451075135233711 0.9312123259880554 0.030902150270467423 0.1359024388295836
1 0.11298158450895354 0.9658392862847915 0.15797173879011234 0.0629390239356944