0 0.3866140119917121 0.341380880890208 0.08347177956950462 0.08310474715020835
0 0.056312235936864144 0.4030334278116666 0.039464914391858154 0.043060322188333264
1 0.6755116920993359 0.3143221927262147 0.06581339867609248 0.10610583605604171
0 0.31388714143738217 0.37513959147128445 0.06250430810555185 0.06856946846486114
0 0.02529983043634614 0.42565396343086803 0.012611315963434722 0.03619207313826393
1 0.6206444096343471 0.3453189260087147 0.0880522717116218 0.1144274823325695
0 0.2586388693114756 0.4147482585493748 0.09520980024766904 0.10054682028847228
1 0.5594372359368641 0.39132306345152734 0.09910108767505647 0.15058318787965286
1 0.18200574875714573 0.4485978881084026 0.09019696856846862 0.12696384992374998
1 0.47110463606069863 0.44265113373999965 0.13522267824559703 0.18888327488562506
1 0.11302246236321559 0.49556511350711807 0.0908519400324213 0.14102634992375015
1 0.38095482505966266 0.4885468216196525 0.1264298751024439 0.20116506933854178
0 0.06475193630836766 0.550653310220486 0.06962760339082215 0.08746493882958344
1 0.2976928688971909 0.5647839729301734 0.1344606989237615 0.20603440729444458
1 0.20334570946773148 0.6045205797877776 0.11327490363849116 0.18681162860909736
1 0.12551611600170676 0.6798491945291666 0.11963621960192587 0.222858231382639
1 0.9564298982618077 0.5569220411313534 0.08714020347638467 0.13851959897381966
0 0.07879097332147034 0.7513254574469445 0.057059136889268156 0.1527262629177777
1 0.92075141749223 0.7609562309108673 0.15849716501553993 0.25596297853284733
1 0.8597948784077036 0.8621933822213883 0.15680657981717366 0.183142421162153
1 0.697008088084832 0.9269858468865273 0.1814383986760925 0.10879703780340293
1 0.5028254011572918 0.1329845398001732 0.05767125889134021 0.06533536569131951
1 0.4582042599247974 0.14888294994440934 0.04466183664159917 0.05410692496187504
1 0.42466616790651485 0.1676517869503816 0.04607878742738727 0.051018292553055566
1 0.37937293858467924 0.18591213089020803 0.054982906533975216 0.07463763050895836
0 0.3473438426374552 0.22028778410059 0.050766287427387445 0.05112739532659729
1 0.25666533870851377 0.23804028818465256 0.06294095574818695 0.07794446846486114
0 0.30944573635114886 0.2461969738801039 0.044734611248705036 0.05566942496187508
1 0.6450172092628437 0.19693532418510365 0.06116013192686935 0.07322060087368057
1 0.5875150783694315 0.2217366088543745 0.07544095574818695 0.07823540919430558
1 0.16780619995721877 0.2948552922687152 0.06875430810555186 0.06871493882958343
0 0.22483744995721877 0.29352787519062484 0.05083906203449331 0.05268989532659729
0 0.5674037855653606 0.24332132133531204 0.06570208271265762 0.07020470364722228
1 0.5092466832079958 0.25406010600458295 0.07831339867609248 0.10639677678548623
1 0.4385360769216895 0.28073301519888855 0.07711477171162176 0.11417290919430564
1 0.7583926586008899 0.24669697521128411 0.09750004631872766 0.11620818787965286
0 0.1357599873846062 0.34565537927468737 0.047568512820281586 0.049492160144236144
0 0.09210203266987649 0.3654418556233333 0.03968323821317572 0.04774782218833344
1 0.70363453804656 0.28003745849378414 0.07631425103345713 0.09698540919430565