1 0.5989531051795145 0.32836209151456003 0.13854412697434598 0.1449624314570917
1 0.5255156051795146 0.3240848442159831 0.1483927236549981 0.15175846302712265
1 0.8676537157576139 0.4585780254613132 0.07443316016782546 0.07900423151356133
1 0.45066897053149857 0.34875934954824206 0.17862559793005203 0.2017430524755442
1 0.8138765977063374 0.51586760971865 0.10961364357108572 0.11216534200867016
1 0.341424025095602 0.3510282338620486 0.19730566556640988 0.2634995998305908
1 0.21611544916087427 0.3892423234516444 0.22827224565032242 0.30263769454068407
1 0.712714994177208 0.5978617913875031 0.15641871120744355 0.17555998407380996
1 0.09049800528672744 0.4381663998870605 0.18099601057345488 0.2677320735222315
1 0.03456148630304551 0.46444890785015547 0.06912297260609102 0.2788978157003109
1 0.5347881358741938 0.760916986281123 0.2729694390116267 0.3176858418674957
1 0.7319790927319598 0.3125690334949953 0.11356743776222693 0.1232848525320139
1 0.6603642018601666 0.32566129671976213 0.1150115385920639 0.12181335779368574
1 0.9048110962564447 0.42386139121809385 0.07395956348717334 0.07275423151356133