1 0.5787791594943513 0.3641099721676741 0.13696598620028233 0.15156511284152785
1 0.4814017788139561 0.15411541669684067 0.13543075973923263 0.15309124525034737
0 0.471173390826665 0.1944858435585768 0.11476370373287814 0.13230596656500007
0 0.5554331627407623 0.41354627450437553 0.11468188311602709 0.12761846656500003
1 0.43660352191409724 0.22726132275701424 0.14677736282348772 0.17678331838861122
1 0.533717849834549 0.4669251944322574 0.1639375892845374 0.17562086189159737
0 0.6711725799457513 0.8254488220914242 0.10308981818121907 0.08986389342673604
1 0.4156830957773591 0.2814396764804864 0.17525691882984215 0.19775043502986128
1 0.6599544362764173 0.8985953813619798 0.13318642126547414 0.11399237765916652
1 0.6385527690681329 0.961869446047778 0.14530459172016935 0.076261107904444
1 0.3520121079522237 0.34711792144649334 0.21801716314779931 0.2315448599917363
1 0.31689854261037853 0.48296384925815994 0.3108785933417272 0.36177918028020867
1 0.22986396712226354 0.6418102127652779 0.30296490746575644 0.26632120991548636
0 0.19590952718580773 0.8440623905769445 0.20198306006354416 0.2077436840799308
0 0.5985677337646503 0.24508786844420188 0.06704322402541756 0.08277743882958344
1 0.5838563973194867 0.2970679425323963 0.1179432508107789 0.1355037017473612