0 0.517466429931722 0.23621861467564825 0.07310718418002082 0.06361151384016442
0 0.49753663166225104 0.18751185923844077 0.07409413155078841 0.05898768083635879
0 0.5207160483809335 0.29288245015091174 0.08675828943848547 0.07349584980971961
0 0.5264053422683507 0.34886053612046697 0.08538764031489628 0.07499468281352524
1 0.5982606494579772 0.6972582268426575 0.16186706134875523 0.11542336463846717
0 0.5337669080883298 0.4104028725843136 0.11619855258464717 0.09801568874502423
0 0.5399773686498444 0.4813202090481603 0.09766809644977173 0.08637785178688588
0 0.5487234300877697 0.5507705460062986 0.11170290346105816 0.09938718775644109
0 0.5572776406492842 0.621783382964437 0.10761864907900413 0.09144735376405215
1 0.411396434358361 0.31355309440969314 0.1899366753713279 0.1414420365775774
0 0.3548823509432884 0.147152161596168 0.09399523680925306 0.0691266847906915
0 0.3632852500891701 0.1938189145619175 0.09262458768566387 0.07062551779449713
0 0.3617652895945332 0.2573548325466951 0.10803004382053949 0.0821360207602467
0 0.38271172826807054 0.4128845909496521 0.14388446485439835 0.12090936068413445
0 0.4600100925135685 0.8384496181356894 0.11872030696670137 0.10589185574121851
0 0.3791229476159855 0.5124535094287213 0.1664991753713278 0.14048703163466172
0 0.39758717134595434 0.6050694323564146 0.15421871923645228 0.1291038626613009
0 0.4234683468733298 0.7843550257403435 0.14155456134875516 0.11459569368794006
0 0.4037570924466909 0.7018953528126501 0.15109371923645226 0.12897652866891213
1 0.7800109694816701 0.40002242399063875 0.03294896489898349 0.027772172927693406
1 0.7760631799985995 0.38101775600586113 0.03958266665180492 0.03115184091247105
0 0.7791891800208921 0.4258991744849303 0.03157831577539412 0.029271005931498985
0 0.7613558948975829 0.3537230855496256 0.02299841226975108 0.022702670950527092
0 0.7551602808527178 0.33384166707055646 0.028261464898983492 0.02758117193911023
0 0.7472923948752904 0.3083959980971957 0.025931561393340276 0.02126750494291585
0 0.7397261317068361 0.2868884126219322 0.024752763146161882 0.02432883794672147
0 0.7368642150996162 0.4061159150933902 0.05243867541591278 0.047222509885831744
0 0.7286947063132158 0.37673216262193215 0.040158219281037334 0.035839340912471054
0 0.7405519212567843 0.44002800007436205 0.052246824539502155 0.0456600098858317
1 0.70474788608889 0.2776115717094612 0.06647348242719922 0.0602318458553869
0 0.7094225396168257 0.31627482368662757 0.040158219281037334 0.035839340912471054
0 0.7140833466504045 0.34865624216569674 0.043858771910269566 0.040654174904859806
0 0.6779134563132158 0.3746629852456145 0.054768578921555996 0.053536176882026165
0 0.6930331361780602 0.45615040718472477 0.07584848242719922 0.06061384783255317
0 0.664055653661691 0.3340552312912818 0.04912182453950216 0.04553267589344294
0 0.6996678379531742 0.4980341596561827 0.07699958768566403 0.06998884783255317
0 0.6554747501337552 0.2952328118236295 0.05556367541591278 0.04734984387822054
0 0.6806419080883298 0.4163875702265864 0.059264228045145376 0.05216467787060939
0 0.6434810702912033 0.25862680836358837 0.04835442103385894 0.03928267589344294