0 0.7098036295661737 0.5198156546764576 0.07079047424624481 0.10447348428423435
0 0.7307055451779064 0.6701966443373755 0.05701501666989941 0.08826628742738744
0 0.6371485400077587 0.1773584809789746 0.06833515394280312 0.09346320967712844
0 0.6166132862147368 0.04107637862160975 0.07098192182065048 0.06868153349844601
0 0.6781869677474629 0.5071722595150219 0.09575852333785928 0.12431510339082212
0 0.6820129536626374 0.669327657157657 0.06428538273097573 0.10105738585581073
1 0.5923464809142046 0.10886534615662105 0.1107457945496865 0.11723034946188075
0 0.569196281213767 0.029943172354439496 0.0863198793969957 0.05988634470887899
0 0.6213311898676758 0.4831568707637269 0.1377545757634536 0.1620719685684687
0 0.6481163147227438 0.6575746739068801 0.09783120636839726 0.13063787799792798
1 0.5245216389398936 0.002546995451886033 0.12716827787978707 0.005093990903772066
0 0.5836400001691778 0.4441329121200558 0.1283795757634536 0.16163532092583352
0 0.6078739519956473 0.6641543136916324 0.07812448424818434 0.1561815334984459
0 0.5176176768216203 0.06764534077993756 0.08928538273097572 0.10222177956950458
1 0.5175846944096036 0.3938825091007371 0.21186149758410408 0.23089905128112634
0 0.4275827371231224 0.040957755067097215 0.07834788273097573 0.08191551013419443
1 0.5142834486616674 0.6512605155108779 0.209693219704317 0.20433655128112632
1 0.4241699210717444 0.2774634505809005 0.1711409027348551 0.20876718610347994
0 0.370214713205535 0.6156227301504051 0.16565617728066231 0.21785108767505648
0 0.17254377713088107 0.24997211311073184 0.23057954667571842 0.25044957195929074
0 0.21528822608241263 0.5718642297361203 0.22624273304023648 0.2735959735308674
0 0.09794264773388524 0.17188780851983662 0.19001819061658182 0.28747438296032674
1 0.04805460485118863 0.06991008560814185 0.09151756242753398 0.0914298287837163
0 0.08631833214154923 0.5386600856081418 0.10860869395056172 0.3008048287837163
1 0.7465392575860437 0.2397064696064351 0.07978283697334128 0.10022263192686945
1 0.7770547735070371 0.5558943957851176 0.10880065727678279 0.11247007485477489
1 0.7803707053296273 0.673372994213541 0.1316960233378593 0.125988919354257
1 0.6991542034934595 0.1972129086053991 0.08759533697334128 0.10058650496239871
0 0.6630735690954938 0.0914552142297516 0.05742960485118864 0.07427656203449332