0 0.34867692953504725 0.3785601042211629 0.07289647416188796 0.06823534684397004
0 0.3881000140987669 0.37381159581820583 0.10754178842423379 0.11781885277546911
1 0.44630318876294445 0.35101608296662457 0.128064621142374 0.12020902372599611
1 0.5160146813806267 0.3670284021302657 0.13161028657865437 0.12346135771838504
1 0.2661946260132437 0.518604125475701 0.16430262483353292 0.11236203163466155
1 0.582360850508066 0.3580407212939069 0.1211836229879534 0.1152668557412186
1 0.6647075995852763 0.35704195399370137 0.14882777735075728 0.14747186068413445
1 0.30088502576209886 0.5603950360461049 0.15192278657865438 0.12428902866891214
1 0.7609815922029585 0.37197193422203784 0.15979526812286018 0.17122769566510643
1 0.35564750269235595 0.617078776160273 0.17665227365959835 0.15792919961943924
1 0.4477899172058466 0.6188230068829011 0.20270393725029937 0.16676037155854945
1 0.5375283021900664 0.6960765735750843 0.2775535860763647 0.21487421939110263