0 0.5184533610657509 0.6101597747424385 0.10501075319027926 0.09956509270387048
1 0.654434978991404 0.06098866741053031 0.13378518685265525 0.12017103563663381
0 0.4430757444634555 0.6943865896351479 0.13262485660945114 0.12309495075823591
0 0.5859091533833931 0.06212444449923425 0.0683314614735373 0.053355895135913656
0 0.5679567721530601 0.11207008108721805 0.06469556489270936 0.0728640556223223
0 0.3301750383475688 0.7895888991702066 0.197738960028623 0.15145084589414956
0 0.515357573862646 0.1088512593919436 0.07583414977110721 0.07583414977110721
0 0.44736573434905474 0.12374790916305078 0.08188306489270936 0.07507598928469857
0 0.34752882458510326 0.17117033674531912 0.11503518685265543 0.11775801709585969
0 0.2409079287267324 0.20563623115877555 0.11831509270387049 0.10742377173105326
0 0.14378712846206082 0.309564107031458 0.14930146002862302 0.14521721466381657
0 0.059363022153060094 0.4493982090057155 0.11872604430612019 0.1887035819885691
1 0.8683075057796575 0.2140175158940584 0.07346731025751581 0.06938306489270936
0 0.7791786645207015 0.3991261232259667 0.051546131230333005 0.054268961473537394
0 0.7581474623175511 0.437175014449144 0.054671131230333 0.054671131230333
0 0.7327847508440137 0.485001075429117 0.0750298102575158 0.0695841497711072
0 0.7034696103432936 0.5456287637266868 0.07659231025751581 0.06978523464950506
0 0.6633175122817724 0.6068827961730415 0.07659231025751581 0.06978523464950506
1 0.6313339049498641 0.6763053193490091 0.14981235660945097 0.12530688442061227
0 0.734637766494959 0.3034412637266868 0.0589564614735373 0.05214938586552664
0 0.7091201491702066 0.3405309095850576 0.0699401405007201 0.06585589513591365
0 0.6799286406222766 0.39422789032182637 0.07719556489270936 0.07447273464950506
0 0.5577660522531493 0.7464696342417184 0.11710858343348356 0.09804877173105328
0 0.6396760001215565 0.45626317276818096 0.07951622537911796 0.06862490440630076
0 0.5902032654720515 0.5302413796065248 0.10072542294707479 0.1020868380686771
0 0.49599440248204224 0.820494020107245 0.11635042294707479 0.10409768685265552
0 0.11979634631615647 0.09598795045778563 0.15887754490702086 0.14798622393420358
0 0.25469714802574245 0.0686389433547702 0.15128249855508563 0.10091013905580573
0 0.3123927368168766 0.025714176920589405 0.09866839513591366 0.05142835384117881
0 0.40561693510729063 0.021812750933460637 0.08027438586552656 0.043625501866921275
0 0.48384247754648957 0.019821631291111363 0.09125806489270935 0.03964326258222273
0 0.540169930472097 0.009465028233168022 0.03723636732475235 0.018930056466336043
0 0.5734620531545003 0.005149155911993386 0.029377688297569905 0.010298311823986772