1 0.8735924717330118 0.3977010818516852 0.0705315852552502 0.12866687606301586
1 0.08477563319840087 0.3286029742462448 0.1280165366347314 0.12713606909549374
0 0.09256712177844013 0.41946709030732104 0.08148237336031983 0.0704397878817268
0 0.10842009385013603 0.5211889580353872 0.11091756784239584 0.09773561151914834
1 0.4540258429456248 0.5737228662302541 0.15825731456303554 0.22917680121764636
0 0.13961478290514512 0.6445625562186161 0.13459408525525038 0.1338962521260319
1 0.5605923462249851 0.7110949336587581 0.19870525214770646 0.28848789940087516
1 0.6999680274780782 0.8362379391187698 0.17378049525030156 0.31756962152108803
0 0.20527300316781866 0.7989947068274393 0.16090427973732646 0.16093698424818434
1 0.829505041272888 0.880012998272667 0.15725473654387434 0.23997400345466602
0 0.3335064665330873 0.9137351321270017 0.1551389586155702 0.1725297357459965
1 0.5639219798736119 0.15352167865778812 0.0730900192218769 0.08842451333591957
1 0.6219048982364062 0.1849309174479005 0.0668400192218769 0.0879143303053814
1 0.6759815665992004 0.21602129184392646 0.07341756784239592 0.09467451333591956
1 0.7958669414298583 0.33878872533350657 0.06987648801421234 0.11616687606301604