0 0.35222364874506973 0.3460473258714546 0.07747299620027785 0.11018058344622812
0 0.3840522641520488 0.20123611488103518 0.06144795269729171 0.09217421189493055
0 0.30295687946211863 0.6826299570336906 0.07249455547083343 0.09743492198083885
0 0.2763060733256951 0.8146545629811559 0.07354790919430557 0.07564180913596852
0 0.3769697288171878 0.36743432496694345 0.10450827488562506 0.1318851650834339
0 0.42820230765503486 0.2161307745374021 0.06951502583555569 0.10352114767057934
1 0.3211451414299659 0.7583326419048281 0.11373780452090285 0.12612648801421233
0 0.31153571171843825 0.8495717955683013 0.0911354526972918 0.09373006784239593
0 0.4201027861878823 0.40584837177844013 0.14604246466513898 0.17307673111680746
0 0.4552557701359724 0.23583244290019634 0.10621624525034737 0.13821705223856365
1 0.33730008434361186 0.91470879466379 0.13830139342673622 0.10868668249628825
0 0.4422693801277088 0.4508366451841884 0.13659472948277798 0.16946040818602892
0 0.4945001080918752 0.24159776402195252 0.08793902393569457 0.15754690637700663
0 0.3764879112815979 0.8172262850528517 0.09462412860909737 0.10951884215265544
1 0.48682012034406297 0.5165534984181204 0.22115287385944454 0.2488004274079057
0 0.446093202884723 0.8839766938047073 0.0871025693385418 0.12160940637700648
1 0.5759507830537502 0.27956807553277035 0.2174459924005557 0.2236366530976463
1 0.46706097273635494 0.9446718543655855 0.15305357123840277 0.07200555404758617
1 0.533715916981181 0.6494169080744873 0.18310735999173638 0.22339763568479168
0 0.697354963999549 0.3537724581653443 0.17544033035645867 0.229238199909143
0 0.7557383469770492 0.7449430127787572 0.24041202013597243 0.27165807326946273
0 0.8252273504924309 0.43702429217739935 0.23932229882131964 0.2918886861143331
0 0.8288141306963898 0.8263733972203534 0.2639222553183337 0.27601138059640923
1 0.8382274579187161 0.9283486550222694 0.17634560087368065 0.06698386137453198
0 0.9328346030578821 0.5076090298529274 0.1343307938842358 0.3106586182719372
1 0.22268619158246578 0.5945368147901782 0.08517639342673622 0.1059025192218769
1 0.30254965064493083 0.2954608276804769 0.11362870174736121 0.12143898801421234
1 0.3383033530578821 0.184860842379798 0.13586737765916687 0.13821040818602892
1 0.25208405727378524 0.6477503459978425 0.0914627610179167 0.10779256784239592
0 0.24988773726965344 0.7550272574632318 0.06268314437666671 0.07819359905006032