0 0.7850243584163914 0.5212032821233301 0.11145673658176473 0.09179273392387781
1 0.5890205320782579 0.05543278141888315 0.1489357526208936 0.1108655628377663
0 0.7807059006736821 0.6010397733519076 0.12405686613141409 0.09459555556198093
0 0.5610748072166855 0.09370830771869361 0.10737001387966068 0.100702613309589
0 0.7856320350036933 0.690179793454289 0.1504586798265045 0.11895119883818754
1 0.5419230914544118 0.15064389068775577 0.1631985117201923 0.14816148027152787
0 0.7697950863602827 0.7743040862185884 0.13186936613141392 0.09537075658579557
1 0.5227108189368778 0.23117201386158084 0.19841412091177588 0.18891732457154892
0 0.47881872146548643 0.33144580041399385 0.229363732262828 0.1873306286668071
1 0.4506808343576979 0.48126051532830366 0.33122422578442307 0.3231955409525815
1 0.40897060301772054 0.6646568822902424 0.3489333574935406 0.2845860636144993
0 0.33451772284976233 0.8646678636545839 0.3172036937061651 0.2255453399287668
0 0.8629038247969738 0.2642446198375557 0.05240310919158375 0.04246128655241303
0 0.8621621475913631 0.2894771801447001 0.05456638648947987 0.051991326757175924
0 0.8669893499354014 0.3157295997351742 0.0431282387412331 0.0430935453238356
0 0.8688417466039141 0.3446358497351742 0.05446625693983052 0.05042882675717593
0 0.8823826148947962 0.38417556830183386 0.054366127390181165 0.04886632675717593
0 0.8858172979605033 0.42550429819945246 0.07900518198597269 0.06994192982861965
0 0.7887759099298641 0.23622021925664943 0.08172966378737563 0.06400201023814542
0 0.883322156072353 0.4847182090185041 0.07139294108527139 0.07229172880480501
0 0.7962460533591742 0.32825267905188654 0.08369268198597304 0.07040705044290832
0 0.7784484816445192 0.2836318109971342 0.06726664558877822 0.05635664839527923
0 0.8785333289590269 0.5449459301447 0.07441781153562203 0.0710393092143308
0 0.8829390291435972 0.6136959301447 0.0862564774824662 0.0861870906476712
0 0.7889132171465498 0.3855879604852269 0.10763082973421945 0.08054515351435194
0 0.8869244247323754 0.6636184100423186 0.10450582973421944 0.08023507310482607
0 0.7930685934569965 0.45043171048522695 0.09014294108527157 0.07415221126195988
1 0.8871234862679976 0.728068510554226 0.1473336798265045 0.11864111842866158