1 0.667557165500731 0.8906671403895133 0.08930060217691818 0.05359908510611113
0 0.6885565577118811 0.05903462747173553 0.0438244110699257 0.04785692496187503
1 0.6702901965492882 0.11810115615708279 0.09028274881887359 0.08172408510611118
1 0.6545238420101173 0.22636825104683975 0.09729664065150559 0.10374455547083342
0 0.6158508217613332 0.9325286384896522 0.08902778366526398 0.045786585106111485
1 0.6077307869149429 0.9686843440367356 0.10437996515360978 0.03833776101791671
1 0.6379935625212045 0.06646657418510364 0.0896279843909035 0.06297408510611117
0 0.6041990152305785 0.7779866088543745 0.1305258029025577 0.07173214247680555
1 0.6114434754052287 0.1570013084175342 0.1092510036281972 0.08841049620027785
1 0.580682158877309 0.8434304241088537 0.11909722958158006 0.05741506933854197
1 0.5489409862050019 0.09121396067798565 0.12821925843752044 0.09509690729444456
1 0.4835392856489985 0.7260630457840969 0.183452395460829 0.11199477298576407
0 0.4834574400955022 0.7237192957840969 0.18323414065150562 0.10574477298576408
0 0.4640799906358072 0.9524807286297566 0.10072917549789598 0.06791615824437507
1 0.43874763002136846 0.8092035073151038 0.22218751324684388 0.10352896276527801
1 0.3978076606914075 0.8906905498681595 0.1760565577118811 0.0790368026210416
1 0.3225646132311455 0.952646995631597 0.23683036660488854 0.07576763867708322
1 0.872807594457188 0.38704725864628403 0.04829365626060209 0.041716027735416716
0 0.8505903432760615 0.4673166401051729 0.033958337748948256 0.03357621941479181
1 0.8430432273041454 0.5198785956522562 0.04387897477225664 0.04941942496187508
0 0.8369916347458737 0.48092519842579795 0.030942465153609787 0.03662848423243048
1 0.8178919490811769 0.6056894622935063 0.0535813569862416 0.05901263050895835
0 0.8197793420949353 0.5477860433155548 0.037410719962933214 0.04302395459715278
0 0.8104415476298982 0.5714599326582285 0.03691964664195533 0.02896145459715278
1 0.8029043553417792 0.6466963220009021 0.059613102176918176 0.052908100873680655
0 0.8198834579820335 0.17013316879052015 0.035302582939624474 0.02736258700597225
1 0.8142435823914704 0.21014057295083263 0.036121038474587405 0.05080008700597227
0 0.8105803798517325 0.15002069054201322 0.02910714664195533 0.02877961664125004
1 0.8110243239539499 0.11795307295083265 0.05777778366526398 0.045059233282500034
0 0.765823506793058 0.6819623279848258 0.04952877404661713 0.03237739532659738
1 0.7617188493513294 0.7211521145539577 0.06117560217691818 0.05294446846486114
0 0.7750173912844778 0.20636226273034658 0.03515873920022692 0.06795121941479172
1 0.7579687897405318 0.27791060762010356 0.06802580290255769 0.07027743882958344
1 0.7496329892850448 0.3750583645539577 0.08748513103285874 0.09102634992375017
0 0.7555481394703792 0.163811740028923 0.04749504809323426 0.06355466014423614
0 0.7297347285700896 0.7680277677643397 0.08283234736759475 0.04720361474138901
1 0.7363914009031246 0.2197714525098605 0.0630654843909035 0.06235583605604171
0 0.7372420835725967 0.13218053353190912 0.03595734736759475 0.04611258700597225
0 0.7363864225026711 0.08528734973631882 0.04215278366526398 0.044695557370694486
0 0.7004118163190376 0.8015494357923606 0.08935516587924912 0.05516158510611113
1 0.7272098299443996 0.046406687692221615 0.06575397477225664 0.049928571238402844
0 0.7183730324841375 0.10681751083048552 0.04187996515360979 0.03688305737069446
0 0.7080531244942548 0.3486601719246522 0.07794643992586625 0.08612064437666671
0 0.7056027031727101 0.16653800294670082 0.06361112141421188 0.07798083605604171
0 0.681654381835467 0.8465534644777077 0.07496528366526398 0.045459276785486225
1 0.695550635294028 0.2817090612673258 0.08279763103285873 0.09091724715020835
1 0.5230531973518964 0.894812392573715 0.11953373920022692 0.06991506933854197