1 0.27954141374711183 0.6471448594253697 0.11859735253201382 0.11452997464666641
1 0.30513992419986835 0.5716465734216196 0.13578485253201392 0.11603368605101813
1 0.3494506372975783 0.5119195503773604 0.14349093671876342 0.14158049019805538
1 0.39853985565696004 0.4510401304433788 0.1626203683170294 0.12304510367592555
1 0.44211482138550584 0.3904635068807399 0.15738683674699838 0.1132600005656478
1 0.5316918028284799 0.2546032107922212 0.195159852532014 0.12122832544787003
0 0.5271870423757236 0.3319469607922212 0.20242632096198285 0.11253683063166627
1 0.6027470264495335 0.19407510537286918 0.188909852532014 0.12068152130083298
1 0.5965498193193672 0.968248879877731 0.2252113735787013 0.06350224024453795
1 0.7532926429827731 0.9520469729032401 0.27932202090551306 0.0959060541935198
0 0.8283752139447559 0.9040330316219428 0.1807935156438411 0.16816211404351833
1 0.1636070586548492 0.81760503944412 0.11630681043863911 0.1018932736099071
0 0.2047248823182551 0.7992159158814809 0.07634966837349919 0.05642494872768502
1 0.2221622822759028 0.7559833257306939 0.07128273677523322 0.07619064458064813
1 0.256134734850269 0.6984927459474994 0.10306335779368574 0.11472546427907382