1 0.40815483194086033 0.8148290929268184 0.11919035178688589 0.09221135771838504
1 0.44765107205502863 0.8633912683259698 0.1128766847906915 0.09039418973360754
1 0.2636380997725385 0.3284565583264073 0.11695668973360736 0.1139590237259962
1 0.48320922867109967 0.9125755262346352 0.10637201680591399 0.08388952174883002
1 0.3451427677573161 0.3255172421285156 0.15741986364988403 0.149925698630856
1 0.623594148138752 0.9049924723940332 0.17904019566510634 0.14456703657757758
0 0.5969308304579857 0.8295640494663397 0.1577726907221905 0.12030186562705047
1 0.4374257682516077 0.3269298449039847 0.2305973784786317 0.22310321345960366
0 0.6906888062376978 0.9484188202265864 0.11587435079830274 0.0873965237259963
0 0.5423560073771927 0.3828535341433006 0.17374520060802237 0.1677498685927999
1 0.6541583290122919 0.44296997486549117 0.28955588441013075 0.253583892318796
0 0.8160389050960152 0.48399817596780503 0.2077673735357159 0.19877437551288213
0 0.1401873764271032 0.5926225346004111 0.048721342889637365 0.047222509885831696
1 0.17461677315734253 0.6887136260071737 0.06004084486680368 0.05704317885919252
1 0.23399709034381733 0.7678228058549493 0.05516234387822054 0.05216467787060921
0 0.21734810121823225 0.7154963019006166 0.05366351087441492 0.05366351087441501
1 0.2575964164275407 0.8032164777940597 0.05002917490485981 0.04103617688202599
1 0.3102956520930847 0.8734454061589606 0.05809634288963732 0.04760451186299832
1 0.3032299100017501 0.8355952376798914 0.05841467787060939 0.05541701186299832
1 0.14466526528585816 0.32908661661563354 0.08800401878308035 0.09250051779449713
1 0.24087312593281157 0.5990728058549493 0.110643022737413 0.11214185574121878
1 0.3918056372643371 0.9471959239534578 0.08561384783255326 0.07212435079830257
0 0.29795611406981354 0.6577421517103362 0.09706068380210837 0.0850700197716634
1 0.19088634927824694 0.3278397930033681 0.11877385771838496 0.12027269072219057
1 0.35150292532478933 0.7647853305695287 0.11625635277546902 0.09677152372599629
0 0.3428256036896902 0.708870911596168 0.10174818380210837 0.0852610207602467
1 0.152594534526049 0.6338205375661606 0.06498301285158128 0.06348417984777566
1 0.11717829935479662 0.561948196159398 0.06673651384016446 0.06823534684397004
1 0.10245922475394802 0.519873442699357 0.0633568458553869 0.06185801285158128