1 0.07343965852471317 0.36259703628657397 0.07504202283992148 0.1854289435438888
1 0.8843981699446738 0.5229785212543503 0.22478971732199754 0.22341554203601816
1 0.12161488692798714 0.4360242658342128 0.09921650723608924 0.2015419590952776
0 0.16937071347681026 0.5459651938267127 0.09616675033868427 0.23238185598499986
0 0.23012118498267925 0.6515993306316663 0.10569223654387434 0.29542866013203695
1 0.31906857756487594 0.8055827845431477 0.18256899705932392 0.36747860885972194
0 0.47641408808032554 0.8615703614516199 0.20823738240543133 0.27685927709676
1 0.6548157270444775 0.9186788153631014 0.2295591044771273 0.16264236927379727
1 0.21798311736742604 0.13805424048087922 0.10927318068726607 0.09665896946287016
1 0.3167415219354103 0.1824672047599531 0.1043400192218769 0.09156136635259245
0 0.40093945952008136 0.2458256586714344 0.08271068068726603 0.0943350518379628
0 0.5033960741739739 0.3014495250240269 0.13492163387576941 0.140896985014259
1 0.07185946913101979 0.2582512888784721 0.0651956320667471 0.08658134043361106
1 0.6681037053362099 0.3726293323286099 0.22504202283992142 0.19855224307277738