1 0.8000913871410436 0.5683580084815646 0.15497160402042304 0.11599748924663303
0 0.42475649566049806 0.008799149504661968 0.062012991320996136 0.017598299009323935
1 0.4776988944479939 0.23618132506417186 0.2358766473516305 0.2098973465663966
0 0.3459009826419922 0.059030339744225654 0.15588475430759602 0.11806067948845131
1 0.4747362499042822 0.385564894956548 0.3300527889597998 0.2577954991714305
1 0.4059253900446801 0.5293748610438171 0.36881091033823044 0.2968965405277594
0 0.2418425505424402 0.14033809388030946 0.2317370375239344 0.214366522745079
0 0.14593144502234007 0.2673437036812724 0.2524147976388036 0.21843759263745516
0 0.15398747099553986 0.4303531259310134 0.2301745375239344 0.21429374813797325
1 0.8822545230057515 0.45141875744810733 0.08790585258455792 0.07402400496239867
1 0.8812906501595494 0.5103763804836365 0.11343345373324994 0.10629284946188058
0 0.8968649276005205 0.5764187574481073 0.08681007223994967 0.06464900496239867
1 0.8154322759093879 0.3971893298216828 0.13731738436503066 0.12449919396136275
0 0.7903206790682916 0.4847642584815645 0.12392452310146904 0.08968754631872748