1 0.6656884740559835 0.38938113792723467 0.13494553029369402 0.13707196856846862
1 0.5200017402285158 0.8017613215495152 0.11271533278320493 0.1313656240689866
1 0.6335756362984011 0.32003397849777526 0.15644202199532414 0.15364303846084476
1 0.49579556823783594 0.7616286271738677 0.12966603444287889 0.12904114474715095
0 0.6890848881725009 0.042774908293558234 0.07081125269929238 0.08554981658711647
1 0.43651565662011826 0.7425918368509962 0.15329371120744356 0.173737214639527
1 0.5771139939767154 0.24325746278200952 0.18345480788809568 0.18136993217453848
0 0.6345516761398647 0.02808741987324013 0.07095296265733601 0.05617483974648026
0 0.5678144620326362 0.010248179488451314 0.07687107593472771 0.020496358976902627
1 0.3401384867040308 0.7097130244022181 0.22377307718412762 0.24085624813797324
0 0.48493999460141524 0.1549099003332315 0.20113921535662843 0.16818072745980875
0 0.26774326844761737 0.6788312055432992 0.16231351369695446 0.16948636228216216
0 0.4166178923216858 0.06923045833408487 0.2267545219953242 0.13846091666816973
0 0.34462541576690253 0.02433856637771948 0.23887416846619489 0.04867713275543896
1 0.1489952829813754 0.646262762201109 0.2979905659627508 0.32225610545773675
0 0.06507685787880688 0.5157833577340483 0.13015371575761375 0.23405828453190333
0 0.7402614989510928 0.43261740757194184 0.09607136182749905 0.07609592721213972
1 0.7579710624382658 0.3632852107150949 0.10520956348717317 0.07340757485477489
1 0.7176751813147348 0.4943918155536592 0.10208456348717299 0.07326202564056317
0 0.7511066784149498 0.2997685202683889 0.1032918659766839 0.06864730024766903
1 0.7655252985408187 0.24304548532220077 0.10989706348717299 0.07362589867609248
1 0.5795184501865596 0.8176731118723868 0.08714664772027056 0.10214900496239858
1 0.7649826921119043 0.13719574566128304 0.11865675684847724 0.08648977171162173
0 0.7523517149324211 0.18060114330391816 0.0978939709557057 0.05905397642635144
1 0.5746542740466947 0.7688546222114689 0.07225535352912935 0.0905565334984459