1 0.48648175461885346 0.13566072393060163 0.15839883636823088 0.20005138588825727
1 0.27035035695521614 0.7413717106729771 0.19691576708875883 0.18609765779852694
1 0.5404130851810968 0.20844159237981325 0.21854672618081655 0.2339042191918672
0 0.35484136573070474 0.8072864870321783 0.17422241316955053 0.15528674552877603
1 0.6338244528903585 0.28883026348054974 0.24441054420664762 0.2666613332144399
0 0.39870737450619337 0.8781893861780601 0.2118588054894186 0.16457866656263498
1 0.7391076832943173 0.41602570213179463 0.32831418276559193 0.3143294296642116
1 0.1376972621407009 0.24387661849379666 0.10506323620994644 0.13278280696670122
0 0.7971976649519172 0.559914167075363 0.20659229546028862 0.25111941218058076
0 0.16879649795493595 0.2719749255273755 0.075574313011266 0.08245449119130707
1 0.16070520163671737 0.33602357903301866 0.10469952335696497 0.1202828069667012
1 0.14861672710525342 0.4036768597296888 0.11756323620994644 0.13431761397798764
1 0.1640538590002802 0.46172275008917013 0.11242109514371963 0.11811706134875521
1 0.18889708313603273 0.5443028597519813 0.14016566191590937 0.16200352624773853
1 0.2244732187919832 0.632571263279917 0.1446713054894186 0.15632907887697095