1 0.35415969398472796 0.12905622311658255 0.0996920120146357 0.11239730024766903
0 0.34520012794400257 0.428801511991712 0.10421588001272664 0.09855312406898661
1 0.38085800664386465 0.18579852874093508 0.14671246268299926 0.12708053846084474
0 0.43046710797263754 0.2217210661683225 0.07421929734245407 0.0706079065339753
0 0.4039842346037757 0.48234819706173465 0.13406701201463567 0.11399834160399784
1 0.44738824192395804 0.5812972733642516 0.22269425469445317 0.21494871960192583
1 0.49225803596436524 0.2855695504525568 0.21620789735836254 0.19434512117350247
0 0.5474507819064589 0.7149338728261323 0.14705790802036275 0.15676803846084475
0 0.6226716946212749 0.36355761744944887 0.14393290802036277 0.15662248924663302
0 0.7105614986075937 0.46848702005448273 0.19891130935708964 0.18416960049533806
0 0.6656093412237778 0.8384698802697305 0.16429995202099903 0.16225605913900906
1 0.7119383538749603 0.9347026015287954 0.2783988146880899 0.13059479694240927
0 0.8339251785885036 0.6149339886229512 0.1883374360279987 0.2149101782455972
1 0.8948615839035954 0.7522199729071856 0.1710226666931806 0.2031721575674325
0 0.9070877692155055 0.9106874443711384 0.09660337468172671 0.11537675103345749
1 0.19868984929981975 0.2562629243166556 0.11053860534690844 0.10509422249740999
1 0.2503881619589564 0.3141696236547018 0.12972495735199913 0.14346751778268024
0 0.299261466621593 0.3461495237785363 0.10568747334499946 0.09081339867609248
1 0.2132468625477782 0.8861880188161375 0.18081474267981756 0.10524407981717374
1 0.19684915587209678 0.9518665227450791 0.10072725334181776 0.06715757485477489