1 0.2834202183315745 0.19493759329250188 0.15349402130083298 0.18441245735199913
1 0.3533201385948627 0.8411211552753208 0.2049006964186108 0.14754880402608989
1 0.37483673878393564 0.23835978194622975 0.22034933063166634 0.1992385733609078
0 0.47378917200671467 0.8646939205920035 0.18212757775694416 0.11918744668999892
1 0.5109601664936116 0.2703353932606852 0.2462474492933328 0.2276362933640895
0 0.5618366846833813 0.9198621312460495 0.22167809330833316 0.1430612986950898
1 0.6811660682843063 0.3409371525700499 0.3389229648447218 0.25212831070972525
1 0.011242421960231851 0.444985235996182 0.022484843920463703 0.11940452800763594
0 0.8116457972662972 0.4463411732177326 0.20236074825657369 0.225564716024817
0 0.029167434778310592 0.4578937686585004 0.058334869556621184 0.07269316000954493
1 0.047429419226921746 0.5200665046546824 0.09485883845384349 0.104234061346272
1 0.06337580966014003 0.5869449219844098 0.11650257775694421 0.11842383068109026
1 0.10771227855736235 0.633256300644501 0.11642466531583318 0.09969201201463562
1 0.17313293553185322 0.6972727999681834 0.1390022943450923 0.14366018801718106
1 0.25326064146958477 0.7626790766231838 0.14585788708777753 0.13281359468490822