1 0.7355732115598403 0.7360167088274809 0.11297380404060693 0.12401928298109546
1 0.6800716617451525 0.6839638503180288 0.14972771286306993 0.16171018052176755
0 0.5838537895097269 0.43046212129707173 0.1671639099222489 0.14931926483072294
0 0.5773619431797093 0.6587643832991242 0.16560140992224887 0.14931017447164335
0 0.5019938419006549 0.3879433440715128 0.22201563528985152 0.15119992739850954
1 0.44419549594730556 0.2991626452029809 0.25194239631793 0.1982203731437834
0 0.5097263619304648 0.6325791332009284 0.14956348749546713 0.16014768052176756
1 0.41080090384320717 0.598758645104785 0.3513558124924453 0.267506704329481
1 0.2618051281110238 0.4901835967037914 0.3489721856544322 0.2596851139704013
1 0.9162932439209583 0.4472895103517326 0.04884098639568109 0.048692030054229285
1 0.9002201626717138 0.4208042784039093 0.05130908492527055 0.042460210772388506
1 0.8684517637775435 0.31936449825148416 0.06479443713088635 0.05190793364502548
1 0.8742371694738733 0.39672188379010354 0.0679194371308867 0.0519261143631848
1 0.9048489137714999 0.5317826850197676 0.05451383860129688 0.05809430113146803
1 0.8731156736997925 0.46786563076504145 0.06717806396889969 0.0597295240041051
1 0.8198922742557292 0.31104800420341244 0.07293538786609162 0.05507838544042354
1 0.8488617648773296 0.4304838054330765 0.06610824007170706 0.0644079336450254
1 0.8002859885952531 0.26582186261466884 0.08362419080691268 0.06763292759490129
1 0.8070942643274366 0.3752241336919077 0.0841168669097204 0.0723204275949012
1 0.7682195797727902 0.22848548907810198 0.07030306396889952 0.059747704722264317
1 0.8729160632155629 0.6890957361512358 0.07819531764492567 0.07540906615858275
1 0.7210232060609104 0.18107467877325162 0.08124056396889952 0.05981133723582164
1 0.7413590698444977 0.29274343179831375 0.07720996543930987 0.06603406615858276
1 0.8158121365628622 0.6292349228213233 0.11544190257019657 0.11778746369925486
1 0.7054708827136112 0.2413581938003663 0.08789876838013093 0.07858860831306051
1 0.7726440023727967 0.5903996817983137 0.11536214889417025 0.10217155405833438
1 0.7517215547637247 0.5475263805686497 0.11519792352656762 0.10060905405833438
1 0.8052639689118927 0.7668803685665972 0.10006559962937552 0.10520565046753809
1 0.7004148288462291 0.4907587509819587 0.1669199308786201 0.1321408551898024