1 0.4147568311573444 0.2917207082595611 0.11756793494769227 0.12025085779368574
1 0.49427114402402517 0.3090909478068046 0.11927337720008424 0.13743835779368574
1 0.5609572295526236 0.34763823733993054 0.1448935380191358 0.14514444198043536
1 0.6295934155931293 0.3900007716113848 0.12644152047629084 0.1627113735787013
1 0.6969832310193464 0.4277213085136749 0.118163899862002 0.15756884727034196
1 0.846684131974162 0.5030790823323725 0.1267274049810748 0.19690436305535747
0 0.7691853417693991 0.506021342785129 0.11812760600488907 0.2041708314853265
1 0.9182721308813484 0.5672711139729907 0.12610724416202287 0.1906543630553575
1 0.11848654425993647 0.6397835658414853 0.13123566887156998 0.22668286831702938
1 0.15508431473622725 0.7948049948089153 0.1786945358335088 0.2822650103821694
0 0.252841164155321 0.8614016896319481 0.17345946272868273 0.18253802616718495
1 0.2265602668239409 0.19267480545931592 0.10491289474292938 0.11796031570031093
0 0.2509038121477765 0.2321167370575819 0.05884938962385666 0.07644067363517104
1 0.29776671419540557 0.24510258446909824 0.078541728804805 0.07137374203690508
1 0.3602425182906638 0.27289438452556797 0.11601753290006318 0.10462585779368574