1 0.5023516561589606 0.32257043527941953 0.0960075197716634 0.09804370181924557
1 0.7294553256266129 0.3252993672490702 0.08050985376405215 0.10044095574818694
1 0.15096291110187637 0.36241860918179036 0.11431185079830275 0.08797949710451584
1 0.5729307530029306 0.38346723987031484 0.09689885771838505 0.11991870181924558
1 0.7890969224705829 0.38670559408970645 0.06807352076024671 0.10142125889134013
1 0.14458025992301277 0.43629275682442553 0.09642401384016443 0.06999147642635144
0 0.6026792614058876 0.42200104694240925 0.07805601581733086 0.07849318114108113
1 0.8713337609115961 0.40714006452020185 0.06545785672980173 0.1137757096771285
1 0.16748851931455294 0.47984154962849657 0.11874468281352515 0.08194782092583353
1 0.6618433557783996 0.47168852378304554 0.15486786661563343 0.16472608767505648
1 0.9451797792003849 0.4905839572004383 0.06140702669174587 0.1291823858558109
0 0.7390717006452034 0.5228828426419644 0.061216025703162556 0.1244948858558109
1 0.17255270410524448 0.5657062750213906 0.15203202669174573 0.1334033130679506
1 0.9900015533834914 0.5324953213446274 0.019996893233017232 0.14564213978475227
1 0.8166992935348407 0.5646657741973303 0.12182987353571591 0.19593754631872748
0 0.2434474773369491 0.6727696042193917 0.17785969764227277 0.15488020678164424
1 0.9023104827741566 0.6679127446278257 0.10040054250907673 0.20585620181924558
1 0.9761884041817941 0.7223583420227919 0.04762319163641173 0.19411818114108126
0 0.2679765865382088 0.7945161716305684 0.17173703163466156 0.15771410835322097
1 0.362184184370762 0.8590088571148758 0.1841388725471326 0.19416103060296203
1 0.465817295474826 0.1943384274215367 0.0904923488211363 0.07751287799792803
1 0.5130888849044223 0.2210978265119139 0.05729784684397003 0.06660961124870501
1 0.5583841388587549 0.23777375020939698 0.06361151384016459 0.06846320967712849
1 0.4148078938016709 0.2679429013666888 0.10356535178688589 0.0921575748547749
1 0.6040295612921568 0.26304342390688007 0.07655718281352523 0.0799829065339753
0 0.4491802352084335 0.3046958846174658 0.044479511862997964 0.05821491439185813
1 0.6611854866913082 0.30186617535462207 0.08012785178688589 0.09106595574818695