0 0.22430587332629784 0.8280844507977072 0.07689327360990719 0.11879059246968841
1 0.2187995841650018 0.9593445772814316 0.08665925287472206 0.0813108454371367
0 0.2915964288874545 0.44685474703255146 0.089334485014259 0.1372565028717307
0 0.36865438077268553 0.2246144941289149 0.09939299019805521 0.14616478321633836
0 0.2903321230434739 0.9123579984684168 0.08767494872768503 0.08293426298659981
0 0.2845032051357426 0.9939427962029382 0.06816353110277769 0.012114407594123477
1 0.39397984363763977 0.5124899059668225 0.25177427935935126 0.2969764883854536
0 0.455021816258056 0.25680809237397056 0.1246076036759256 0.16921673407785756
0 0.35833097587092777 0.9730824096362507 0.11165925287472209 0.05383518072749851
0 0.6151978986331486 0.3023641183471704 0.18956822233759213 0.20464693637524203
0 0.5706216731380103 0.6404728828015415 0.19624744929333282 0.24563719649011126
0 0.7377128453810661 0.7783888943203702 0.2481612638079625 0.27335635832801886
1 0.8112137361920375 0.344216820612649 0.28931252705027716 0.3725040895341459
0 0.8311812984440756 0.9150822325622274 0.18570092855814774 0.16983553487554523
1 0.039118811969214226 0.671479313560946 0.05818293836009247 0.06402192195277685
1 0.05621742054611221 0.5842938439055537 0.07538956220555537 0.1016030924696885
1 0.061980822053982865 0.7349229045947692 0.07117095391148132 0.0887378323548191
0 0.09298539721902895 0.6241071603701365 0.05919863421305545 0.05795455201021156
0 0.16166350405250057 0.3172281068921536 0.054725747690925794 0.07753653178047308
1 0.11570114434430687 0.7072646314613941 0.10386587672018495 0.12658280344607675
0 0.19309943176217653 0.35483971815571513 0.07369036116879615 0.0998579624122538
1 0.1311225098484275 0.8377130924377824 0.08679595391148132 0.09056413292916536
0 0.1741001132415292 0.7614448337587785 0.06675685598499985 0.09131494218251532
1 0.26471873647486144 0.20378453028079582 0.15695121196999967 0.18536933522654983
0 0.23995530791671366 0.39662137999362274 0.09429538708777754 0.1409293930440345
0 0.18333982926402942 0.8903815245054286 0.06374943317629622 0.05693994218251532