0 0.5331917208065443 0.31987697371464674 0.06249488780013799 0.04792398757622758
0 0.5354547241545291 0.37065217473846135 0.06822291842239067 0.05776410819051634
0 0.5444888448469506 0.4244688066837089 0.07586029258539462 0.0708842690095679
0 0.5167803586066823 0.27559643095034747 0.057807387800137985 0.047458866961938816
0 0.5451902002282456 0.48219773760514195 0.07412437081501899 0.06916672880480501
0 0.5540517511836021 0.5446856396527711 0.08888055789652097 0.07681209064767121
0 0.5544938259426442 0.6118670906765856 0.09894924497802293 0.08399233187624855
0 0.5536335333572496 0.6765497514956372 0.10797569737065124 0.09570503290006319
0 0.5552912645755409 0.7470112427242146 0.09929608851877383 0.08711733187624873
1 0.431448982769686 0.25449169958600615 0.14581742871154013 0.14427337720008424
0 0.40333079903616886 0.30857113671932546 0.11926344904464355 0.07210039474292937
0 0.3965673499915252 0.36950863671932543 0.15866938445215323 0.10691631945247622
0 0.40004856589869 0.4448901882550472 0.17030057153365513 0.11425160088581662
0 0.40682990764285104 0.5332368604050577 0.19304097631891182 0.1381421235477344
0 0.41907999938701207 0.6221261732717384 0.18678927225229103 0.15142942252391975
0 0.40936923227929567 0.7167349433741199 0.20692835048191557 0.15188244518583768
1 0.42222970835301227 0.8285905866503265 0.26907469067468187 0.2105888925573023
0 0.09315665633665145 0.12851148392387773 0.13054608851877386 0.09021813597150681
0 0.04766221423317246 0.16230261696193887 0.09532442846634492 0.12773023392387772
0 0.04332752200709588 0.2530051370643203 0.08665504401419176 0.12476027412864062
0 0.039600658010643816 0.3648789272690832 0.07920131602128763 0.15788285453816647
1 0.6610642564507743 0.39891295142663824 0.08488844904464372 0.06868951023814543
0 0.6437951577654486 0.44064137978853496 0.039405935407509675 0.034815924709547016
0 0.6501361288171881 0.4760241411194939 0.052946466029762364 0.045431246347650146
0 0.6538732172133643 0.5135180921433085 0.05641830957051326 0.04886632675717593
0 0.6535314858724756 0.5592957127575972 0.055898044259386916 0.044178826757175924
0 0.662742436468514 0.6399849251123706 0.06700726196314158 0.06073406798575327
0 0.656140480727901 0.5998371436790302 0.05971673134088888 0.05073890716670171
0 0.6645710333572497 0.6875576060338038 0.06683384019276631 0.05917156798575327