0 0.6272142645810261 0.7758808428152753 0.10966102943354201 0.14425401878308045
1 0.5883914215208386 0.2827767830431743 0.198085294150313 0.21774986859279988
1 0.5706715930046556 0.8278863531953986 0.1349691176724656 0.16858285672980172
1 0.4791198283927784 0.22820864125585077 0.24301926474145183 0.23821887749004844
1 0.46954264692090086 0.8661768734613536 0.17635995100991247 0.19667336463846716
1 0.35711936271545675 0.1757123354380825 0.2579180392488361 0.22329421444818678
0 0.33949642143445535 0.8474016516359741 0.19964779415031284 0.21781353558899424
1 0.21684644605907383 0.11541811707274408 0.2924823039532666 0.21538355536065779
0 0.21365575966720876 0.868837594335331 0.24839338238923664 0.24309737847863175
0 0.06483936274013766 0.13701056866934958 0.12967872548027531 0.15722886266130084
1 0.8219082107141424 0.4169303126634885 0.08404485295569453 0.0966150148287476
1 0.7956141911082352 0.4055763185949875 0.09212583334978745 0.10936968281352524
1 0.8030791175305504 0.7151303907243782 0.09589784315274094 0.10331068380210837
1 0.7614878675799123 0.3999775760093613 0.10824818629314166 0.12400518577927473
1 0.7429184802706882 0.7494218190892791 0.10378955884240301 0.1253766847906915
1 0.7211555391562827 0.35191941939329024 0.13332740198280355 0.1467715237259961
1 0.6628896813176219 0.3255598492410659 0.14990750002468084 0.1645320266917457
1 0.6727358332078721 0.7779089164275408 0.12753514708132663 0.1496418557412186
1 0.07473828425480591 0.8741975508748524 0.14947656850961183 0.24778487847863176