1 0.32458566072563366 0.4362339784317818 0.12116702267663584 0.07413745764913049
0 0.33248052406904227 0.5104936350476401 0.1163704346753632 0.06473518657189174
1 0.3541998880489977 0.36297374043383435 0.16181020401018137 0.07593630698520056
1 0.37741866470399826 0.2771771409995684 0.1431329293443632 0.08207722267624522
1 0.3943419880251352 0.18743793012898405 0.18226815467854482 0.08855448165323568
1 0.4425789460136812 0.103349276439992 0.15417951734563573 0.09151585518980254
0 0.8084912301081768 0.8015247186692246 0.202127216024817 0.18397606596219102
0 0.9052158533577263 0.49431672754801903 0.18956829328454744 0.26050220452587264
1 0.2649139527768586 0.8132050237095175 0.07265679734245412 0.06760565651766229
1 0.27628616275458684 0.6492197917616942 0.1257090720082724 0.06166472872636941
1 0.28121965809990446 0.7375237676593933 0.10248974801081764 0.08027837334017515
1 0.2895668654121327 0.5821141049934108 0.12134883601209037 0.08976245764913067
0 0.29669066410722233 0.7915163760706496 0.06914998933799979 0.03477497579950324
0 0.30657364676158655 0.700955008584207 0.0817590773392725 0.044222698672140126