1 0.5777075072387102 0.2842162940801781 0.12315501778268043 0.12948860001590834
1 0.5053594722925222 0.2935362027370877 0.13274834160399784 0.13428518801718106
1 0.864875713401182 0.36181677211963087 0.06570208271265798 0.06947725334181776
1 0.4355713571148758 0.3318078147278608 0.1538271290313853 0.1845033640197264
1 0.8219390425991833 0.42775939811422203 0.09833480024766894 0.09952838001272664
1 0.32744848800828796 0.3539998933799978 0.16142561331561964 0.24705790802036276
1 0.21051139102760658 0.4143914060311804 0.18809942927905432 0.2832863093570898
1 0.7352502177444082 0.5268048781030862 0.13547523531769165 0.15930336935072642
1 0.09068473449363128 0.48647439668204473 0.15234171174404304 0.25319882001909005
1 0.029148036808214893 0.5293516926718634 0.058296073616429786 0.2743283853437269
1 0.587163666463282 0.7189367394175415 0.23370302770747778 0.2900635680299077
1 0.7069797843270156 0.2442918227641319 0.09891699710451593 0.11202838001272664
1 0.638555116006216 0.27007252542167776 0.1018964478903042 0.10893974267981754
1 0.8957104904894873 0.3207468767902216 0.06704625889134022 0.0648079346753633