1 0.7197872124710204 0.2835563664717813 0.126684516805914 0.09121088560718835
1 0.7076745316346615 0.21549367262819735 0.11880834980971962 0.08891905740420183
1 0.5970937421656967 0.806001294716529 0.11851918973360753 0.12002319176360458
1 0.7002811842964 0.14864982570640536 0.11243101581733086 0.08521059484181252
1 0.5171542327741566 0.754176762686663 0.1588550296574951 0.15491983277853763
1 0.5608711744105681 0.0889386493338411 0.1779923488211363 0.08977445174689999
0 0.5476336867678578 0.14607374292786787 0.16670202174882984 0.11829502662212148
1 0.42980147140545 0.692320835274109 0.23359504448624283 0.23194215224601428
0 0.35956061418135665 0.5729132283690215 0.1736178666156336 0.17342012354391337
1 0.2859719224705829 0.4477451401827393 0.2985488824329643 0.25979764351050444
0 0.154061394790254 0.30468002329435623 0.20920253954332696 0.20631666763705442
0 0.8555562050938278 0.6550172036180737 0.047158842889637495 0.04954260357732245
1 0.8738194323564146 0.5493197554067348 0.05841467787060921 0.05837616306150366
1 0.8600195761209044 0.4398508115631509 0.0566611768820259 0.053542797420906216
0 0.8475951719762914 0.49784008797747636 0.0504111768820259 0.05295933485851698
1 0.85579764973317 0.3935382631022549 0.05309050790866543 0.04231356613971169
1 0.8440696294672148 0.29671518489926835 0.0611576758934433 0.04929289434269819
1 0.8300363043720747 0.33431902849329515 0.05835101087441501 0.05681366306150357
1 0.7107689230020555 0.8835452551989388 0.08637785178688588 0.09523087895165787
1 0.7631339417479548 0.5833486792837277 0.1090168557412186 0.11602299792002065
1 0.8050151052469271 0.17866239080612728 0.08698534684397004 0.07193924459225536
0 0.7408185899610689 0.4940982915965598 0.10155718281352524 0.08575203535763123
1 0.6652190010629452 0.8543880844419153 0.1187101907221905 0.1247106917636045
1 0.7464717292769343 0.36543185108074105 0.12068918479069168 0.09687742304479911
0 0.7245768246380297 0.42020218365148254 0.10461851581733086 0.0844812666388258
1 0.8654286122041903 0.6107986959225535 0.06498301285158128 0.0667721256238929
1 0.8596189639910762 0.6974235020789696 0.06680018083635915 0.07316799126449017
1 0.8521858073750053 0.7442045582353858 0.06322951186299833 0.061938759983295455