1 0.34341223340448546 0.2838333781917574 0.16205239336179425 0.11685660822331796
0 0.6122511171539345 0.9671268728214862 0.10958617852446154 0.06574625435702756
1 0.5817485309725712 0.8125889790327576 0.1706166004764711 0.17779410822331804
1 0.6793499459823855 0.9963936577210284 0.15988177744001195 0.007212684557943305
1 0.689480818846363 0.9046493659005634 0.230185860910251 0.1907012681988732
1 0.8238642778917036 0.9374316764717504 0.25364869553069347 0.12513664705649924
1 0.8393475569955593 0.3242317588189497 0.3213048860088815 0.3814295473191967
1 0.29108552904190726 0.7895578443814723 0.06640204173511961 0.057992643289327
1 0.29130933236101014 0.7420668416131031 0.09022806260267932 0.08572696862514953
1 0.2882012079361118 0.6872290897675237 0.0966976576569019 0.0881307994977103
1 0.29937517856543605 0.6358468323852058 0.11608110819912669 0.10606945939725243
1 0.29604745908631525 0.5794465805396264 0.09733110819912678 0.1035454667795701
1 0.4633828860908305 0.9872141937098273 0.091815897223122 0.02557161258034526
1 0.29488189648363594 0.5057085768484676 0.11986489336179415 0.11117762483353281
1 0.30979319129962285 0.43183531669778075 0.12120779830757167 0.10982545755167306
1 0.5141598853103699 0.9257508122502994 0.1635388895004663 0.1484983754994012
1 0.3231293188053884 0.3631153074698835 0.1107601576569019 0.09002379396097213