1 0.4013294424577549 0.5214188067697132 0.18429069836338668 0.20159633618136344
1 0.5186434611468945 0.7333909029741392 0.13292660580511537 0.155506794446244
0 0.2375248257680484 0.14718743197507198 0.09965774881887368 0.09330239336179416
1 0.6280705687661083 0.8993663793954549 0.07307540145127885 0.044476372494234084
1 0.23076390507947592 0.08847121713773945 0.12520338584218216 0.11244091422935396
0 0.43963548510869355 0.44930308535992863 0.1333432680561673 0.12291388950046636
1 0.2554985210513922 0.035823451692428315 0.1271279843909034 0.07164690338485663
1 0.5748909719466677 0.657968588440796 0.17647819836338668 0.200498360910251
1 0.4430109670525263 0.34362740761592747 0.20805558057737183 0.21426526199470075
0 0.6090278697697494 0.6013554021936788 0.13141866950744613 0.15684969939202134
1 0.7338741354636641 0.8491678681812147 0.09404266587924912 0.06608110819912696
1 0.49550599527549466 0.25067553319102914 0.1989335517214313 0.1756672867235883
1 0.6477332165043721 0.5181923832567829 0.22326391832631992 0.24905411748270315
1 0.49175845798203355 0.1208782356639179 0.2459375264936879 0.23047304329604046
1 0.8649033914541139 0.7569549910451921 0.14400794954451293 0.11663855488002373
1 0.7006721888295578 0.3929896637776621 0.3045883293962454 0.30712846524804993
1 0.5345684621583848 0.04542646327641166 0.2941369243167696 0.09085292655282332
1 0.7804266322988032 0.22633423332253658 0.39298119600113407 0.38951869323028676
0 0.8026141124285372 0.11254002103194408 0.2794792019915839 0.22508004206388815
1 0.7699876069862417 0.010050575706609156 0.18060021397248338 0.02010115141321831
0 0.24964543528617883 0.6966131097190732 0.05492560217691826 0.05902873184356459
1 0.23842519309072713 0.6675717275715194 0.0790724303072194 0.08263515765690173
1 0.22530514499749285 0.6066088929510768 0.0713690577118811 0.08466218238578946
1 0.2196528565229055 0.5571578805866328 0.07115080290255768 0.07841218238578947
1 0.2103671365599724 0.5160683558577454 0.07572917549789596 0.07594596754845676
1 0.20468756623421958 0.46583609349330163 0.08564981252120454 0.09288853787379167
1 0.2083011503549705 0.41194251080352284 0.09039187622353533 0.09510982303645928
1 0.4462451606914075 0.8409162631039298 0.08118056733052796 0.09847975271112439
1 0.2078447933687288 0.3539104157493004 0.09847719473518968 0.10402029830757167
0 0.21967018157316373 0.28787156026129807 0.08543155771188111 0.08663853787379186
1 0.4788468403656547 0.785303921911035 0.11735616950744614 0.15487334390401913
1 0.20824904273575662 0.23059538058663293 0.11253969473518965 0.10599665379557406
0 0.42877737457907283 0.632968630956376 0.07244048439090345 0.07081927744001178
0 0.4073909586998237 0.582588569134157 0.0759474303072194 0.08219596754845675