1 0.7216093372980674 0.602408032000634 0.1750514455827247 0.20185682835784532
1 0.4572915158038907 0.1504272094085397 0.1498919382306724 0.16946040818602892
1 0.3460607238911484 0.1908209153105765 0.18278419190669853 0.18672315128862396
1 0.613576222038026 0.7031217622129302 0.17102556506868538 0.17833744120271575
1 0.1863501961326178 0.24082531659920042 0.2230713051403929 0.24477466870147851
1 0.4998655365568184 0.8245574282008752 0.17365788896587767 0.17381371551297525
1 0.3790438473995848 0.9306546992317746 0.20524577573218342 0.11952900723608906
1 0.067222432528299 0.2957728454320157 0.09601612903758508 0.2334543091359686
1 0.7867843496293755 0.0640305274780782 0.09348714889417024 0.10590251922187685
1 0.7599309167244083 0.0850766898479786 0.055334965439310047 0.06816350180902231
1 0.8594356553196615 0.3516633242895749 0.09916000109978569 0.11552318068726608
1 0.7201270435624213 0.09501825588135215 0.10063802940820957 0.12958568068726609
1 0.8597546700237662 0.4144908729100939 0.0985030996293755 0.10927318068726617
0 0.6636705823490304 0.1034758870435881 0.08041000109978605 0.1145405348257091
1 0.8003773110159911 0.43252822196015417 0.1223488040406071 0.12916960085908263
0 0.6228789979736528 0.1189680902320914 0.0852617264673885 0.11634869629109837
1 0.783834917447526 0.5143071664422303 0.13558545918704362 0.15161781094499105
1 0.550264983819441 0.11570364936805999 0.14298503676026186 0.1628828595655099