1 0.4018906459091712 0.11894284593514244 0.18843905917039336 0.19727947994174028
1 0.10925757952618528 0.8556913735152495 0.18861402179152656 0.15518290815498553
1 0.48872437436974614 0.19818772822588065 0.21685899011264292 0.22461486975432585
0 0.22952116702126765 0.9382574840983754 0.15510239926336586 0.09963159012915454
1 0.5102883819113148 0.3264180283050229 0.22935899011264294 0.2249785826073074
1 0.6023287804183759 0.45435046318218586 0.37900906487037656 0.313536280416594
0 0.6730351283050184 0.6074958467265652 0.31624698491686265 0.26337114436493214
0 0.7533514229733524 0.7687492469639922 0.2933886391239072 0.24867214687221467
1 0.030966868669762948 0.2960315655185485 0.05699268119435104 0.10145485141192587
0 0.040229385139458645 0.3446509219450392 0.08045877027891729 0.10718802586424747
1 0.04042898600214358 0.47034124373179387 0.08085797200428715 0.1250574874635877
0 0.05366917226622394 0.4054209373844454 0.10733834453244788 0.10309155925034226
1 0.04640048055426194 0.5627787963182186 0.09280096110852389 0.15993259263643722
1 0.285385842942964 0.04979437767188467 0.166728314114072 0.08749530298213616
1 0.32182608749508235 0.0884309803374517 0.16572282500983526 0.16231344655564545
0 0.08925035416770344 0.6492224131695506 0.14925659084927706 0.12752926959604133
1 0.08923429265152152 0.7502082516493527 0.16731817599857096 0.14052937476889085
1 0.7314496537797158 0.9233742816702353 0.2152529314464527 0.15325143665952937