1 0.3020113220914242 0.6720575429663095 0.12227765634451408 0.15778592378986112
1 0.4395775251699655 0.3468605483933763 0.14415265634451407 0.1589323439616777
0 0.4878150034184725 0.3408053002023987 0.1105400693385418 0.12283771370395283
1 0.5862154826169099 0.31084888455313797 0.25709037385944455 0.25068383197589006
1 0.4344607993900006 0.6969457575747734 0.20679943313000013 0.235563443011738
1 0.7193728215227433 0.29910023631673177 0.20421864057694455 0.19173155585660825
1 0.5612785257386464 0.7480689235627185 0.23775979882131965 0.2918067989592032
1 0.8370681613785071 0.26001116010659286 0.21333906743868064 0.1812853787873868
1 0.6984155030372229 0.7732027996365718 0.25523823955076425 0.3052075576656305
1 0.9208586670780903 0.23959684079385898 0.15828266584381936 0.16312187697836444
0 0.8683285596970662 0.7776457174335392 0.2633428806058675 0.3435264292169283
1 0.2844192061157642 0.4190996393028364 0.09952983415618064 0.11913950361804457
1 0.24525217581489636 0.6472346053816385 0.10483558320625015 0.145947665083434
1 0.3636702950215976 0.4045258842144537 0.10218205547083344 0.09899077792830405
0 0.3641664831855908 0.6940420855939347 0.06090243882958344 0.06873671189493055