1 0.4548062010284231 0.29108930293826535 0.13427372550495614 0.10091614474715094
1 0.23710593142251574 0.3138141352366383 0.13850348040643307 0.09800946856846862
0 0.27323708338680863 0.3349421184874153 0.12036088236455571 0.08009422249741008
0 0.49724676475996255 0.32844159967127773 0.11323500001234041 0.08441784946188076
1 0.29850995104076355 0.378600073202145 0.16083622550495624 0.10215331306795061
1 0.544374828491502 0.3655755725829725 0.1528740686453567 0.12195639081820957
0 0.9106864461392867 0.35323381452020186 0.07329661766012521 0.08721320967712849
1 0.34575245104693375 0.4165152961138398 0.17520681374387986 0.12610023531769166
1 0.9668033946367585 0.38626033023596756 0.06639321072648308 0.1143579065339753
1 0.3951538236085358 0.4960187055432993 0.2014700000246809 0.1676713052100677
1 0.5179926961701378 0.5721017084387834 0.32575254905178974 0.22156690074300708
1 0.6514147305051566 0.7043255494236087 0.21451573533259083 0.2567338052100677
0 0.8432962746431292 0.8275339553384115 0.18912843140400498 0.21054800992479733
0 0.3465469853325908 0.2339917404894873 0.07672093137932415 0.04702485731976358
1 0.39264512259245316 0.2640944634011821 0.12261000001234042 0.08485449710451594