1 0.08645066649575728 0.3427019770387464 0.04769578943848547 0.07144910266556703
0 0.18936996912498963 0.350367376022532 0.04638052629232368 0.04805706677218975
1 0.7953044998216597 0.37811823528550964 0.12963011397798746 0.11742684389007838
1 0.1364912059565353 0.36984715023742687 0.054877350831825746 0.09189799498543509
0 0.5278697629678216 0.39369044483978577 0.08223494732618271 0.08646634890464337
0 0.1007307103162967 0.42096336935861445 0.03952728067437759 0.05564224623907634
0 0.45179973663091283 0.43351381129540634 0.097037157843112 0.10558006175762476
1 0.7374356138219399 0.4457172607540457 0.15303992098927388 0.13056334138279588
0 0.0632712497770747 0.44556255258642474 0.022943026292323653 0.04737510517284953
0 0.3850908637996473 0.47983723033745174 0.08612735083182574 0.09280727711788864
1 0.29053192081093365 0.48954118778015676 0.10934330692211613 0.19312552586424747
1 0.6642295041368362 0.5152053951563549 0.15959054377595444 0.1712338054894186
0 0.23089383741815356 0.6061316427155795 0.09720131573080915 0.11959709765100221
0 0.6141305786317531 0.646085670624891 0.15605414903441908 0.18047241316955062
0 0.15893575845201247 0.6414039014910682 0.07261271047234441 0.10954013605166182
0 0.10996224526126559 0.7053694615993402 0.06375787712414938 0.13886392319868043
0 0.5281910785871681 0.7323293960142847 0.1323971051692947 0.19068248746358768
1 0.41248299962102697 0.7663286598043383 0.15988916651804974 0.3004666644231918
0 0.2991859030820851 0.8580040312745238 0.119432324494917 0.13581313103709683
0 0.20309115305979253 0.8995801143440495 0.10723294728159749 0.17593802586424728
1 0.5072477937982469 0.13697744358614455 0.032921271910269743 0.03988085391920828
1 0.45408125431517643 0.15411346780103935 0.06025117541591278 0.046903743731793845
1 0.5457198946523651 0.18402593982522086 0.05065663155078841 0.057522994985435096
1 0.38086229815800826 0.18545674452321664 0.050272929797966805 0.05439799498543509
1 0.4608237279782676 0.19634643190766204 0.04638052629232377 0.048057066772189704
0 0.5089596051692946 0.20163933715965382 0.041912570157448134 0.03702863855894432
0 0.34077131130417015 0.20764398159109293 0.04640821928103733 0.03560253087881238
0 0.2996251446300726 0.22123746865896918 0.043475070157448135 0.03707410266556703
0 0.43554879813571573 0.23142011388183112 0.05556367541591278 0.046767351411925784
0 0.26315263146161827 0.2411946159934022 0.03215386840462653 0.03363085391920819
0 0.37954503496726144 0.25080895988348056 0.05205497366309135 0.04355142319868044
1 0.21655156128187764 0.2484017107414104 0.04925828943848547 0.07149456677218975
0 0.32899617530445024 0.2765841982049981 0.04873812278668055 0.041897994985435005
0 0.7154133024954772 0.2917200825408003 0.05671478067437761 0.056142351411925785
0 0.18316250863035272 0.28713159012915473 0.03996636840462657 0.0338581744523216
0 0.6709502849449689 0.30366014139543124 0.045393578921556 0.05269910266556703
0 0.2859720393270228 0.30024300705962903 0.049313675415912875 0.046585494985435
0 0.14404462265292534 0.3109040592503423 0.029632114022572598 0.025772889812585565
0 0.6466623024731847 0.334091787476223 0.05764634206771788 0.07640938730530315
1 0.5852313287878008 0.33463970526462705 0.11438881573080906 0.12009720282385157
0 0.23835632878780083 0.3245466735943919 0.04013052629232359 0.04787521034569906