1 0.38048769310107716 0.9906071675894241 0.20745013050895836 0.018785664821151828
0 0.4618279588686466 0.9756003273533755 0.23132404160312509 0.04879934529324892
0 0.40265287452503473 0.06506060618744419 0.1849932490500695 0.05029051565094529
0 0.04185245924989627 0.526476862689559 0.06166615824437508 0.10607872537911796
1 0.5243993876302439 0.9278163532081685 0.34066398043270846 0.14436729358366307
0 0.6176746493137506 0.8365915933047712 0.22264002583555573 0.12835296785409583
1 0.6810630424561464 0.7489434081974805 0.36112195079743065 0.18823593715310558
1 0.8122915926086464 0.5975872501788938 0.31268445079743057 0.18200230592277258
0 0.06912086122600727 0.3928980178183169 0.12260365824437507 0.11392103563663376
0 0.1199722335668405 0.26858544612304247 0.19291615824437508 0.12296985516453666
0 0.21373845773128486 0.18095216614450968 0.21820709897381949 0.13868721321890215
0 0.2914621078075348 0.1068324949427996 0.24883884992375008 0.11614641078685897