1 0.47556938833701023 0.14283837173601666 0.07093323821317572 0.0536967690095679
1 0.5014684164587727 0.281495124295553 0.09717040653397539 0.08273991228577451
1 0.5041353440851972 0.22188151501222317 0.09517125889134022 0.07320987208101153
1 0.5041503066578098 0.17211407531936754 0.0889940334984459 0.07415221126195992
1 0.5337394150110307 0.3399096381860482 0.13071065260503384 0.10162075658579557
1 0.5358520326698765 0.41866084798128533 0.18136562406898663 0.1206445431382086
1 0.5401457344891221 0.5108483479812853 0.1827825748547749 0.1176745833429715
1 0.558829422040344 0.6114624598241515 0.18365587014004525 0.1364245833429715
1 0.591539222288013 0.7126906835098838 0.17035534946188075 0.1179967617048682
1 0.5981402868037057 0.8043294938170282 0.16374147642635145 0.10956410088581663
1 0.6025431505336101 0.8988607438170282 0.17882282092583351 0.13283446272868282