1 0.6923684680022678 0.4421739625330125 0.16913956220555554 0.10312354195220053
1 0.21821806852064735 0.4153351156156064 0.14162015494824057 0.090638952503779
1 0.2105996410937953 0.523709057737216 0.14734247464666642 0.12050846302712266
1 0.7379235587187026 0.5808493256589573 0.1418347684261109 0.11086044724210709
1 0.19515844321458203 0.6759317103962867 0.200271985014259 0.13913663666229378
1 0.7987031082475913 0.7336249861399488 0.1347057736099071 0.11821792093374803
1 0.8747071165889334 0.9005009439759867 0.13798659849212952 0.15571792093374803
1 0.17843770933161873 0.8490661025320139 0.19673688190398125 0.13426712613895014
1 0.26516496168717574 0.10793911554501916 0.08732363421305545 0.056385778868608
1 0.27343608294074045 0.14028888396087064 0.05871061866166656 0.03140118942018657
1 0.5330742145618979 0.20282449424421797 0.09669863421305536 0.05693181043863911
1 0.2674102583413423 0.17802410239083954 0.11333933006601846 0.051682868317029486
1 0.584821933741944 0.2345974099868812 0.09085873732333312 0.061255289391951705
0 0.2545971915176385 0.2270230445124492 0.10429652073518518 0.037165342008670166
1 0.5788056710652774 0.2902103731551783 0.10329994872768503 0.07907982622365459
0 0.25105181795499953 0.2664572708349259 0.10470662384546285 0.04185284200867016
1 0.642047256315092 0.3467480704678726 0.12544835080120365 0.08347889988706055
1 0.222516006315092 0.3223131577089811 0.13665925287472208 0.08724093671876343