1 0.19179888635011597 0.1241374140974922 0.08752385771838496 0.12384213085243409
1 0.2287922089737983 0.1710426589784195 0.10828202669174569 0.1367951535143519
1 0.26769820007654965 0.20919911365458388 0.13130303262324478 0.16709071638103265
1 0.32286851973448244 0.2683063760783563 0.16290054250907654 0.21691148027152787
1 0.40016850737719273 0.31899307563544804 0.16564354053191016 0.20784656068105364
0 0.43232047969686394 0.44652211072113823 0.17629188045579797 0.24002680190963108
1 0.6637402815602995 0.5721747495971763 0.18544138737588015 0.2736145029334457
0 0.5404911239556454 0.5416092159782089 0.17830004942915884 0.25111934211439396
1 0.7483925127772192 0.652477478028072 0.17373988342154761 0.2537792215001053
1 0.8154898294694025 0.7244069188137411 0.17944605536065775 0.279244342114394
1 0.8532644020930846 0.771234643592287 0.10572471247102015 0.2267999926953003
1 0.03768575342286006 0.8111348830380611 0.07537150684572012 0.12773023392387764