1 0.3997316241908687 0.32115543161656124 0.2241659772718286 0.15980405273249348
0 0.46374530560261257 0.22639328648064755 0.17243983603812651 0.1437932517453647
1 0.3169529371003773 0.8657626709012597 0.1677796095770768 0.14475249711017132
1 0.5013737650175336 0.12489333427749719 0.2132557508107789 0.1599589585837086
1 0.3462955637235828 0.8370426006508996 0.13781937418757337 0.12530688442061227
1 0.3580649066615681 0.7879787565021148 0.14412392126547413 0.12923622393420367
1 0.5452794979714051 0.04549079409511676 0.17860801542127547 0.09098158819023353
1 0.4194933303626742 0.7520114462445989 0.21517280681713338 0.1804725434621064
1 0.4888257573101912 0.6651392540342929 0.27314894805083545 0.19728768396282667
1 0.5513451225693109 0.5666719437767771 0.26380122158978575 0.19764367469243957
0 0.6271554204579906 0.4212834544920785 0.30149213636243816 0.2134072117739878
1 0.7047736801972231 0.26163138032898214 0.35055692775829606 0.2555783430043208
1 0.7914123839301015 0.12486249346921659 0.3880023806803951 0.24972498693843317
0 0.12092873985702557 0.4404417475321781 0.039635244317957154 0.03783962195994608
0 0.11147587338008984 0.49076646436336624 0.04125229139585782 0.04116570683834375
0 0.13381056940233033 0.41695806850499534 0.04276024431795715 0.03824179171674178
0 0.15799413758354935 0.32654233776822666 0.046021612012708865 0.046456461473537394
0 0.15158445048976263 0.3811523848426191 0.03968979139585782 0.04096462195994608
0 0.17976972605730784 0.28476519190985583 0.06011138555165916 0.04982872537911796
0 0.22824022808590275 0.18732639555792052 0.050763659090609536 0.050184716108730945
0 0.15542074229265754 0.5186292953290277 0.056822744317957155 0.04005155562232225
0 0.14770765381889905 0.558596677281818 0.06326365909060953 0.051793395135913654
0 0.18600431493810343 0.4188154750786676 0.05695911201270887 0.04786405562232225
0 0.22747084050564864 0.3207190606795227 0.06965002678536118 0.060410234649505054
0 0.25279416883313743 0.2543209950643561 0.08541139448011296 0.07023358343348338
1 0.28286922686808674 0.138982717253195 0.09955571509696393 0.07673084733906403
0 0.2787351059269242 0.1971973870099907 0.09950116801906325 0.07360584733906403
1 0.3215556258124265 0.06618793017164681 0.11238299756436802 0.09708952636624675
1 0.20288825731019125 0.7019377867810979 0.1237023271096728 0.12037212051503161
1 0.20828882346281538 0.7051402397067055 0.14757620373287822 0.14838839369099918
1 0.26211502719569363 0.5688169387195766 0.16021257142762993 0.157809572718182
0 0.2591109837712409 0.6962612311587756 0.09308752678536117 0.06342650782547263
1 0.3302082824706994 0.41896512382686735 0.17723643019392785 0.1506465063805582
0 0.2787337370176518 0.6438482126180014 0.11507162094116259 0.07249169612304236
0 0.31959233644845886 0.49126538309725437 0.13105117694751697 0.09481504490702086