0 0.6730638764838438 0.6467628420989501 0.10976456220555537 0.09493178668045381
0 0.6930852676241219 0.8112253314369499 0.08597574769092589 0.07280224801081765
0 0.7092577803007887 0.8677207794398132 0.07917894354388863 0.06647952267663584
0 0.5450645985386121 0.5365691347469509 0.17195149538185142 0.1456044960216353
0 0.6233981927418998 0.8479526247612684 0.09691324769092571 0.07292951734563573
0 0.5891591852490292 0.7834265007558595 0.11425657257314796 0.11059314934754472
0 0.4358939415641213 0.4703890567313607 0.19845520678620338 0.1630828973583625
0 0.50699123421227 0.7840344807447236 0.1591001808672221 0.12360222668681722
0 0.34313909651236185 0.3864129513844522 0.20566211404351814 0.17409312269254434
1 0.26031561753037086 0.2783090027052709 0.22454881508027746 0.17587379869508962
1 0.17245332403375038 0.19204369135899882 0.18505708812453675 0.13483062802354437
0 0.38383669820851996 0.7614862240610881 0.20464641819055523 0.18032494135899882
1 0.2565510282745384 0.7146464920432708 0.24990012959490704 0.19802151869827114
0 0.11231247971229216 0.6251192733529536 0.22462495942458433 0.2232215133672712
0 0.06701396833157446 0.493950542011454 0.1340279366631489 0.194151084022908
0 0.02393720306300954 0.37698976133831796 0.04787440612601908 0.16960452267663592
1 0.8415075374643525 0.33043041211804003 0.05763613421305536 0.05218066534054513
1 0.818157511828195 0.2934025794477675 0.0759172425071295 0.06488066000954493
1 0.8743118926008805 0.47392642079085795 0.08706935598499968 0.08530224801081765
1 0.7901199861920375 0.25632020277685863 0.06613213939685174 0.06008407200827239
1 0.7590941615926393 0.21763896343885877 0.06572203628657398 0.055396572008272395
0 0.8288134648912046 0.4397690494509492 0.06613213939685174 0.06008407200827222
0 0.8092623825161119 0.41295201078131294 0.06062443317629622 0.050654528007635945
1 0.7933537099902322 0.37131849411199486 0.10208876324231468 0.09640338001272672
0 0.7159394838829634 0.18350886409926817 0.050097036286573984 0.05521475867281791
1 0.6785953087651855 0.1455361494270866 0.08597574769092589 0.0728022480108177
0 0.7458922410930098 0.3238435101049951 0.08115154665416639 0.07118520401018139
1 0.7204424732325468 0.27506056476763174 0.09162015494824054 0.08379429201145401
1 0.6394152315738891 0.11067025342135958 0.07265554147037037 0.06328179734245412
1 0.6737328600375004 0.21899183076063206 0.1029677580585183 0.08860906134627208
0 0.5788973966068983 0.08728675007954179 0.04914012902925933 0.04427725867281791
1 0.7733468404800938 0.626814516112313 0.11744036116879605 0.09346019334818116
0 0.7974295979729643 0.6912224614496765 0.0727922425071295 0.06484429734245403
0 0.6031954761072689 0.19392764875076887 0.08964755183796277 0.0790886106779086
1 0.5663687108387039 0.14110209341181457 0.08597574769092589 0.0728022480108177
1 0.5104501929782409 0.09196461207031495 0.09943265494824054 0.08388519867918125
0 0.742556878792918 0.719519636775904 0.07054623732333312 0.05701361600890884
1 0.6632971886893991 0.5528037567631774 0.14007677879370348 0.12025905068427196