1 0.6548172007069103 0.26054899140511434 0.11614906405973216 0.16157266508343388
1 0.7491690436765394 0.6549850661449151 0.14198223585674546 0.15515224672063965
0 0.7126802034102777 0.6888344436891065 0.11064819176360441 0.11930327792830404
1 0.650682044924325 0.7742120217082678 0.26431705532422234 0.23308689620024126
1 0.5283288450496085 0.31300452679665036 0.20196292096481977 0.23137390999505128
1 0.546225666180463 0.8628064529613606 0.21062839226271884 0.174298394391219
1 0.38991284068185356 0.3376249892574078 0.22640168094811522 0.2932940558566083
1 0.4711131343583929 0.9447879568065479 0.22260675124778576 0.11042408638690411
1 0.2590287163057464 0.3929598631835545 0.24631860607289377 0.30677670171816535
1 0.3797600176778058 0.992866930687266 0.22718798460895986 0.014266138625468017
0 0.13349959858516966 0.48900162426483096 0.20806947836902148 0.34675324852966194
1 0.832998968593522 0.4953411504956545 0.09658569176360458 0.11856629353213641
1 0.7185669584024303 0.25222855834299907 0.09510723585674548 0.15269563206674713
1 0.7756252770377134 0.5553059707128994 0.10660597587345003 0.09265889077317446
0 0.5893800883940781 0.275777843734535 0.0608138569050876 0.06849105042954129