0 0.6480725127687673 0.5338895614934505 0.09228205044290831 0.09154563292801435
0 0.7966419736568179 0.6252705193885878 0.08353930921433098 0.0810726576569019
1 0.14221392908080094 0.25921457574758355 0.08804757310482607 0.1109797527111243
0 0.27749609099266614 0.34080667815471866 0.10133487208101162 0.10514360819912669
0 0.6032432803116123 0.5466006975023319 0.09883003290006317 0.11095441809068163
1 0.20030133222124355 0.3204519254435943 0.11803305556198093 0.13368246368712908
1 0.5186175730759117 0.513319421992984 0.19222156068105373 0.18262674112714095
0 0.09621584611173879 0.27572216422935397 0.07026410819051629 0.071503397223122
1 0.7567569974115493 0.6679858806685818 0.2032899049810748 0.21653721639825338
0 0.12307139618073777 0.35633450542224865 0.09586007310482607 0.11207772798223674
1 0.05701477795348794 0.3377491804551255 0.11402955590697587 0.14662165379557415
0 0.42845276130204446 0.5917442291734146 0.16909414109057952 0.18245781531380362
0 0.6831595248186304 0.7550762334454599 0.13506551535721806 0.13453550928357655
1 0.3195670778210751 0.6033742654862856 0.28663788013353 0.3422635888924878
0 0.6174097294947949 0.7870272288036716 0.14069535453816648 0.1291638895004663
0 0.1657092196305588 0.6451225328622605 0.19766006580012635 0.22190883618136342
1 0.5520184063899688 0.8578041259858192 0.31133989767637504 0.2843917480283616
1 0.062448908978419496 0.5878589779822369 0.12489781795683899 0.22884295596447365
0 0.3555854476875452 0.897440926984028 0.24186308846204413 0.2051181460319441
0 0.4786577759403584 0.25342497724275076 0.04699374634765015 0.05436656646400717
1 0.5341628197974712 0.30875438683031653 0.13006793494769225 0.130751724120909
1 0.38631523573559545 0.24203136904362405 0.09961733187624863 0.1033615131449042
0 0.4256284429712962 0.2689443879805199 0.04840120614288725 0.05302366151822966
0 0.46871705590697593 0.32965808466141705 0.08666430921433096 0.08151184776534688
1 0.7042026498330876 0.48712015075568116 0.15974333699532134 0.15032943509691385
0 0.4070758260093573 0.3202028300196288 0.07555967105719712 0.09381758733156698
1 0.3435559667260275 0.30573068279650684 0.12241047515245515 0.13121624884979655
1 0.2296182620498631 0.24852625620270913 0.09586007310482607 0.11207772798223674