1 0.8478623836490596 0.3661459437236993 0.08714879788366652 0.13236112141421189
0 0.9266090080450857 0.42420646958441494 0.06336061151914833 0.10815972958158002
0 0.14680980880369002 0.42424108656782167 0.0416134151526907 0.03261409255827132
1 0.9753103609151743 0.4367089587846418 0.049379278169651285 0.1619940577118811
0 0.19124533501648716 0.4437103383819202 0.05471919303247783 0.059558538474587405
0 0.23982622729036057 0.4757887176006804 0.07267196757828502 0.06953373920022674
0 0.29054357547358944 0.5149529105217715 0.06705969636645773 0.07712798439090349
0 0.3683814041119809 0.5714236545313217 0.08354556576151388 0.1073065577118811
0 0.4575872963858544 0.6049206900106843 0.08867934697528082 0.15111112141421187
1 0.5613180742656414 0.6350298306621898 0.16489064485894733 0.283090296912108
0 0.20696515623801282 0.6935466472749277 0.09100737939699588 0.08419643992586626
0 0.7223031138143582 0.7271231053417792 0.1275184484924896 0.2069990228654909
0 0.2575706762418921 0.7981448672378606 0.13217425546001177 0.14951390507947587
0 0.8549080618478058 0.815109233379413 0.127741589099373 0.22881945916315977
0 0.9564321704677704 0.8640874251193777 0.08713565906445915 0.2621775961864685
0 0.36372469457878154 0.8961136304847045 0.144068219704317 0.19978672359113014
0 0.4917220198831931 0.9288765120657174 0.13293953000581915 0.14224697586856508
0 0.6659725918536248 0.9518130316194974 0.12962334030732095 0.0963739367610053
0 0.8189380951876046 0.9740179030337093 0.1229270590935542 0.05196419393258154
1 0.4339915890993731 0.23951394482000765 0.08695760818516848 0.09184524881887368
0 0.3796547754638911 0.2609871515360968 0.04588632697140156 0.046785719962933035
1 0.5428722525850739 0.26590780842967127 0.07219347758022465 0.12093254809323425
1 0.6124672754638911 0.26911714318339436 0.07439370636839726 0.12879961179556504
0 0.6989626269810998 0.32666923755576427 0.06492311151914834 0.10821429328391083
0 0.7672023150126078 0.3609921630536602 0.06572033697334127 0.0988938569862416
1 0.07699177425594313 0.3610391929210911 0.10009533697334119 0.10009425843752054
0 0.125683463205535 0.6330605258607156 0.07187474212409221 0.07885417549789597
0 0.08556877517402703 0.599719747004775 0.05369882697140151 0.04705853847458741
0 0.06168499396026004 0.555260418874474 0.03482128121376698 0.04484127404661713
0 0.04749507714057939 0.515034722958158 0.01387105242559431 0.036319445916316084