0 0.29555997435007564 0.5165378833099424 0.10721120248167448 0.10836577792830404
1 0.2863710086268494 0.6030928589996829 0.15550659084927698 0.13113489258219674
1 0.4810264888521353 0.17419101028830697 0.15725476114786474 0.15613489258219668
0 0.3540776786733356 0.6552562245580867 0.12083665990702759 0.10285276232447202
1 0.3495215826282784 0.7428381117132166 0.20623856436617344 0.166485894391219
1 0.44781198113533965 0.8734473818396044 0.21070754307885 0.16360655585660816
1 0.6900515636098689 0.1004613404551747 0.16760239926336595 0.10374687697836445
1 0.6470671160718728 0.31148737166283913 0.2756219849168627 0.26819888059640906
0 0.49025657122831207 0.9563196783124169 0.16099176634364482 0.0873606433751661
1 0.5071655657804304 0.9937377911572872 0.20105975544788174 0.012524417685425605
0 0.8107411220239576 0.13501448213286021 0.1437278566887188 0.09626856965141818
0 0.7749957380958306 0.41071716700399785 0.25010853268729 0.2372830732694627
0 0.8692488466261349 0.5654223563976912 0.20424972946898104 0.22709584577069997
0 0.2523394880958305 0.3833259136130958 0.06454310124083733 0.05475609905006031
1 0.25516420331485373 0.4438506558111797 0.13305243664223268 0.14396908525525037
0 0.5474056056803127 0.2341259322691458 0.10899222376899793 0.11157266508343389
0 0.8785806519381305 0.7235181394143779 0.1556701178365838 0.24478795680654813