1 0.2659861691653826 0.8528651607868589 0.17249455547083342 0.1156682517453647
1 0.4868661799958682 0.1693675623033309 0.22685735999173634 0.2426165527324935
1 0.3364616701153132 0.8354520227539608 0.1886650693385418 0.1411166005293431
0 0.44227525902114645 0.8303757944850141 0.21679006933854178 0.14473612834050434
0 0.5446729071975354 0.8123973964592714 0.27187761284152784 0.16896159908442882
1 0.6936182470532992 0.7863890447854642 0.3456073599917362 0.2578990034907294
0 0.789891222167674 0.6725954345637272 0.32420513867708356 0.27539631519315966
1 0.872277656344514 0.5368031923891998 0.2554446873109719 0.27753225957083744
1 0.07406750683694498 0.6388912253791179 0.10098323138263898 0.12204334733906404
1 0.12452014209555602 0.5643775688054457 0.09462412860909733 0.11655150782547263
0 0.19023475465274348 0.5097429685765529 0.09422408510611122 0.09936400782547264
0 0.2500078385245837 0.43409207127326754 0.142262848023889 0.15539655417740791
1 0.17012815529767428 0.8171614832045906 0.0844126740119445 0.0794074985550857
1 0.33041942429628496 0.3081313622675521 0.20363806553881963 0.24897527955652582