0 0.415625 0.23473127422203785 0.0984375 0.09298716531583313
1 0.31484375 0.7169859910930099 0.0953125 0.1349012632423147
0 0.4609375 0.17529819415601938 0.10625 0.09679567049962942
1 0.38046875 0.7159320475491211 0.134375 0.15238128916129606
1 0.5390625 0.08643189231805659 0.1625 0.14546690782296262
1 0.40078125 0.6789986840712507 0.109375 0.15800657257314796
1 0.46328125 0.6352493926008804 0.190625 0.18855252648462936
0 0.625 0.04394354278956071 0.1515625 0.08788708557912142
0 0.6828125 0.010149876460602425 0.16875 0.02029975292120485
0 0.5625 0.5781313767666678 0.1640625 0.15497860885972195
1 0.69140625 0.5270097912340291 0.290625 0.29573889283722166
0 0.8734375 0.32592787045157573 0.253125 0.24245806795499947
1 0.9203125 0.19135808934879808 0.159375 0.22956850574944415
1 0.134375 0.6319937108387039 0.0796875 0.07415925287472191
1 0.24140625 0.43981718982069484 0.1 0.1212488663525924
1 0.3046875 0.354593297831945 0.11875 0.12132677879370349
1 0.2140625 0.7375219579639818 0.075 0.08156164976444416
0 0.365625 0.281293207398334 0.0984375 0.09611216531583314