0 0.7079073212215257 0.18581911813717855 0.06278678454774678 0.06633452870210088
0 0.6913739122777528 0.07006926351986649 0.0406886439408634 0.04256327537433573
0 0.710632805928752 0.460298688644645 0.06482751666989942 0.09133452870210093
0 0.7209637544212416 0.6640071512070344 0.05105205909355419 0.07454260357732227
0 0.6814246984924897 0.14105916992583972 0.06007637272903601 0.05212616306150357
0 0.6590239268216204 0.03058027787091694 0.05175368969849785 0.04514683485851696
0 0.64760793682356 0.08360143427689017 0.05551641848667064 0.053251066139711624
0 0.6622114103208988 0.4167996094016687 0.08683006242753386 0.09493914767046334
0 0.6762093638143581 0.6461434563234606 0.05742960485118864 0.0766885661397115
0 0.5969703369733412 0.0418836534948098 0.0747446506088231 0.07985558818628215
0 0.629254744419302 0.6206131270804843 0.09869233363936125 0.088293572795242
0 0.5940674460765936 0.3727801006661589 0.08565019970043757 0.09948078202986607
0 0.5546713956078533 0.014421712250695301 0.06734673879011233 0.028843424501390602
0 0.5787128683562861 0.5607807306578068 0.1076207945496865 0.12168953535763123
0 0.5197214081948669 0.3010002560321424 0.12197033697334128 0.1075231917636044
0 0.48674876683907736 0.5142617065312567 0.12452125212603189 0.1387731917636046
0 0.44917005000969834 0.21784531447633393 0.14339879788366652 0.1420860794507723
0 0.37125157047261964 0.44947230137306915 0.16970620636839726 0.14144079534092685
0 0.2784585504687403 0.3542240459653246 0.21406198424818443 0.17194166763705443
1 0.904080432740674 0.27456524126549997 0.051084010001939364 0.05593846921791963
1 0.8990743262224955 0.19395062562490265 0.05098841515269079 0.03577183485851694
1 0.8880731822816321 0.15561745382788925 0.0328761439408634 0.0418339471713491
1 0.8865741972845417 0.2336905320308759 0.05446410151720897 0.05935520049911425
1 0.8367020009180839 0.16277476996760085 0.042378689698497854 0.04427164101493304
0 0.8298936336490597 0.26259799355327546 0.03976387272903601 0.05022990973373833
0 0.8092939622874511 0.31883809380283257 0.04913887272903601 0.05110510357732227
0 0.8017049897081963 0.22586934380283258 0.050350686364518185 0.027959334858516982
0 0.8096916724488704 0.5840885299508964 0.04668355242559423 0.04002173793672501
0 0.7776936627367947 0.18245309713059774 0.02598841515269079 0.03343798460895982
0 0.7783151581948669 0.2768594925132857 0.0659437354561323 0.048022125623892895
0 0.7547824501594795 0.14287016763806426 0.04250623545613248 0.045834141014933036
1 0.7870669865433941 0.6830266599425442 0.11830320303441741 0.11958559484181244
0 0.7561851956175516 0.2372036302004535 0.06058655575957417 0.058376163061503575
0 0.767950711538545 0.5549226709658294 0.08233401000193971 0.05885578202986608
0 0.7218425333397989 0.10579786480941338 0.03976387272903601 0.050229909733738407
0 0.7411492244154226 0.5062564727544906 0.07018469636645772 0.08098049126449017
0 0.18152029334173855 0.20819454055757988 0.2398589518264695 0.24102542096481966
0 0.34577436985409815 0.11807643573247187 0.23813721303635713 0.1819421522460143