1 0.7662300245690865 0.36214906353999143 0.16191014708132662 0.1494042695960413
1 0.9398270833898937 0.7750318452767336 0.12034583322021249 0.14090980799670091
1 0.6882899020136547 0.32283416244463475 0.1831777451232041 0.16713733887551357
1 0.8982390932576347 0.754520768475414 0.15272441178575705 0.13980194906292773
0 0.5286311274630788 0.06307638070789255 0.0894189706034794 0.10061977711788869
1 0.8362364462009889 0.770447296846944 0.1859242157143431 0.1858873388755134
1 0.5853695833806384 0.2897381691085523 0.217213823559174 0.19768865690134446
0 0.46155806373770963 0.06581258729266784 0.09612671570200249 0.10392663354437941
0 0.38308975491381725 0.0657420426238019 0.11335382354683361 0.11531877461060622
1 0.7330762256160203 0.7946326060972864 0.2698898529803756 0.2598991518867795
0 0.4448744363178223 0.26793502843803696 0.23123671571434304 0.1872057979675712
0 0.29284767158254066 0.08170567491454009 0.12783446080052574 0.10796091567683304
0 0.650417769735482 0.808806417854911 0.19484147061581983 0.1830351235152495
0 0.31870588238923664 0.22610053259467203 0.25352985296803504 0.18007525956691148
0 0.20048406865769713 0.1903114482715051 0.27338460786951185 0.1775412929530063
1 0.5259349266012519 0.8320429925446596 0.3567120098523155 0.32154735721791355
0 0.31657534326380493 0.8114590225655421 0.2908889706281602 0.26517768527287444
0 0.8579597794705632 0.35634168124925325 0.10900524511086367 0.08563127461060623
1 0.8218990686762078 0.2922708210618388 0.11971387256160212 0.08438702335696498
1 0.8851978677156573 0.4191000940230924 0.11479750001234024 0.082688131037097
0 0.7707107108252066 0.24276256604727386 0.11433975491381716 0.079563131037097
1 0.741054044150313 0.19027406353999143 0.12306774511086349 0.08604045157021037
1 0.9784417402525782 0.756003048958515 0.04311651949484343 0.10727895407749273
1 0.6624977451170337 0.10390230601814403 0.13427372550495634 0.09881323620994645
0 0.6843023039470963 0.14563516495191725 0.10827901961824793 0.07005173871722895
1 0.9624239216226471 0.7187220093042141 0.07515215675470585 0.09436977711788863