1 0.33353586184554523 0.6320566627085846 0.1557987239342035 0.1493935696514182
1 0.17191006736053127 0.2022286425821967 0.13155688442061222 0.14191526232447185
1 0.4095792808798837 0.6802728346894235 0.1785242424749777 0.16920810266810485
1 0.22112063297569778 0.22886306365852435 0.1485432995422144 0.14125352103089917
0 0.5575476724035113 0.9519082776453907 0.08630693221746188 0.09618344470921869
1 0.285237496387714 0.22058357417397395 0.18113834589414957 0.18952060266810494
1 0.5123631952790287 0.7252345318850331 0.21203235516453667 0.2004514586155702
0 0.6256169648427103 0.9535869643255506 0.09432051709585973 0.09282607134889886
0 0.7043452194779037 0.9550592721047526 0.10979061124464451 0.08988145579049486
1 0.39005681272533776 0.20900534430036194 0.26206216542205246 0.26359991180407355
0 0.6522218504077866 0.7628274643813213 0.22781226101575172 0.19041471732199752
0 0.7952256677683179 0.9549469470820382 0.12244551709585956 0.0901061058359236
0 0.47410709589414957 0.20487444425493342 0.18834759125895606 0.1852425384437537
0 0.7774065665165175 0.8190508881711824 0.2500432517453648 0.18226802464894395
0 0.8794485548390869 0.8670933197629598 0.24110289032182627 0.1787269448207603
1 0.5994169075965798 0.18971419097557304 0.34570881519315966 0.3347179952503016
0 0.8101138644349237 0.24110735187513543 0.28297792005724604 0.2693519448207603
0 0.2403660269671474 0.6256218769783644 0.10753249855508562 0.08788950361804453
1 0.2741132191774535 0.6949008214604404 0.11630424391989216 0.08369332654882307
1 0.21659708939203481 0.561521755427067 0.11317924391989206 0.08352955223856355
0 0.3229365201645823 0.7486742746489438 0.11454065904149421 0.08204893939369332
1 0.3511687833477056 0.8052485012431955 0.12119282879828983 0.08550148801421224
1 0.10985841614450968 0.21449626922187687 0.10273627173105324 0.11091756784239584
1 0.42543224873397933 0.8999302374483855 0.13061400782547264 0.09841092378986112
0 0.4056388296996409 0.8546620030522177 0.10688306489270935 0.07078389077317446
1 0.1484792881044557 0.25531934305716647 0.08550259270387048 0.09759869629109837