0 0.24679181047387658 0.422575050638158 0.05095457386326192 0.06053166183790761
0 0.20424975446752214 0.4478185621888926 0.07321140340856666 0.08496348264199227
0 0.2767969103117208 0.445576264518183 0.05898526217486459 0.07394481212508061
0 0.3427355560096497 0.41993705210592924 0.07480117694751698 0.0867086126994268
0 0.40831964570122425 0.41461033969367544 0.0907261858759707 0.10572241327377299
0 0.48882930600964974 0.4028611417357929 0.12411143019392804 0.14237014447989987
0 0.5842099898570255 0.38781445823228144 0.11769778896022594 0.13226462425016142
1 0.6807810267886565 0.34923895970005275 0.1659637394466932 0.2174310259731998
0 0.7928991972433519 0.35796459556476057 0.15272735389503395 0.17378248551372283
0 0.8907054517075785 0.33795646697509724 0.12726370373287849 0.14429790459476913
0 0.9478185223244295 0.3266029698787339 0.09148984496658023 0.14947241327377297
1 0.16967988555495447 0.41833398848117137 0.11279210064862308 0.11921673407785746