1 0.2622529213814214 0.38320489197389873 0.14281540765375894 0.14969363342392406
1 0.3164977707987848 0.13064797452530263 0.11187693843583926 0.10096120248167448
1 0.17166025124879553 0.8313803120203851 0.09777241638926873 0.08289961733238052
1 0.29218891909364597 0.45842876709994956 0.1717735794507723 0.1439570856534969
1 0.40208050644773435 0.16572745089219065 0.15696195174690003 0.18483345792955613
1 0.3695104465479611 0.5314617115358524 0.2090238702161482 0.16053258045771682
0 0.45664194030802274 0.2214418553513366 0.1261693481695776 0.13766352698730666
1 0.3941433594016687 0.6550684563400723 0.22410742970032943 0.17245342625067242
1 0.5177970272465192 0.2823354327069604 0.19475368302809457 0.1905807133774378
1 0.48454713789597365 0.7817016481780851 0.2778579143092893 0.19949652749150992
1 0.6443991262482907 0.39184110870553124 0.2999628240430276 0.23674515521545053
0 0.7505218485861794 0.5101372766583305 0.26735801123108127 0.2034192029858776
0 0.7991015796595781 0.6888903433702925 0.25450445840243036 0.23201409654926017
1 0.022382500936091735 0.30858267834435943 0.04476500187218347 0.05058986188449897
1 0.040338322379649995 0.26703431671196204 0.06331337229612768 0.04633940445914586
1 0.02139730210086004 0.39344935124083724 0.04279460420172008 0.05974634059717552
1 0.021834293261452222 0.4367458831718224 0.043668586522904444 0.04735560124083733
1 0.06488092595697231 0.22314220507956456 0.0687302004991143 0.05447968639013112
1 0.022354722753985708 0.47753477413731504 0.044709445507971415 0.050808383171822416
1 0.026281378016071194 0.5203778379992855 0.05256275603214239 0.05269866510280767
1 0.0628994170136665 0.33702438861970413 0.0725845287021009 0.06251070767745456
1 0.02904666378979932 0.561166728964778 0.05809332757959864 0.06919775025210165
1 0.06984662292052543 0.37210958280350537 0.06985510357732232 0.049901447033792935
1 0.0685437319055924 0.411335973768998 0.07258452870210089 0.06251070767745456
1 0.03532091119032989 0.6071729976542115 0.06706385690508751 0.06988616510280768
1 0.07476160960946472 0.4542336679527993 0.07189722254568483 0.07177644703379293
1 0.04371566223031962 0.6604454631253363 0.06379299126449019 0.06810514381548423
1 0.07790640911035043 0.5047799711711078 0.07175135690508752 0.07021394703379294
1 0.0320464109825339 0.7854454631253363 0.05573078202986607 0.0815120799535137
1 0.09623861168944417 0.5611063808260339 0.08141808818628216 0.07399451089576328
1 0.18791295133130803 0.19400064431968728 0.09908520715464464 0.09696211733238061
1 0.19912238311161695 0.14131268689433424 0.09973049126449021 0.07061813861970409
1 0.06399482841179238 0.7633026653549092 0.05495943178030893 0.05662134059717552
1 0.1021227360655513 0.624425835653497 0.08781395382687948 0.07599405347041017
1 0.20503741826145222 0.22114765236545897 0.10118914767046336 0.08624313861970415
1 0.0845768371473022 0.8292225962971587 0.07258452870210089 0.06251070767745474
1 0.11823604326195711 0.6876742346647613 0.10612635690508751 0.07261768119435104
1 0.22177621006681783 0.2608492907330615 0.12041876663882592 0.1093200056999832
1 0.2811029228370031 0.08020557811192838 0.07618914767046334 0.08449496832111633
1 0.13601569405238972 0.766766154963349 0.12506424459225535 0.09256954827463026
1 0.24098360648949554 0.30780070038798757 0.1425236763725643 0.14656863342392407