1 0.4964545527194387 0.8968569873399306 0.13893813103709682 0.11104245776545092
1 0.8045641648854103 0.14500127182314626 0.1560634465556454 0.16351501038216934
0 0.7168739482715051 0.12983056910760574 0.08866534639736087 0.0987552893919517
0 0.6165700713910433 0.11929415848544 0.12408602084968248 0.13669490514873237
1 0.4605113218532616 0.4434736530825939 0.25779108260730743 0.22871434712916777
0 0.4917973919241566 0.11876207941918793 0.16566576708875883 0.17187354195220045
1 0.2986047037482884 0.5129579424039583 0.32496186223247847 0.2856615681193853
1 0.15524847499368236 0.6163167027861277 0.3104969499873647 0.27361659442774455
0 0.3257404829112412 0.14325238715640393 0.19626254922121245 0.20485264192396557
1 0.09504074920857718 0.7205106500988221 0.19008149841715435 0.2464786998023559
0 0.16549565320692775 0.23603766858526068 0.22930236975432586 0.21457625241907446
1 0.8208792058598595 0.6564624165897094 0.10268238229073816 0.09801183674699843
1 0.7742255147144904 0.7051953191781929 0.10098348997087 0.0932333314853265
1 0.728466733835678 0.7499764691358406 0.10902331050398359 0.10150085779368574
1 0.5754350105578553 0.836102226887174 0.12786423871722885 0.10571792093374777