0 0.5190766899964274 0.28778430846996966 0.1296325056999832 0.1237470786730043
1 0.4511514986626177 0.3405690626958888 0.16048902179152655 0.1657656352898515
1 0.9040583413534801 0.17727882925311605 0.14703852698730663 0.1286785577166331
0 0.42260551760415266 0.4387953834669478 0.1315991972858944 0.15187207867300428
1 0.9095794087341332 0.25828249120171215 0.1808411825317336 0.151369966539096
1 0.3717257146379455 0.5102503840168408 0.17684599530842302 0.20005616359827502
1 0.9206233104693385 0.34393377631229516 0.15875337906132286 0.16099366359827502
0 0.16693394385482513 0.6765813720622009 0.08399222376899802 0.11429704301252848
1 0.2892242070963769 0.6472013180215941 0.23140209135348017 0.2926471499939563
1 0.12417264348650807 0.7290822704064782 0.08875613342392401 0.13806299374773356
1 0.9100571510665141 0.45889951583410954 0.17988569786697184 0.1932242977883405
0 0.2847437927498739 0.8082185716976202 0.19992286238870208 0.2195428187447117
1 0.9173613706865753 0.6096408889960964 0.1652772586268494 0.2576152485235458
1 0.21718458817451242 0.8774916886073406 0.18360944753799596 0.23023633970108293
1 0.8913558815823386 0.7500922275973932 0.21728823683532283 0.22735060072916155
1 0.5881330565725034 0.14988554008983865 0.1067741599070274 0.10738542352656766
1 0.5204645913534801 0.21759615699955917 0.13152278763096845 0.12859880404060692
1 0.8738848862739156 0.09466807245095668 0.12330609604505724 0.09981690257019649