0 0.8525174793037188 0.28353081248254064 0.04971935633066593 0.07484688730530316
0 0.8241197439142154 0.2983374585633324 0.03393071509696384 0.06501724623907634
0 0.6272077877457052 0.33950671318218584 0.09009098620028233 0.1509834899708702
1 0.776040754060485 0.32116955331134056 0.098121674511885 0.1637108105039836
0 0.7044288068204286 0.34878843646000857 0.09623189204448082 0.14491534639736087
0 0.852252652194046 0.3882637765891633 0.06564436525911965 0.09248902837152997
0 0.9052549212687694 0.39684080621433443 0.046648903408566866 0.0778809590920578
0 0.09080308888409087 0.6193614169304743 0.10604326866768639 0.170188131037097
0 0.18868148133560889 0.6542569056477031 0.116708033278183 0.15488137978345584
0 0.3390712191607443 0.7258544239901032 0.16640011606989863 0.22816576708875883
0 0.49207348823546776 0.737341156439126 0.16777170129724617 0.2172737311953817
0 0.6488768672943052 0.7997455312080168 0.16152170129724616 0.21709187476889086
0 0.08825123864250485 0.8998983630904082 0.1063978246740408 0.1905006310370972
1 0.8050995937553548 0.805854441870285 0.1743217102256999 0.23464308762187222
0 0.8988632305248301 0.8078010382676457 0.09820349512873605 0.16839831050398352
0 0.9607865320669575 0.7978781204792417 0.05393529788867966 0.13743781551854842
0 0.21503588109402288 0.9313158476510022 0.1337318920444809 0.13736830469799557
1 0.2483305856343847 0.19247597116625165 0.07027731818121907 0.08950042069139799
1 0.31488684009861156 0.1858144456977156 0.07976141233702042 0.09602320533113406
1 0.414064679790186 0.19104516646825584 0.08321369480442446 0.11486413354437941
0 0.4774550239459874 0.18663646278647444 0.056214818181219074 0.08909124373179385
0 0.5531817268680868 0.19196647195767447 0.049501168019063256 0.06234688730530311
1 0.17810781453106633 0.2748505504748537 0.07984323295387145 0.10071070533113406
1 0.6787993356343847 0.2050013325408003 0.0835682508107789 0.13517663354437942
0 0.611311826705931 0.22023387595602503 0.07183981818121907 0.08954588479802066
1 0.24351462621946363 0.2892600429530063 0.09409664772652385 0.11205738229073817
0 0.316979399758414 0.2898343559642723 0.0610386858759707 0.09704013605166181
1 0.536043045456343 0.2782305808914477 0.09181712743398443 0.1604039540774928
0 0.3792748482162864 0.30337167022917955 0.07046823295387146 0.10043792069139794
0 0.46299132914156294 0.298772749933493 0.07701824188232517 0.11780727711788871