1 0.7205256717613413 0.7843323457152558 0.11511770229738456 0.07637485660945113
1 0.7217533307594242 0.6184369922960838 0.1503043930440345 0.10091013905580581
1 0.7016031790044798 0.7106393974248417 0.1563514739629884 0.12631230881260153
1 0.7008117628589762 0.5410388788840678 0.19650975430759593 0.14071443077254742
1 0.7011770085513802 0.4220416149784871 0.20505277453733442 0.14796985516453667
1 0.6946936343012188 0.30551173302569684 0.22747566470963837 0.1554725434621064
1 0.6678064450223401 0.1908147044920785 0.20846186413529216 0.13763560979973022
1 0.6600751011167864 0.08396144985688497 0.19734173407785746 0.13466551565094528
1 0.5538657801212661 0.8985617294134108 0.13853491327377299 0.105551460028623
1 0.49708817176134124 0.8130874833261471 0.20424108379068445 0.1278584400429345
1 0.45161332351628564 0.7293306430900985 0.22278816470963822 0.15486928882691303
1 0.4165483741225377 0.6125140389484696 0.2908685259731998 0.19748876884122452
1 0.4043527383216417 0.4538971994348781 0.3082386560306345 0.2012632025036007
1 0.3674310476068977 0.30084146797565225 0.3085024566049806 0.21668711762520285
1 0.3764103323229132 0.15377356748208781 0.2799310259731998 0.19608117469243952
1 0.3776582875558403 0.05404771436336621 0.2740665751116806 0.10809542872673242