0 0.6419302777520761 0.5555398553286646 0.10305241228577451 0.10470780344607675
0 0.7595553526975343 0.2223418134014164 0.05277862573336147 0.04941153178047299
1 0.5142616501780826 0.8306615966815667 0.12009697003338253 0.08971186413529217
0 0.6503799689116546 0.4703836053286645 0.0833842690095679 0.07769887281429604
0 0.7599066593523288 0.17101267322911254 0.047936085528598585 0.04730114160816919
1 0.5153045887781247 0.7643973914805453 0.13492257310482608 0.11461040459476912
0 0.6432942781259854 0.398427434811753 0.12304273392387763 0.11939936413529217
1 0.5059466191186515 0.6834822108487647 0.17397297515245516 0.1346185259731998
1 0.6528352996950897 0.31023749984047033 0.14945019371911492 0.1209415751116806
1 0.5065656633496736 0.5737013654754397 0.22175402047629084 0.18035716758136894
1 0.6474550511618125 0.22109382932355884 0.16210523392387763 0.12396511557115752
1 0.5123433771711698 0.4676847253031358 0.2320713596572391 0.1753855779834112
0 0.6224781304785247 0.14625616314614925 0.10321955044290831 0.09082793350351145
1 0.48702008222124354 0.3485491689534225 0.23925160088581662 0.18549109821314974
1 0.5015465862475027 0.241974494097009 0.21333345760961003 0.15775164735163055
1 0.4748218804785248 0.12899762271857826 0.25035623904295046 0.17288963867262663
1 0.1476602503160805 0.9411323337587785 0.14992741228577447 0.11018670516911513
0 0.4350908278499895 0.06745135105297448 0.16731834430002107 0.05198865603063443
1 0.06237855444025305 0.8183543135609461 0.1247571088805061 0.24608362712189225
1 0.017578450275995923 0.6969764667517557 0.035156900551991846 0.18145293350351147
1 0.01383217286891474 0.5110491112635616 0.02766434573782948 0.19397322252712304
1 0.7677912810305166 0.776522015698801 0.07838668860004212 0.07402598264199227
1 0.7772850273781667 0.7286324058711047 0.06277378655241321 0.05675731212508062
1 0.7782685928043838 0.6868608957562354 0.06308386696193899 0.05988231212508062
1 0.7856511494591784 0.6363535908423874 0.08776168860004212 0.07512176298659998
0 0.7714748354996841 0.5880682801531721 0.06511148757622749 0.06475244218251533
1 0.80272976788784 0.49609385095725667 0.09306934941909369 0.08191965315890375
0 0.7676873318473343 0.5386263148372817 0.06589878655241285 0.05712257223995003
1 0.635999756901876 0.8701806862476182 0.0865092690095679 0.07806413292916545
1 0.6441514656042996 0.8039570663050529 0.09587217105719699 0.09460228321633828
1 0.798816352323625 0.3842026154116278 0.08587701023814542 0.08725650287173066
0 0.7700299652593048 0.4353694145501086 0.06682902778099056 0.06649757223995004
0 0.6353784794947949 0.7728998408742933 0.08853688962385675 0.08293426298659981
1 0.6561137572757854 0.7152598264199221 0.12461733187624872 0.1041396242501614
1 0.6694895577186936 0.6362115316209433 0.13399233187624873 0.10523540459476913
1 0.5315338358446791 0.9401836776802852 0.13913285453816648 0.11963264463942949
0 0.7697902393879452 0.32627850414806636 0.05995886696193899 0.05951705201021147
0 0.774674005837977 0.27705975414806633 0.057621165938124365 0.05152192195277685
1 0.5303105445471026 0.8760045374282166 0.11493225146672277 0.0999188439055537