1 0.6000972710426494 0.5370027970043045 0.17394716727872267 0.17439916098152394
1 0.6711742719607333 0.3027538631440161 0.12439370636839726 0.1372106917636045
0 0.4462720587551983 0.9170315270377134 0.09779951333591956 0.07735607279524218
1 0.410350663147345 0.9578377513516838 0.12225737939699588 0.08432449729663247
0 0.526771470284045 0.5577096603571263 0.12927265394280313 0.1020025199665909
1 0.34981190481239527 0.976149548668692 0.14413237939699589 0.04770090266261597
1 0.5855238143843879 0.31050211855176074 0.16626221303635713 0.17523233277853745
1 0.45274429679640465 0.6255832549911429 0.19932980455162622 0.18142051123108124
0 0.5239007881715908 0.32285504138876386 0.12295875212603188 0.13862732612300716
1 0.35637960876489666 0.6488625665553036 0.19470620636839736 0.14377464559048397
1 0.4445322815036311 0.3500826249994951 0.21307331121958595 0.21681657071526245
1 0.2701554531551037 0.7407880345254375 0.23877494182452982 0.1897546522460143
1 0.4664859983330101 0.05220757653859912 0.13265300333397984 0.02944021381017501
1 0.3250968842287878 0.39561150041559195 0.29425940940281486 0.26160985274512855
1 0.14301777233518637 0.8112229660979505 0.28603554467037273 0.1964224496669204
1 0.1008622877125489 0.8756798294507723 0.2017245754250978 0.18573465890154459
1 0.1755983703734832 0.4481395035355612 0.3511967407469664 0.3282781347749946
0 0.08960527862869314 0.5357001135606179 0.17921055725738627 0.2557752271212358
1 0.02543146620115916 0.6631885176788156 0.05086293240231832 0.16075203535763122
0 0.8137292074071676 0.5333300913052416 0.05070137272903601 0.05125096921791972
1 0.8003683380121114 0.5619965318210604 0.0754143303053815 0.0690639538268794
1 0.7670617593737198 0.6132042674700099 0.06811201333591974 0.0745846256238929
1 0.737183069675222 0.6513495515798554 0.06603933030538141 0.06818875998329563
1 0.7138094714919931 0.6869532982520902 0.07203423879011232 0.06564722254568486
1 0.6839945546723124 0.7243173323619357 0.08086710485118864 0.07887655074867155
1 0.6449321836102664 0.7592436726281974 0.08568215060882309 0.08087664767046335
1 0.7899401184769723 0.2847146033685165 0.07538237939699588 0.08766808818628213
1 0.6054871752753166 0.7988575128944589 0.09425992515463033 0.09098097587345003
0 0.5537334855768187 0.834960678035942 0.08348192182065048 0.07291828202986608
1 0.7313783193853578 0.29814050748671433 0.10771638939893542 0.14185616971703396
1 0.5214632484536963 0.8831163465051901 0.1095022878817268 0.08775213227942302
0 0.6583877452888942 0.4401079975034188 0.06827151000193972 0.05754299126449016
0 0.6377087124081373 0.49092015827714697 0.07254442182065049 0.07189722254568487