1 0.5986794362773041 0.3693816082194307 0.0992283612399266 0.14570503290006317
0 0.5212856893023663 0.3531133680836668 0.08981699980360816 0.13852479167148574
1 0.6669163518701529 0.4222196071266172 0.10883062021691714 0.1856977741286407
1 0.7484163367448423 0.4732504477742884 0.11030221662612102 0.1702278143334036
1 0.835357800542293 0.5201364291386298 0.1277169756031114 0.2109957565857954
1 0.9107486859827165 0.5947658589672493 0.1244374394987581 0.1841231761762696
0 0.13152076999708434 0.730604526688177 0.22481014422102227 0.2581082492810959
0 0.41842184805952387 0.8966946473024656 0.299791963502863 0.2066107053950687
1 0.23064198770335986 0.18685341010014742 0.08174087939029935 0.09243709064767121
1 0.39342378883482804 0.25141509139548984 0.08986245159900638 0.14633729167148568
1 0.30271243042357165 0.2275790095192412 0.10225336729005097 0.12882761330958897
1 0.4584357104778009 0.2867555098931505 0.114871541958086 0.15038043494769227
0 0.24491811114173084 0.22496752194301362 0.05043633723582168 0.07996128655241304
0 0.3341624183233233 0.26505481361449934 0.06146474082661779 0.09667156798575335