1 0.7256844521286109 0.38327169740562855 0.11595361474138902 0.09323845183499122
1 0.7247772219802429 0.3213066093542246 0.10966724715020852 0.09101905036458077
1 0.540373586818541 0.8415230689179364 0.11024912860909737 0.11601905036458078
1 0.7269768080362846 0.2604512220380259 0.10330814437666688 0.08567464889417024
1 0.4742771145539577 0.7875863781110238 0.150075348023889 0.15293718455464606
1 0.6115895037997221 0.17079056946782945 0.17482077488562506 0.14462729043628814
0 0.5863881756274651 0.24410843895379014 0.15399912860909737 0.12061736065745413
1 0.40291191404086746 0.724481148517502 0.21882665444465293 0.22718637536155875
0 0.5851374129940277 0.0959595128509823 0.11410017401194458 0.08057422646738858
0 0.3546582116279162 0.610550074070417 0.16450152393569456 0.17004021286306994
1 0.30340679578409685 0.49082179888812655 0.2787471683123613 0.25686443933045844
0 0.20095655585208308 0.3500490865749497 0.19796864057694458 0.20161394558272488
0 0.8006233686380202 0.7302568918885675 0.04476829255305574 0.04834831029287336
1 0.8325656592912148 0.6365021738730171 0.055887630508958355 0.05731038786609162
1 0.83409375133118 0.5372013111892159 0.05268989532659703 0.05385693713088635
0 0.8149248708222216 0.5868752194617857 0.049564895326597115 0.053528486395681085
1 0.8374376100886455 0.4944788992406197 0.04771145459715278 0.04086426102807863
1 0.8386929451947566 0.4068967865568185 0.05566942496187508 0.04793538786609166
1 0.8214866081887845 0.43954742019699095 0.055851262917777686 0.05574788786609162
1 0.6340495452154159 0.9218533163416962 0.08168771751493065 0.09431299374773375
1 0.7247888736720134 0.6572839861922377 0.10396276101791671 0.11379964889417024
1 0.8201085589862152 0.2968672440941831 0.08274107123840295 0.0726022191153362
0 0.7157424884134024 0.5748844086190192 0.09393314437666671 0.08468929668855445
1 0.5971677942654854 0.8913494075192332 0.11195709897381949 0.12243327573218324
1 0.7395819915475343 0.4591327010816547 0.11293771751493065 0.09759750109978604
0 0.7118557286297567 0.5063408698324101 0.0986206443766667 0.08518197279136253
1 0.8156314260087146 0.6911099201969909 0.06075696846486105 0.06561556396889952
1 0.7989511126540967 0.768456029204766 0.06242857123840295 0.07046728933650215
1 0.7854510038966314 0.8101109762639449 0.060684233282499986 0.062490563968899605