1 0.3451987000715876 0.4917068452302315 0.05677725867281787 0.05122461323369443
1 0.3362407760582246 0.39409047206824466 0.05514203333863606 0.044810387866091615
1 0.34696064739813337 0.4414605071788277 0.04736589600572696 0.04711426102807863
0 0.33225216271481595 0.3202001728034499 0.03948067067154524 0.040043134190065464
1 0.32413912336886197 0.2279704369576617 0.06473520934118149 0.06454574007170741
0 0.33091638204167995 0.2726260354872513 0.03637385200509069 0.0412771834548602
0 0.3612964147437692 0.5306895915542054 0.039535214672181594 0.04473063419006547
1 0.39662757678226745 0.8109167215183517 0.04729317067154515 0.04086426102807863
0 0.369672536083678 0.5783059647161923 0.05049089600572696 0.04744271176328389
0 0.3428174927195885 0.35428895791403286 0.04264203333863614 0.04349658492527073
1 0.386279328095132 0.6610387110401661 0.0551965773392725 0.04949788786609162
0 0.381100932089405 0.619343887142974 0.053652258672817955 0.05089616249848898
0 0.32211245202099903 0.12102129964146302 0.04106135200509069 0.0417698595576681
0 0.3311607353596352 0.1591805601196486 0.036282945337363516 0.03346468345486024
0 0.3369749306969986 0.18829327133303944 0.034647720003181705 0.02705045808725761
1 0.404121356102768 0.7154822319965373 0.059974984006999674 0.05780306396889952
1 0.32345622867599955 0.034837461590059085 0.05684998400699968 0.057474613233694294
1 0.41498667811104034 0.7753522671071202 0.05205339600572696 0.04760693713088635
0 0.4434414646721816 0.011011582450752266 0.05683180267345413 0.022023164901504532
1 0.4900106660566338 0.36619552335938665 0.14022610534690844 0.11461605771663308
0 0.454888042011454 0.03666753071143904 0.03951703333863606 0.04316813419006549
0 0.4685243753580443 0.1330099777706181 0.05850339067472685 0.06545133860129693
0 0.46479030068427196 0.08099467850582334 0.052144302673454136 0.05541943713088644
1 0.5365793200986319 0.6710543257503147 0.13230451734563572 0.10441993087862009
1 0.5475991834420404 0.7442056108608976 0.10877611067790856 0.09414405036458078
0 0.4854851560311804 0.17894186141079058 0.07885225334181775 0.07071126838013102
0 0.5175822300684059 0.4501224421101421 0.107268154678545 0.09866732499697797
0 0.49566013470717996 0.24670650920517487 0.0977840666772721 0.08830697279136243
0 0.5387952534213596 0.5926008750151094 0.09776588534372692 0.08674447279136235
0 0.5049084127148159 0.30205326968336044 0.10243520401018139 0.08567464889417024
0 0.5372231154121327 0.5247142376989107 0.09311474801081765 0.08937679668855444
0 0.9246622174569943 0.8148656599524676 0.11822383601209055 0.10137940257019658
0 0.829924404678545 0.028248508466947753 0.10274428668045407 0.05649701693389551
0 0.9166855381126311 0.7343546741066793 0.10734088001272682 0.10491732499697796
0 0.9125503794159506 0.513425149474282 0.1266545013526354 0.15532552940820957
0 0.9264412514321773 0.6316425965334611 0.11386360001590816 0.1290117264673885
0 0.8701141473583626 0.09314780829674488 0.14840223201781733 0.14668718455464622
0 0.8856947887094071 0.22213852998832131 0.13761018268618094 0.1580376069814279
0 0.916310084062679 0.3659753606876729 0.1300158586887264 0.17596648014341482