1 0.21280164981647337 0.17651534726514492 0.1416708314853265 0.10953398091420459
1 0.5205543806947501 0.8916150913460911 0.15662797355046648 0.15274184697528098
0 0.5996657570454618 0.8482639619490954 0.08974431043863902 0.09907497091226496
0 0.6832903281486189 0.7880601724003787 0.12464993145709151 0.1376909318225902
1 0.5676759495200072 0.46074798649490256 0.2604501945406842 0.22652977546389116
0 0.7788310703266983 0.7033347439117683 0.16553253669052861 0.1721295757634536
1 0.6409706943995097 0.3040518342190895 0.3290783681758551 0.28344919728454165
1 0.6878093550922626 0.1295687800661621 0.3484808155591367 0.2591375601323242
0 0.8866674151779659 0.57364763072563 0.1969491366622936 0.2042404451585096
1 0.6940299920369051 0.050128448323311724 0.32243498407381016 0.10025689664662345
0 0.9126196392931296 0.40296859784487304 0.1747607214137407 0.20982076546195144
1 0.14015716524855307 0.5600131156020344 0.10371580517696724 0.09866038273097573
1 0.14106794688917132 0.49478672832913073 0.10178928413027984 0.09228283697334128
1 0.1437687416839692 0.4333390452985926 0.1100568104386391 0.10073306576151389
1 0.19712271288594838 0.27120596499321115 0.12898882096198278 0.10538861485312827