0 0.4291532672757466 0.3663873750738292 0.09945738433001132 0.0950702729789592
1 0.3441577035806561 0.3829054441675905 0.11486114126984157 0.14118380937615385
1 0.808661492137319 0.4424816147379128 0.1395607526208938 0.13809838217054296
0 0.31306958744924207 0.4640658065983766 0.0895211798265045 0.10999436613141392
1 0.22777363510520368 0.48527137569213796 0.14442752775932127 0.1897610117201923
1 0.13131204041158942 0.6195078709117761 0.14004041640826922 0.19414812307124443
1 0.9329536860003678 0.6206740707825791 0.07241282541528307 0.15869268198597286
1 0.724450771133258 0.6426132202288687 0.23971904379845022 0.24410615514950235
0 0.0498557934939084 0.6908135695551867 0.0997115869878168 0.14869592072720578
1 0.014008529844960435 0.7234968591915837 0.02801705968992087 0.1992175524363235
0 0.9296808868032468 0.7451932094315271 0.061535882170542774 0.13465440468807693
0 0.6652691309431505 0.7949278894149151 0.211854859653009 0.22209145280546388
0 0.5447191941768157 0.9216396722683655 0.20662713911037328 0.15672065546326905
0 0.5449668368309333 0.28516525832410633 0.04735466378737563 0.05905362739018098
1 0.48789601403654415 0.30661065931155534 0.1319089389258032 0.11582286397194572
0 0.7704920612310804 0.523972644195277 0.10258238433001132 0.0952705320782579
0 0.39527110426356343 0.9625266856866006 0.2343330320782579 0.07494662862679888