1 0.3736457367112026 0.5771805142067548 0.18941239745537003 0.14995690990138827
0 0.4587637390202768 0.5037100121781599 0.19906079952888867 0.15324555113509036
1 0.5095559680022678 0.39562873092857187 0.2132600005656478 0.1550535129856435
0 0.3364251580593038 0.9119333896121443 0.14230366013203694 0.09297052434972919
1 0.5950745114988882 0.30884970536102657 0.2604863150802775 0.17771944561520342
1 0.3846090883608779 0.8813594995962581 0.16685389227157382 0.14176258035608386
1 0.6856906581057866 0.22667635917663032 0.27890412441111073 0.19208195454365712
1 0.5404202994824058 0.8199565750843731 0.25574002648462935 0.19479785145940198
1 0.789119163006759 0.15679846145010654 0.25083791300675884 0.17443080438150135
1 0.6480482888319893 0.726532083202048 0.3297434544771292 0.23821266071216735
0 0.7821998219610172 0.623255304388092 0.3135716503300923 0.23168992532266408
1 0.8525514569276155 0.5002660434310433 0.29489708614476917 0.24012971671852182
1 0.9043149360510181 0.36097567248988066 0.19137012789796373 0.23811147483619663
1 0.1057556076819434 0.5380397422893622 0.06884703628657399 0.05580571509696384
1 0.12407638072620275 0.4970329127440575 0.08101484561740727 0.0700591298696164
1 0.08375276003828584 0.6174505527599436 0.0649797425071295 0.06509889448011279
1 0.09959308204578594 0.5749221335230643 0.06388613421305545 0.05259889448011297
1 0.1526511485866658 0.44802266842610033 0.08937414976444433 0.07644549756436803
1 0.08131055669245238 0.6879130572241705 0.04861244872768504 0.07417388555165907
1 0.18539600659791594 0.384073216721817 0.10718636635259235 0.10171823295387146
1 0.27819051639986064 0.24630838961214424 0.1093544590952776 0.09083528003177213
1 0.3447635702640738 0.17550892005095342 0.11954966531583314 0.10037392126547413
1 0.40519393086722194 0.11498843141503916 0.11615126324231465 0.09719437418757346
1 0.47072189458064795 0.06142092086173233 0.15624858294074043 0.12284184172346466
1 0.24795125254541536 0.678744788556484 0.1508775777569442 0.11964211850553053
1 0.5486616754006018 0.034203855926924175 0.16294835080120365 0.06840771185384835
1 0.3105394354388876 0.6518316866900449 0.16079938190398124 0.1260557597392328