1 0.579429310108579 0.3058035293163077 0.12252513019944367 0.2229180882512642
0 0.6654595424297634 0.3417476714591362 0.11629492970032942 0.17268921570200257
1 0.059846138311565614 0.374205588220413 0.11712810149734285 0.1651055882512642
1 0.7593653078208036 0.35110950967954924 0.12462907071526245 0.2124383333497873
1 0.08485603806200848 0.3952003186083354 0.10214838560718839 0.13671210785717153
1 0.13129344114021652 0.39302164213048807 0.10741934816957768 0.14364872550495625
1 0.8558855434697531 0.3654823528014391 0.1107742579033161 0.17958622550495615
1 0.15970896089901157 0.44356963232136415 0.14635820507466518 0.21408004903944935
1 0.23812448065780667 0.4867937009358698 0.15317186813616876 0.2705589215887109
1 0.32735264579928974 0.5214988479801751 0.15556753993318218 0.2632041666872341
0 0.4613098483783835 0.5558166910958947 0.16673494966692065 0.300286029433542
1 0.6071316665980746 0.5868554900921525 0.19894418760364552 0.3481557353202504
1 0.7353073768726883 0.6335787008556568 0.19477832861857855 0.3860738725739424
0 0.490778342346241 0.0668136028631413 0.029771544093141068 0.03826583333744682
0 0.4425596408071371 0.0715649018902502 0.034750775374335775 0.042077450985231565
0 0.5125593985026571 0.07286995089884843 0.030063275374335775 0.04139083333744682
0 0.5974758390184759 0.07121946068946167 0.0397300066555303 0.04588906863301627
0 0.5457674733778786 0.08033475481509372 0.034459044093141246 0.03895245098523155
0 0.6358609326125026 0.08100821068329145 0.03948029742090622 0.05972269608375469
0 0.7248393885193616 0.10187973027685837 0.04329260357732245 0.05103431373153944
0 0.41254828722981474 0.12065379895306623 0.029959431780308955 0.05678696078818524
0 0.37441290287041207 0.12469867640997487 0.03962616306150357 0.06128519608375469
0 0.5054750151832442 0.1239945097227408 0.03762606613971151 0.056368823534493115
0 0.5958181836524924 0.13850159304167695 0.047876259983295456 0.06711705883006261
0 0.6584949600668178 0.14396156852195227 0.057293282029866076 0.08544892157637048
1 0.7673384193014419 0.14188855379901105 0.061731072795241815 0.09996916667489363
0 0.7123591880202473 0.15302409302316627 0.05675184151404729 0.0961575490271089
1 0.8342440877706903 0.15982872535687084 0.07979376663882584 0.11186176471677096
1 0.2301301505826366 0.2174957107449937 0.10098146048240986 0.12421210785717152
1 0.22556750519994867 0.22509914211814763 0.12460684816957768 0.1461663235468336
1 0.35368139392710624 0.2394675979801751 0.13046127329435625 0.15935294119461832
0 0.22971235316173036 0.27149659309720897 0.05035597587345002 0.0936795588300626
1 0.49156585752948523 0.26473394599737154 0.12283666098152413 0.17672970589904882
0 0.2793996108572504 0.27577698524620764 0.053814729201215175 0.11422093137932414
0 0.42281585752948525 0.2748043381648809 0.07402338560718849 0.13259240197046313