0 0.175 0.1917207338829633 0.0703125 0.08271404665416653
1 0.778125 0.3514541336938904 0.0796875 0.0897842528747221
1 0.70546875 0.37577948190319577 0.1515625 0.17107250056564788
0 0.10703125 0.22657347898199093 0.075 0.10031164976444432
0 0.2359375 0.2770143934493523 0.09375 0.11288956220555538
1 0.921875 0.4670026383120388 0.1234375 0.11548688190398124
1 0.1546875 0.27943534736083364 0.0875 0.1170302580585183
0 0.6484375 0.4323315697449086 0.115625 0.1351158767201849
0 0.071875 0.3577742523090742 0.115625 0.13980337672018503
1 0.83359375 0.5583199968889367 0.165625 0.16917780989648107
1 0.5625 0.5078188767666678 0.1984375 0.24236103166842557
0 0.771875 0.6473134378409273 0.1171875 0.12275257775694434
1 0.41328125 0.5818113257771766 0.2234375 0.2757982482565737
1 0.27265625 0.6433331690855099 0.1953125 0.24521262959490714
1 0.7046875 0.7680353324215755 0.228125 0.25902085136685143
1 0.11796875 0.7060853217246762 0.2078125 0.2791187378889811
1 0.56171875 0.8531997272850473 0.2265625 0.2151341503300923
0 0.396875 0.8957466866631488 0.19375 0.15601342855814765
1 0.51953125 0.08657815527754728 0.071875 0.0719132476909258
0 0.4609375 0.1010794441560194 0.06875 0.08101484561740727
1 0.409375 0.10637182836907484 0.0671875 0.07462814458064802
1 0.5125 0.15438080994296394 0.0796875 0.0850967528747221
0 0.35546875 0.13530676413726922 0.0796875 0.09603425287472209
1 0.44921875 0.17163595193171383 0.08125 0.09773345391148132
1 0.81640625 0.3184174582932886 0.0890625 0.08435445909527761
0 0.38828125 0.2089985423653248 0.0890625 0.09685445909527761
1 0.23359375 0.16862569500449118 0.0734375 0.08611244872768502
1 0.31171875 0.19772814316652837 0.1 0.1259363663525924
1 0.5734375 0.14826821950935293 0.0671875 0.07931564458064803
1 0.63359375 0.15316147959412157 0.0671875 0.07775314458064804
1 0.6640625 0.1286208093773161 0.0640625 0.06810474250712951
1 0.70078125 0.13009583501347358 0.0578125 0.07068293836009247
1 0.72734375 0.12308441738856621 0.0546875 0.06572203628657398
1 0.75859375 0.1226941466533811 0.0359375 0.0484566238454629
1 0.78359375 0.129881930065233 0.0375 0.043905824882222125
1 0.5625 0.08281887676666774 0.0546875 0.06415953628657396
1 0.6046875 0.08537794877416784 0.0515625 0.05919863421305547
1 0.63984375 0.08152092544708457 0.040625 0.05355422695574068
1 0.6734375 0.07780060315676054 0.040625 0.044179226955740655