0 0.8578108114179634 0.7710133174414823 0.11292046677957046 0.09504964889417025
1 0.668118505203804 0.2658520134008753 0.11589511560563573 0.140033698158965
0 0.8497276991705525 0.8425622257140521 0.12136396493399068 0.10055827573218323
1 0.6076316614121872 0.2856812733291679 0.15883377550517785 0.16149105771663308
1 0.828934154876646 0.9380053112043253 0.18662828104191612 0.12398937759134938
1 0.6108617284429022 0.32684118527776396 0.13155010637773845 0.16478500109978594
1 0.5779739535275799 0.38577046303629453 0.22043226443170116 0.19569239631793006
0 0.7774165417064453 0.9854398795874781 0.1689601340614299 0.02912024082504381
0 0.5186137502569211 0.471184846126574 0.18945277735075727 0.16008806506868556
1 0.4285293787816128 0.5572209718648011 0.33743922382895375 0.309656270579703
0 0.37417177727474404 0.805672625911452 0.292577578694047 0.2510273617572401
1 0.36153622283015074 0.9210444371308864 0.2930284335591404 0.1579111257382273
1 0.8867783342307852 0.2996168394976394 0.09206713959816852 0.07745394448293882
1 0.8993529138476222 0.5189041104540106 0.11733745386051417 0.12786214889417025
1 0.8908941223220849 0.6219915926237726 0.1387917884242338 0.12703630404060692
1 0.750856028273547 0.21678333472182723 0.08686880318886914 0.08460954301252839
0 0.876636086333286 0.7106060113745281 0.11355146493399104 0.09973714889417025