1 0.3826625632577089 0.6491144775961256 0.11777068787965277 0.10775212114237398
1 0.3593692272016672 0.5911216356500884 0.10686955547083343 0.10784229211539262
1 0.407409296540209 0.702209486824023 0.10799564437666671 0.08930262483353282
1 0.34823039902941016 0.5166023819589295 0.14607752583555572 0.11935061006889747
1 0.33236770326597265 0.4411516264221912 0.14455139342673623 0.1207027773507571
1 0.3234998899113545 0.363191873653822 0.13844686379145843 0.12611144647819642
1 0.31784799553468773 0.2887177054491725 0.1350672906531946 0.11475328104191611
1 0.5021048539109035 0.7302145237356115 0.15418096656499997 0.13290227365959845
1 0.5303584469007994 0.7992951175272284 0.1448787017473613 0.13476527735075727
1 0.309198387727153 0.2201329526808033 0.12267639342673622 0.11775811929679454
1 0.4720328813619797 0.5830089299439948 0.18746624525034736 0.15763176074054214
0 0.5314637391695145 0.6447578693728078 0.13357752583555574 0.11766794832377592
0 0.5170524810013892 0.4633125320407189 0.17467530452090294 0.14344909899542077
1 0.44997016451263916 0.2748508407663265 0.201637848023889 0.16421225520380398
0 0.5036601685967017 0.3593161110677003 0.17027874525034736 0.1553181008410002
0 0.4478972118153474 0.1857883407663265 0.17638327488562505 0.14990943171356097
1 0.40183721656500015 0.06970439223807691 0.2031276128415279 0.13940878447615382
1 0.3841399170780903 0.0379961390083129 0.20265483415618063 0.0759922780166258
1 0.42721972948277787 0.10549983338400878 0.18441398043270846 0.16033609530426193
1 0.2756865178548617 0.6995649351477986 0.08146951196784728 0.08728946862514952
0 0.2657835345723617 0.6444717650975698 0.08266833605604171 0.07187480134328972
0 0.24650555128986165 0.590640591356182 0.06867857123840278 0.07310680688002816
1 0.23427700180295186 0.5366441703831633 0.08771951196784729 0.0881307994977103
1 0.19657502042031288 0.4320016565413175 0.06526263050895835 0.060186141443747766
0 0.21318194538218793 0.4720858293599156 0.0670797036472223 0.07133397416188796
1 0.19577428020395865 0.36392774018224744 0.0859751740119445 0.08010796677957019
1 0.4095543312094799 0.7606980704649529 0.10359908510611118 0.10117162667911224