1 0.8729537228332642 0.35346901375056844 0.05152743882958362 0.06591589149054773
1 0.759219184364271 0.40045712235821646 0.07870818787965277 0.09263292759490124
1 0.8137066626127781 0.3921815349260031 0.0708229526972918 0.08946247579950324
1 0.8564572070656947 0.3830565198006926 0.07071384992375015 0.08477497579950315
1 0.7202846241437851 0.4392878182016863 0.09814917211208343 0.12242951190385672
1 0.6519346676467712 0.4560753424021831 0.11795383225631965 0.16785109621281205
1 0.572756313923299 0.47748673408912257 0.11646406743868062 0.17096700585373253
1 0.4907439009292712 0.5113799450579029 0.13208906743868062 0.17105790944452864
1 0.4137281124602783 0.5585816771039219 0.11464699430041674 0.16002041549465282
1 0.3361304425323963 0.5807834091499411 0.106652656344514 0.15216246369925485
1 0.2546083388089241 0.6021811652982612 0.13049019984750015 0.16948631908544912