1 0.8609302308656026 0.24709810714740107 0.05475174459225549 0.08985390172303838
0 0.05181605137306918 0.32235185695596547 0.04739664101493304 0.04417614160816914
1 0.10724277932649864 0.3328733598596021 0.08273087895165805 0.09157874275686143
1 0.21274244010022678 0.33676945092533106 0.10518934151404728 0.100385563560946
0 0.8968875303664884 0.2923497256541011 0.04693924459225514 0.08894075143586529
1 0.9383457021635018 0.29523121410336656 0.05137703535763123 0.10336851155073461
1 0.05503378369425356 0.3706574566687924 0.06412674459225536 0.09094968206764609
0 0.7457935380620084 0.321600961167824 0.07544001996659108 0.1293628323548191
1 0.14090825062439777 0.3861201084237368 0.09073126663882589 0.11105926298659981
1 0.8076680534530485 0.3375506288130049 0.059085691763604495 0.119724031780473
1 0.07193824064110221 0.45445412574983857 0.09858578868539643 0.12897728321633845
1 0.685488999376612 0.4461038079770144 0.11604522046570534 0.18356332367581524
0 0.6839994321969106 0.445505188034449 0.10979522046570551 0.18283280344607675
0 0.9049782273300415 0.4374491548500165 0.06954357279524218 0.09931007223994999
1 0.7635818770804843 0.4787032299616971 0.11031686148063838 0.22153004333120765
1 0.839476870424954 0.5100140970325319 0.08264925790331609 0.1734780924696885
1 0.8976108009574773 0.5743099496489954 0.09302551788661191 0.23496348264199227
1 0.3858510328620598 0.10480920529673894 0.04158423793672501 0.04813312137843071
0 0.4627151638936973 0.11746138739629094 0.03416731281194636 0.03490260114869228
1 0.5127670856907107 0.11933841052966603 0.04895914101493304 0.04435877166560377
0 0.47482948876891873 0.12840903190809674 0.037146447171349094 0.033705361263561516
1 0.5948811682614522 0.1336951374281969 0.05920933485851698 0.05482955201021147
0 0.5380687167223482 0.1380173845245603 0.0436881784525438 0.03756088149329999
0 0.5614122728787643 0.1445616186343238 0.029917409733738333 0.03904221097638842
1 0.6341933774960763 0.14300925593489694 0.053542797420906216 0.060349031780472996
0 0.17009996672234823 0.18102676305041177 0.028063178452543712 0.035734580918953804
1 0.2093602541599589 0.18261969658582913 0.051354812811946385 0.03691153178047304
0 0.15040184005846563 0.19337457373962713 0.029042215890154478 0.029667210976388424
1 0.11922477287876428 0.1962459248883194 0.045730297420906264 0.059435881493299904
0 0.6651405349420393 0.17571014467133544 0.03420933485851698 0.051907471091257665
1 0.7030571208405461 0.1751419582641874 0.05368866306150366 0.061911531780473
0 0.2027344787856232 0.2204849567006984 0.0683964471713491 0.037357962412253795
1 0.2706612067390527 0.22954541914485804 0.06818875998329554 0.06824270229738456
1 0.36453606135636474 0.22552755067006394 0.09337664767046334 0.08973215315890375
0 0.15872365827815668 0.2449472182514329 0.06331337229612766 0.04912744218251532
0 0.7463064908488982 0.20022312156986635 0.049480782029866076 0.08305601155073458
1 0.21173370341128753 0.25652391624122145 0.06335539434269821 0.06613231212508071
0 0.12665038623158614 0.26569600437140783 0.04666731281194645 0.03636364160816914
0 0.08126495341128749 0.27177352603701166 0.04412577537433571 0.0422483814932999
0 0.7764204764978477 0.22529414036373946 0.056314244592255314 0.090036531780473
1 0.04288975956770356 0.2855316474154424 0.04943875998329554 0.06605114160816913
0 0.10153543136471695 0.2864042052329271 0.03645914101493304 0.0428977312061269
0 0.3356706218805357 0.26985588158901774 0.08810568510807411 0.0829342629865999
0 0.15732682341963972 0.29301945813656366 0.07883452870210092 0.0663961126994268
0 0.8192013388106799 0.23883918372685295 0.04733481946747666 0.0766233814932999
1 0.2696599467557571 0.28993502897255424 0.09293905074867145 0.08504465315890375
1 0.853979390391545 0.38777383691766265 0.07158569176360459 0.12118507223994994