0 0.56005907726753 0.09992846432555666 0.10931591422935405 0.1299403611687961
1 0.5196199211715491 0.01743434189421342 0.10763515765690172 0.03486868378842684
0 0.6215158944710233 0.45876763916051055 0.1293581499342462 0.15175657257314795
0 0.6213891363376502 0.6902719173885663 0.14139362520535884 0.16052597983046263
0 0.47000419125864845 0.06536682808625092 0.10961151314490429 0.09910046427907389
0 0.4398944192408852 0.004103865221296685 0.07958616151822966 0.00820773044259337
1 0.5030826197421356 0.4614127684725937 0.3318582009529424 0.3407779907637032
0 0.5297886259038703 0.7106322270022234 0.17168924112714096 0.18941239745537003
0 0.38007177008709936 0.046515540621898464 0.1350253686329066 0.09303108124379693
0 0.279374982993768 0.032659509236296846 0.10768582689778708 0.0634363663525924
0 0.36369064212964186 0.7614311837884269 0.2434629026453706 0.23890384099925885
0 0.29553617577236285 0.4502482589534729 0.2630152790009328 0.2791966503300921
0 0.12662368990308626 0.42631034736083356 0.2532473798061725 0.31665698557990685
1 0.18067980097772157 0.8069466097546766 0.36135960195544314 0.36532822290324
0 0.03698476351464723 0.3391021647501853 0.07396952702929446 0.23742067049962942
1 0.7859543330595218 0.1287787598484275 0.07528718238578946 0.07449144354388877
1 0.7980953550772849 0.21259739377865902 0.10399496368712917 0.11404195909527762
1 0.7438850896319739 0.08770399198796444 0.09442570325334927 0.10085845391148132
0 0.7498394482008436 0.19907142747333487 0.07284630216889951 0.0681047425071295
0 0.7859246626274586 0.49685552511699244 0.07704394281956936 0.08699144354388863
1 0.7015920003697429 0.14156101531504772 0.1374155796089113 0.1432017787937035
0 0.7439187557510172 0.48278275466463116 0.10065036863290651 0.11220605702175916
1 0.6440878091110946 0.04678079783194503 0.11070948841601655 0.09356159566389007
0 0.6294467360746353 0.127810165079492 0.09152029830757158 0.10214755183796283
1 0.7265622874220999 0.6502047005175943 0.2073564768320333 0.21259561922731435
0 0.6867397062932421 0.472352394061483 0.13448484004269118 0.15529167568342572
0 0.5776308898702094 0.02928536623442183 0.07753380216889952 0.05857073246884366