1 0.6448932834854478 0.4337821543361099 0.14008598252898033 0.139334485014259
1 0.5576294584024304 0.26265015664518415 0.1402738702161482 0.15794778397749978
1 0.601436226289042 0.49119482167819334 0.16312790765375898 0.15374829952888866
1 0.49089066659706476 0.29477985999101763 0.1994832050746652 0.21116982026407366
0 0.5626777803654786 0.582337940057036 0.13852348252898034 0.13919778397749988
0 0.42968365786155494 0.3529642154103696 0.12031492304479911 0.12675657257314796
1 0.5505757782854991 0.6851116255424066 0.2359003240430276 0.2360522430727773
1 0.3426854993756022 0.4336879521680549 0.26269273377676605 0.27404025862416614
0 0.4725681561971674 0.8123392154103696 0.20496185482510806 0.18685332544786987
1 0.21617734421741477 0.53110161145162 0.28900552454214196 0.29028997521231437
1 0.3845081277028625 0.9043935570217592 0.2770667645588464 0.19121288595648167
0 0.17349284879296567 0.6714928741282868 0.2079409891845107 0.18556422752138851
0 0.3344994394748192 0.9877139049482405 0.15833414101493304 0.02457219010351892
0 0.2009440769541911 0.832742732422361 0.1310867579033161 0.17574087672018512
1 0.653346221505695 0.17571537610805432 0.07339790099822849 0.1056047425071295
1 0.7122761478782593 0.3172480566924524 0.11504396048240988 0.1200964694628702
1 0.6103255497086817 0.17970024707879517 0.09912722920121517 0.11560445909527761
0 0.6809853373540884 0.3555785333653691 0.0706264538268794 0.0759172425071295
1 0.5507218514973429 0.19695680612680452 0.11846069176360459 0.12349487153638869
0 0.630464907861555 0.37053029863393405 0.07487635690508761 0.07163984561740726