1 0.20859394651246813 0.7415009422835718 0.11890467703754774 0.16454047424624463
1 0.31826892822114977 0.3570778869830395 0.14460006818567042 0.1588962521260319
0 0.3691343330064064 0.3391568054697101 0.11265978923740985 0.12222542848861026
1 0.47060245382142557 0.2843733238065995 0.26820246962294225 0.24020963819098756
1 0.3540781642162229 0.737610151985949 0.20587589139331772 0.23667030788560606
1 0.614258926669755 0.2401286004784386 0.21352178588942508 0.18000571970431692
1 0.49791657916803134 0.7627531574459608 0.23138934043796144 0.29913835697722035
1 0.7362979760737165 0.17046941790694242 0.22723914641529497 0.16409367728066226
1 0.6490429686421616 0.757746277300059 0.2515267146009652 0.313168906068835
1 0.8526999659071649 0.144496462456629 0.23384451028914918 0.09805408909937309
0 0.8266408870645524 0.7202138106398579 0.2405841024011032 0.3540809484924896
1 0.15899597570592383 0.4709973815230278 0.09859728923740985 0.12107751666989941
1 0.14470401624953327 0.7276140433417385 0.09772506818567032 0.1550698793969957
1 0.24319244173568624 0.43687721516238903 0.10814911914102669 0.09553538273097573
0 0.27777835297171716 0.7503017284983086 0.06197121435577006 0.07008910151720879