1 0.6102440754013871 0.8110224242799042 0.11097574769092589 0.0828780996293755
1 0.6407340748357393 0.6548616139870308 0.14427626324231468 0.10960010698142782
1 0.6053816266737022 0.7374206989123016 0.15570177879370348 0.1340229591870436
1 0.6348169740345357 0.5782170013032295 0.19286958812453675 0.1518626426419038
1 0.6557166514613879 0.46563960663497844 0.2015022943450923 0.162058769479917
1 0.6704346794066195 0.3545003634371378 0.22066239745537003 0.1687169738911484
1 0.6653480552783326 0.24228893733432993 0.20210788708777763 0.1512854948475196
1 0.67776128944412 0.1408531448716946 0.190896985014259 0.14701091727430127
1 0.43439376635337784 0.891791316921808 0.13870976842611088 0.11675570551101729
1 0.39558625311106327 0.7996812115900591 0.19829938190398125 0.14314454411231453
1 0.36904429401578565 0.7125894160012904 0.21597489745537005 0.1682242977883405
1 0.3558034172956006 0.5972928667364957 0.28359162441111074 0.2155825378600479
1 0.3732172182850917 0.44487172206824466 0.2980642275213885 0.22174806616847142
1 0.36478141875620307 0.29437904596543685 0.30072033581546254 0.23441229153607415
1 0.39932393115004594 0.15750314762115952 0.2725174233743514 0.2128704602868296
1 0.4265030028747221 0.06433242812915509 0.26863100574944415 0.12866485625831017