0 0.7370097784450851 0.5775108109351043 0.1093287683452644 0.08700796312533629
1 0.5458809183734992 0.08796807367245293 0.14488683674699843 0.10972419728589441
0 0.7314037915286774 0.6549256167513029 0.12191977360693614 0.08944454827463026
0 0.5183775446536235 0.12339212144287996 0.10518729991529537 0.09605518119435104
0 0.735718836182301 0.7423709864294721 0.14819384727034207 0.11306771857321785
1 0.4988609761813024 0.17571409210978478 0.1624229472421071 0.14362930372251181
0 0.7193573597892371 0.8221459677400386 0.13129477360693614 0.0901001121366007
1 0.47914698663405886 0.2513643021330279 0.19576606826055976 0.18175201659574647
0 0.4353885523343698 0.3416725918576833 0.2267430524755442 0.17924972946898113
1 0.40552528903901586 0.48352695608797075 0.3276824681476203 0.3092428680886853
1 0.36341963097709884 0.6556479745253027 0.34424834186749587 0.2730539958126261
0 0.2884482650085567 0.8379198891239072 0.3129381577089811 0.21639980422671493
0 0.8149549549934406 0.3394259389111466 0.052184126280124234 0.04099634059717552
0 0.8148485391801902 0.3643166782674848 0.05429265785015538 0.05048060124083733
0 0.8194296233669398 0.3895351995548083 0.04280912628012423 0.040340776735205086
0 0.821158723338705 0.4192226995548083 0.05420165258848364 0.048918101240837286
0 0.833635607511337 0.45977664373860955 0.05420165258848364 0.04891810124083733
0 0.8360017443148051 0.5004016437386096 0.0785492052052021 0.06618201089576328
0 0.741813586605824 0.2992983296245376 0.07974768415851478 0.06004127153942509
0 0.8339456916274994 0.5586129814857935 0.07100972099021767 0.07032320767745456
0 0.7494811444136271 0.39086847059003027 0.08158319994353036 0.06483803218308673
0 0.7319527391943076 0.34373674447524377 0.06853716837349921 0.05458894703379293
0 0.8295458889401939 0.6166604282674848 0.07239021046687384 0.0673074683211162
0 0.8318511125612474 0.6829574176238231 0.08414675782192056 0.08213479282674854
0 0.7402118312029777 0.4454631354407363 0.10547572625188942 0.07428944183801285
0 0.8363712835655825 0.7338479282674848 0.1040042315135615 0.07574268119435104
0 0.7446787943006876 0.5087990157625673 0.08966871572854593 0.07007183540139543
1 0.8361052440324566 0.7960747766583305 0.14341534200867018 0.11117743664223276