1 0.8365989115093161 0.17245741247320803 0.08414117758226843 0.09824118182494201
0 0.1025740476752931 0.5102225755894318 0.06132330098712875 0.053790844866803765
1 0.16260666572250282 0.5007083127378505 0.11170910197425754 0.10713602076024671
1 0.2653376803505406 0.469035206996632 0.13519278100144022 0.120527358706968
0 0.899113816638074 0.20053865011591832 0.07748900782547281 0.09486151384016443
1 0.939414099806886 0.19025772471676694 0.08574985660945096 0.11074118182494201
1 0.13466638183123375 0.5521089866541271 0.09391834733906404 0.10174818380210837
0 0.7707631786051758 0.2772350957810248 0.11925796929901011 0.14163835475263548
1 0.22779003768244888 0.5373196333843664 0.12682320539342948 0.12795785672980173
1 0.8397917164091812 0.2704956644503744 0.10026070539342946 0.12687551779449713
1 0.20251003623753444 0.6215964742968374 0.13997263905580573 0.14559102570316257
1 0.7892168083905945 0.40842142878483045 0.17669810979973022 0.20148819863085596
0 0.7869736008297934 0.40929817927912204 0.17024702492133237 0.1996710306460784
0 0.9720616128397841 0.32854163331000436 0.05587677432043172 0.11300401878308035
1 0.8840727752217827 0.4131951590131669 0.18580947712448256 0.23605419961943924
1 0.9525724496745502 0.41490755623769776 0.09485510065089961 0.18615235870696817
1 0.9930812702861388 0.4566202123594773 0.013837459427722364 0.23848417984777565
1 0.2916111283405043 0.20330277764314783 0.05703797074392449 0.05672484387822054
0 0.37301603419171936 0.1889909268448451 0.04585320683834393 0.04228034190105419
1 0.42286931272533773 0.17360866597043018 0.06308688586552655 0.05541701186299815
0 0.3918896661445097 0.1952900063886096 0.04721462195994608 0.04078150889724856
1 0.5106247610157518 0.15982339718734986 0.0769944800143115 0.06686384783255321
0 0.4593326144349238 0.18233240855605634 0.055831461473537305 0.04734984387822054
0 0.48501332199572483 0.1805006531188489 0.042929291716741605 0.04371550790866539
1 0.5539725912589561 0.1549157212939069 0.07291023464950505 0.07136034684397004
0 0.13067888544351974 0.3441545652093085 0.03940212195994604 0.04046317391627667
1 0.16755254129473485 0.33165722380254586 0.06228254635193524 0.04916701186299806
0 0.11794652666669707 0.3611656516731552 0.03879886732475253 0.035775673916276673
1 0.08976716325468088 0.37409407460084865 0.0644944800143115 0.06635451186299815
0 0.6042429446781281 0.17328637790997795 0.05058688586552655 0.05490767589344294
1 0.6394535580901441 0.16007145349940974 0.0746738195279029 0.07298651384016441
0 0.18487857837628305 0.36864788783299074 0.07830971610873094 0.052928681824942016
1 0.2567073993491003 0.35315553901185437 0.09150532879828992 0.08299818380210837
1 0.3449737442203424 0.3189304362363853 0.11952160197425758 0.1074543557412186
0 0.15883369570103553 0.4042643942587814 0.07795372537911796 0.062240014828747546
0 0.6971111522389292 0.16871694163641165 0.07688575319027927 0.09017401384016446
1 0.21692473350504096 0.3979706319014917 0.08465207416309636 0.07805601581733086
0 0.13999805839059457 0.43487506570359996 0.05739396147353739 0.04741351087441501
0 0.09944232693136865 0.4553759080989458 0.05799721610873092 0.05210101087441501
0 0.7418896661445097 0.1810285992410659 0.08570367758226834 0.0983048488211364
1 0.08224664254653517 0.4804223290494729 0.04987490440630071 0.07353034190105419
0 0.12779150132335787 0.46207423566554395 0.051546131230333095 0.0502838428896375
0 0.34427666788987443 0.36843568771925994 0.11206509270387048 0.09782468775644108
0 0.18654015717457298 0.4486855563120599 0.09911674391989207 0.08175401878308045
0 0.7902266237053107 0.17827367235903976 0.07119282879829 0.08217051285158128
1 0.2920714549714226 0.4082595330803553 0.11735584733906404 0.10270318874502422
1 0.9158894988555358 0.30037948262543235 0.113363960028623 0.13207235376405232