1 0.3582126086552661 0.5668383375742012 0.15932589369099928 0.16257907887697093
1 0.5144617424749777 0.2215623769458092 0.13936938442061225 0.1509018683600415
1 0.38857935257515813 0.6474573989675415 0.1851764122317734 0.1842068420231328
1 0.5369005388269129 0.2704518111481224 0.1520704692990101 0.15399917537132782
0 0.32646894702439344 0.8997210700682781 0.09019009270387049 0.10334254382053949
1 0.5960119061516653 0.3115415918225 0.18738834589414957 0.20139434202313272
1 0.4434121104006309 0.7449207980688382 0.21555952492133237 0.2171558069221163
0 0.3808928143491459 0.9402352981134232 0.08505424391989207 0.08733384206771788
0 0.44647835606588765 0.9773199801915873 0.08440481025751581 0.04536003961682553
1 0.6919343815307833 0.38175616633970955 0.27007575030045033 0.2822863332144398
0 0.5344527216452754 0.8668214910129668 0.22861660052934313 0.21106996480981338
0 0.7632128476395144 0.43971797771075727 0.19499976101575173 0.20079109640518672
0 0.5986061160587319 0.940607153416473 0.2445514122317734 0.11878569316705381
0 0.6600299594850596 0.9959245920008403 0.24357872537911796 0.008150815998319415
1 0.8514325803934295 0.5182790653741287 0.2971348392131411 0.37800822791139
0 0.937070349806886 0.6888091091946681 0.12585930038622806 0.2679509034164731
0 0.28454421351935244 0.4962806007649482 0.10793466831188123 0.09783225433746878
1 0.26544494353366394 0.5569857104277594 0.11554608343348338 0.09722900871952281
1 0.30787445033622907 0.44455294285495855 0.11242108343348338 0.09684530696670132
0 0.26988371598717437 0.6213498332367324 0.11201891367668768 0.09372030696670137
1 0.25474505941350206 0.6710076709669813 0.12043466831188132 0.09936706134875521
1 0.4540895024678219 0.18262449539502076 0.10742377173105329 0.11776105258464727
1 0.25269328870535634 0.7745579122028735 0.12985584733906402 0.11282631573080906
0 0.26641616674541035 0.737797622719803 0.10436131952790291 0.08201540346105815
1 0.45807992613735393 0.23155546908040456 0.08998900782547263 0.10178004382053947