0 0.2635336912752756 0.30680781876986085 0.11777400496239868 0.08234233415618064
1 0.13301143734633417 0.29423769642902764 0.0916481526050339 0.09109908510611113
0 0.6241929013666888 0.38815973622920086 0.13874147642635143 0.09687761284152793
1 0.0411150357747576 0.2901333843086805 0.05996150496239873 0.08099673328249998
0 0.830945861458102 0.4730938614198257 0.1469906240689866 0.10643445079743064
0 0.17650241811591177 0.3658029186936109 0.08539815260503385 0.09095361474138901
0 0.07477725227631157 0.35490374591593743 0.06577485731976358 0.07176720364722229
1 0.5525661503332315 0.4850360426499648 0.3009247609582548 0.26141550436840294
0 0.01988327574526165 0.3938220819719792 0.0397665514905233 0.08245013050895836
0 0.7927865818885974 0.555143948425798 0.17003001778268026 0.13194359707395834
0 0.09319545843878335 0.42861334963940967 0.09735449710451587 0.11308318787965281
0 0.026130044666097745 0.5061766116072569 0.05226008933219549 0.10639677678548623
0 0.7349461949993292 0.707888395139166 0.2105137766740203 0.19687891926229178
0 0.4138203658013282 0.6490284203091315 0.24845042431665565 0.2071267414506252
0 0.26766234160850705 0.8046088859242012 0.27883143713693725 0.2562188580918751
1 0.6808301215922964 0.8644481728745828 0.3735617402800903 0.24593728115388913
0 0.11080872002071984 0.8714723436554859 0.21040246071058574 0.16097778685347244
1 0.4284609861462611 0.1336216258562149 0.06682793507002263 0.06086607123840282
1 0.5109995043432262 0.15433220972805511 0.10363873035529281 0.08045252583555565
1 0.3659053281645438 0.15302689570784692 0.08764985731976349 0.07227634992375007
0 0.4688098502904502 0.1888715170987496 0.060577935070022446 0.060720600873680565
0 0.7585208595960752 0.2687531599568049 0.07925516046291677 0.059594511967847284
1 0.3883582169158387 0.207132514248958 0.12838617328319835 0.10912303970326401
0 0.7205285539717228 0.296951548349548 0.10200345574818712 0.07885365824437507
1 0.26154100579096823 0.21554703913458312 0.09306510339082212 0.08801045269729171
0 0.3312327675777925 0.2607491299402775 0.09070208271265771 0.07078658510611113
1 0.8597857990093238 0.37331141375652704 0.19030828453190338 0.16519250816812514
0 0.6763761395798645 0.34012097331142305 0.1421575748547749 0.103200348023889
0 0.20619638027423962 0.26443978723472206 0.05916098428423426 0.06380923328250007