0 0.29575632758511283 0.3662357620787775 0.09711364357108562 0.11508729167148583
0 0.5226497916923415 0.4155116520765435 0.11155465186945542 0.10101269371911474
1 0.44219269708628184 0.41776085163363524 0.15078401784613935 0.16848607822389883
1 0.21759543878791204 0.3797325420453951 0.0931365385920638 0.12399717105719699
0 0.14631151202334738 0.4167382931382086 0.09685353444287888 0.1321197514667229
0 0.3738202827692718 0.47866922334073736 0.13002123195336796 0.14006309576674383
1 0.062349986503538166 0.45484747259291886 0.0946524170163024 0.16446713085243408
1 0.283194360153892 0.5216269919763961 0.14692531203728051 0.17895845760961002
1 0.8630343028904963 0.6602358187624864 0.1700542361025527 0.13628164109057933
1 0.1678168912727786 0.5692128874382296 0.1454112788438015 0.24083829679055846
0 0.00920490486948675 0.5434157236857324 0.0184098097389735 0.10855140716670171
0 0.08380689894644841 0.6702871875072286 0.13051998465266035 0.22850543494769227
1 0.7486021821399275 0.7992219152481346 0.1947008838228232 0.2364245833429713
0 0.02498280891378091 0.7172287262452687 0.04996561782756182 0.2375824524905374
0 0.6794825613893586 0.9212690780514012 0.19041520290907385 0.15746184389719745
1 0.5434965945828377 0.9577618750144573 0.16979412697434598 0.08447624997108534
0 0.4702962315291607 0.2961838340907901 0.07997276514684692 0.07306692982861955
0 0.4111221410722859 0.3084160965145625 0.09630816016782515 0.08399233187624863
1 0.5827361093286993 0.36007807934562674 0.1361761435710857 0.11896329679055846
0 0.35856490351984055 0.32681478985976803 0.07308414772027047 0.10494918860004213
0 0.6391161638928027 0.37433079681947284 0.060133861827499045 0.07730140716670171