1 0.35072042619656096 0.459799808757845 0.06787744218251532 0.06328005243632351
1 0.3801136920867975 0.48572076110188345 0.07504059246968833 0.07149307063492075
1 0.4197037932354898 0.5192737407438178 0.10608767338864222 0.09829540252860855
1 0.3633624421506094 0.21635949182355202 0.11205358379068446 0.10953329117755659
1 0.39975652450542853 0.28227438849206443 0.09762582367581522 0.10550712523071262
1 0.44019889444799387 0.2833152567829468 0.08275163292916528 0.08439358883351807
1 0.8449372035418143 0.953168478174604 0.14431819361838052 0.09366304365079188
1 0.4916396386726266 0.2656759762458484 0.1468547253988536 0.15518575262089362
0 0.5631798193044074 0.28731924120524316 0.14539368493937682 0.1426857526208936
1 0.6456067701659266 0.31586334823735857 0.22293021671984975 0.1957292119047624
1 0.7697342123484419 0.38274806446105764 0.27804385832801887 0.2426833574935407
0 0.8867694977983431 0.447058493207828 0.22646100440331374 0.22273180289774888
0 0.9527902022654786 0.551764582041346 0.09441959546904286 0.20276165946843888