0 0.5953346749215148 0.372187230486646 0.12094766508343398 0.11849906864535678
0 0.6209610374277009 0.6042426716689239 0.10910276232447184 0.12916808825126402
1 0.5927784837187993 0.5261132844090615 0.17702060266810485 0.1825307353202504
1 0.5574905161696592 0.29815335793121417 0.13015889077317447 0.11674730394092618
0 0.49937812302163553 0.23532107851001266 0.13821705223856356 0.12257916668723405
0 0.5137394369073025 0.47202441184745947 0.1476672953411587 0.154973529433542
1 0.43637018995952026 0.1607502451663956 0.1678226650834338 0.12536524512320404
1 0.4431237217330116 0.3924029657575345 0.18771244120271574 0.17944534316508137
1 0.4960507321369196 0.9468407843504444 0.14807008706427283 0.10631843129911119
1 0.36119537030810206 0.288294289273517 0.24725121551297527 0.19126750003702134
0 0.3282201752601992 0.1063334804434544 0.1114155348257091 0.08454220589904883
0 0.23844726707417027 0.22701573533259084 0.23401423111680736 0.17537401964292873
1 0.3279868068767203 0.8939865196275031 0.24814533016686777 0.21202696074499378
0 0.16199098767552814 0.13866629904561958 0.24503361827193718 0.17853862748775975
0 0.169389734850453 0.8687411029742054 0.21352466870147851 0.22819093140400498
1 0.08119859283205355 0.7474999509975719 0.1623971856641071 0.20150960786951194
0 0.7178161052700968 0.528683652075357 0.07925813206674714 0.09223588236455563
0 0.6869246313893786 0.47220039226623295 0.08953389077317446 0.1107966176601252
1 0.6932554392821517 0.6518328677588487 0.12916295680654793 0.15691455884240302
0 0.653157141000317 0.4255300736332167 0.10878185775648763 0.09345946080052574
0 0.6972978081199158 0.7098940442305259 0.08140048620519007 0.07394362746307888