0 0.37678109088964956 0.5172711497508315 0.11133549792002047 0.11119592072720579
1 0.3801891339428009 0.6036895111018834 0.1601067512477857 0.13451230721668547
1 0.5115134858567455 0.18032876156330876 0.16244060149734274 0.15951230721668547
0 0.4551693344419152 0.6581953408361029 0.12481453535763123 0.10584708667404978
1 0.46333781031536514 0.7456953408361029 0.21175329534092674 0.1719913232558145
1 0.5799133600240469 0.8797477706626073 0.2160031984191349 0.16760421190476257
1 0.7086159725456849 0.11219573256736985 0.16998116971703398 0.10718834361388008
1 0.6963495168466218 0.32186182679955877 0.28485946505796067 0.27297163479143655
0 0.6373215969207822 0.9588695619970474 0.16518982612300714 0.0822608760059051
1 0.6579369394748192 0.9954381176725736 0.20208414101493305 0.009123764654852807
0 0.8333353525373326 0.1504745874400169 0.14596020715464456 0.09943640036914028
0 0.8372785709230584 0.4256352737449264 0.2572338835272091 0.24324456199704744
0 0.9240876301994436 0.5829750092469569 0.15182473960111267 0.23096580505721712
0 0.31452837707947456 0.3828170041620531 0.0657510661397116 0.05546755243632351
1 0.32639420424247145 0.44337377236065045 0.1379820420131616 0.14707286397194572
0 0.5864417645588464 0.2425970265227036 0.11162722920121518 0.11432092072720587
0 0.9517193731278166 0.741938999067924 0.09656125374436683 0.2467119185677376