1 0.5210566371070948 0.2799190441326348 0.12872556956195352 0.13508501748363066
1 0.7160799239817586 0.35976185563743773 0.11444454827463027 0.1302333595959336
1 0.19905558699087927 0.19940175449351658 0.14100704827463012 0.133494824494917
1 0.5525473017056994 0.36125212309877586 0.13795845792955622 0.1563567718656847
1 0.7377421205113484 0.43765446530024893 0.10328852698730664 0.12576540346105816
1 0.15567729156624074 0.2659167764037863 0.11760239926336583 0.10893391222516602
0 0.5585898520740165 0.40775726784031113 0.10364915990702758 0.10876975433746883
1 0.7971992479831875 0.484572004805612 0.10550659084927716 0.13533225433746895
1 0.15374345096906525 0.3157249255273755 0.14235102698730664 0.13056167537132782
1 0.5840326124655766 0.4758911757503008 0.20762610174504026 0.22222700867493775
1 0.8185118832486971 0.5896165135920125 0.10794317599857095 0.14802410521387976
0 0.6245540696388282 0.5499190748961825 0.10616215471124732 0.14470725433746895
1 0.11457740814231673 0.3995372193702075 0.1931594101591291 0.1925672016636515
1 0.8521495558930733 0.6513224171199481 0.11059828243518836 0.1638409560902904
1 0.6709813193867266 0.6170254959746265 0.1917497294689813 0.23886664903441907
0 0.1213522960057162 0.5241812106060996 0.22481360174504034 0.22433736831545642
1 0.6923814359628027 0.7429719038846161 0.17467149011264294 0.23831878939390042
1 0.7486917841015467 0.8127375442663901 0.1622371920901145 0.19341768413543567
0 0.09584882349722597 0.6483307281343154 0.19169764699445194 0.222199315686224
1 0.1301652952494116 0.7415200220217324 0.247748357192922 0.26433142970879653
1 0.5552891614965114 0.14481818011006223 0.11480518119435104 0.1132377104723444
1 0.5833159725084902 0.18707491258184644 0.07890053218308672 0.08714199119130708
1 0.6137247383479321 0.21742104417721989 0.08547831411407199 0.09259689469695027
1 0.4741048634739828 0.19816072393060163 0.13163204827463026 0.13234371923645227
1 0.6403529403254036 0.2575258775254149 0.10208665990702759 0.10857790346105807
0 0.4855615335204691 0.24477564060469917 0.06396394703379293 0.07291533330361002
1 0.6696855252225958 0.31433858368258294 0.11066398441265975 0.120474657843112