0 0.7176863835794993 0.3480793086529973 0.09840757485477489 0.10875193843583926
1 0.18150482692168948 0.2749444436357879 0.11995724317557444 0.1372106917636044
0 0.7898567901134745 0.41509872046671514 0.1230822431755744 0.13750242304479912
0 0.16908190963434722 0.34515310004176114 0.05461903349844599 0.0704385661397116
0 0.2167210430089587 0.3571833808238415 0.07158820967712846 0.06735558818628214
0 0.8660811499144374 0.518618083819537 0.1509204528527029 0.20077377329435625
0 0.20353399234700492 0.4109857872298147 0.07685790653397531 0.08029318510807411
0 0.20669968775610972 0.47895453722981474 0.0755137303552929 0.08483481946747684
0 0.23546685070022583 0.5743498698005562 0.11595894789030411 0.11816896048240988
0 0.2513166366798712 0.678797560316375 0.10680227171162171 0.12198126663882576
0 0.3385320004097756 0.7655979313647169 0.144122489246633 0.15502367637256426
0 0.45797982133560905 0.8705747396011125 0.18969185442427944 0.19817041430928944
1 0.3784204065339753 0.03842974625664285 0.06889985731976349 0.0764388569050875
0 0.5511366226212445 0.10783250707213213 0.053818512820281585 0.0532510661397116
0 0.5864213052100677 0.12415471297899106 0.05396406203449331 0.0563760661397116
0 0.6305180616202085 0.14436215786256473 0.06889985731976367 0.07643885690508752
0 0.686479117244561 0.16660061044165847 0.06897263192686935 0.07800135690508751
0 0.7422047324222074 0.20063074584105087 0.06897263192686935 0.07800135690508751
1 0.8068686999572188 0.22441068739685935 0.12537248924663302 0.15327328868539647
0 0.4447261108344202 0.16484516909364597 0.052547111248705036 0.05935520049911429
0 0.47784897994100817 0.18529242346140087 0.0655565334984459 0.07145962562389285
0 0.5276328101724665 0.2096768386028839 0.07373290653397539 0.08000145382687948
0 0.8649402191876412 0.2919616399759531 0.09898977171162145 0.12125193843583926
0 0.5833220380465599 0.24292572400227633 0.06911818114108108 0.08112635690508752
0 0.6495677762597357 0.28382023273778617 0.1013142510334573 0.10435616971703396
0 0.9286431542576636 0.34564787999265756 0.10360449710451576 0.12012703535763122
0 0.11491471794478685 0.8162900836107312 0.14768413688926815 0.1646904076537589
0 0.11337998903723603 0.6822587366889392 0.10200776385373889 0.1526478040764367
0 0.06853621587787224 0.6291658589850669 0.07467897642635143 0.1003139538268794
0 0.08377376405862666 0.5351550384776005 0.062940955748187 0.08210539434269819
0 0.08794753370333379 0.45630071027461383 0.07587760339082217 0.09264731946747684
0 0.09704639784752293 0.39895671797013393 0.03753854135632886 0.03772990973373833
0 0.10095049379474699 0.3648524382280433 0.02474744292790545 0.03031298460895986
0 0.07215340570540578 0.3698947025790938 0.029944365177646447 0.04168808153075183