1 0.29205913598027367 0.12991771483560666 0.09494996801399935 0.1080382293077851
0 0.3528853586091844 0.4046853414752868 0.09947383601209037 0.09422139077317446
1 0.32903187730745576 0.17326492311249259 0.13880905601527208 0.11970606965141814
0 0.38271086063813764 0.18997106626051616 0.07105793467536321 0.06774742198083886
0 0.41889161927118473 0.43558013738227236 0.12778064934754485 0.1113203595655099
1 0.48125471192713964 0.5111699575995174 0.21164766669318064 0.2062853787873868
1 0.45409496463241067 0.22839175712454757 0.20517949069063518 0.18720783016686776
0 0.6035740599140949 0.6007946223442671 0.14073518268618096 0.15103795680654794
0 0.5911767939608654 0.2571231874731294 0.13761018268618094 0.15087418249628842
0 0.6950097712842295 0.3250742480794361 0.18944540268936266 0.1770139586155702
0 0.7393473805697318 0.6748794962704137 0.15483404535327186 0.15489994120271575
1 0.8100315032225052 0.7734564371344452 0.2628647213558171 0.17930015490666856
0 0.841502415937321 0.41733591191967445 0.17885334802672617 0.20612824852966197
0 0.9234122032145511 0.8260724248099732 0.13404883068109044 0.1132104081860291
1 0.9207075632559126 0.5217124734304923 0.14749426002545327 0.19511550542706696
0 0.9604320399029589 0.6640737138195538 0.06371814934754454 0.10796298620519007
1 0.17924895862509282 0.29666920284981907 0.10735906134627213 0.10088082654882306
1 0.2389506752864567 0.33257904737732363 0.12496473201781733 0.1377190852552504
0 0.29190295261777494 0.344638634102912 0.10096361067790856 0.08805327792830404
1 0.33740197788036913 0.8630301079836302 0.17292951734563572 0.09963258706427283
0 0.4300974605347333 0.948741878675845 0.202217028007636 0.06681344301173801
1 0.3382008618714605 0.9285732208285005 0.09603975334181776 0.06749511646291495