1 0.3046553059826006 0.3451255217116488 0.1089434687818068 0.1261406887450242
1 0.3590898348385411 0.38046084384103945 0.1461359339354164 0.1635425296574952
0 0.4750224028020412 0.5861922376055293 0.158417679126093 0.15780186562705048
0 0.45141374409436824 0.3806107410655704 0.15685517912609298 0.15773819863085592
0 0.5523760764858385 0.6057288047920041 0.2025496250424091 0.1705220415204934
1 0.32276786660488854 0.057260765780149735 0.10639882213985138 0.09795202174882985
1 0.6141791612395616 0.6728407089366172 0.23376490870767305 0.21548171444818678
0 0.5150769400106843 0.3889697277196975 0.1444643065307547 0.1603538626613008
1 0.39741320253973794 0.053757716882463655 0.16670140507947587 0.10751543376492731
1 0.6053571996293311 0.39780887543852 0.327008966419554 0.29417440022746144
1 0.749246098085385 0.46314076228292755 0.3236111479078998 0.2862345662350727
1 0.561837801088459 0.016294867567035666 0.19242560217691818 0.03258973513407133
1 0.1836087183184706 0.6426610493919777 0.047003974772256506 0.0502838428896375
1 0.20153282829993713 0.6630544624338394 0.04840278366526398 0.0456600098858317
1 0.2420065500769688 0.7466827045251739 0.06123016587924912 0.0555443458553869
1 0.2263244971744111 0.6784738739928263 0.06284722958157998 0.05717051285158128
1 0.1832242832019278 0.5644405488976861 0.05358135698624169 0.05991351087441501
1 0.21939988537884605 0.6146023749814095 0.06301092068857254 0.06185801285158128
1 0.28492073637463794 0.7433693621298282 0.0676438569862416 0.060486513840164416
1 0.2446280638719669 0.6425217865403965 0.06312004809323427 0.06498301285158128
1 0.3081052652305785 0.7799780241831067 0.07745536660488846 0.07336851581733086
1 0.2883433475372309 0.6845527776431478 0.08079862141421187 0.07974584980971962
1 0.34031013002136845 0.806048434259219 0.0646279843909034 0.06348417984777574
1 0.19137654518282737 0.4170243794300338 0.07449405771188111 0.07792868182494192
1 0.3876042814726473 0.8385452578714844 0.07405754809323425 0.06542868182494174
1 0.3561236137792997 0.7435975138029833 0.07265873920022674 0.07005251482874755
1 0.2483457969969259 0.4577329510651329 0.11190477767481417 0.12158052273741297
1 0.39423373818873647 0.7819450893924152 0.08247024881887359 0.08293451680591382
1 0.28995294363888136 0.4842026091640787 0.10828870435383653 0.10739068874502422
1 0.3138095950901601 0.51765443771926 0.10828870435383653 0.10739068874502422
1 0.240047168959292 0.33211086855561883 0.0957887043538365 0.1068813527754691
1 0.3668180332019278 0.556959676844845 0.15636410580511528 0.1436756986308559