1 0.23662165294653664 0.4073742745025499 0.1447440534704102 0.09504857822389887
1 0.6006513019578009 0.4214686020075445 0.13577324505632138 0.12208829679055846
0 0.6275526555444267 0.4642581158980398 0.10433757475773361 0.09414253290006318
1 0.698307915935987 0.5436525658290408 0.20225018689433422 0.22954232457154883
1 0.271576171131767 0.5374966502359113 0.20445754307885 0.1723499853906006
1 0.7678941602360038 0.6622645559648047 0.14951867080279085 0.18551853801913581
1 0.27953114674235036 0.6712333424883032 0.2615816282281439 0.19043143276206537
1 0.8564160748346084 0.7575819883529606 0.13353303788306975 0.20100059576674384
1 0.31733751331842636 0.8055720486311906 0.2720492346647612 0.2069866739906427
1 0.9118523378240585 0.8535498264410954 0.08473490496334897 0.21322680921433096
0 0.38915289313605417 0.929882649862002 0.31190941015912904 0.140234700275996
1 0.4648937544394755 0.30415742327173845 0.10647922896477802 0.08039011330958896
1 0.23457818772751343 0.34659786368349826 0.13729218639013113 0.07724091740484713
1 0.513648328693006 0.3719287902336773 0.07933757475773362 0.09166188962385666
0 0.24313409687823642 0.47174080593589024 0.06087179802252862 0.04948648757622749