0 0.6087656507661523 0.7288171178229192 0.09955738229073816 0.09782982622365459
1 0.6948231035234969 0.16489810196731652 0.1282279515702104 0.11821792093374794
0 0.5369157313283954 0.8044548836785219 0.12827341567683312 0.11978042093374804
0 0.6223941740566102 0.15285385729957554 0.06707985141192588 0.053822220990217676
0 0.6084393226446844 0.20212581520620074 0.059767456584775405 0.07055469468185845
0 0.42740668751745936 0.8833772732540002 0.1929724131695505 0.14538663666229396
0 0.5525075713910432 0.18791212578601418 0.07396634890464338 0.07606124203690508
0 0.4811865008579298 0.19158388637994506 0.07851745658477523 0.07164675782192065
0 0.38014082640560815 0.22169704963294673 0.1078699874635877 0.1154723525320139
0 0.2708651148062679 0.2388096839467532 0.1137562746106063 0.10333637357870132
0 0.17898384019566171 0.33049738403145784 0.1429724131695506 0.14247446828879456
0 0.07827444952514631 0.4579937814994439 0.15654889905029262 0.18473756299888783
1 0.9392082863555957 0.3724276938348124 0.06905152837152997 0.0679757262518895
0 0.8634855576674967 0.5542699570595792 0.048329851411925875 0.052730157850155376
0 0.8452069191085524 0.5907688991811888 0.05301735141192552 0.05300317363517095
0 0.8227492459098718 0.6364153281486189 0.07217652837152996 0.06815773677523325
0 0.7975613778048987 0.6952064992235412 0.07373902837152997 0.06824874203690498
0 0.7622172596999255 0.7534061360975963 0.07373902837152997 0.06824874203690498
1 0.7351713749019048 0.8222625519108467 0.14389841567683312 0.1206904735504665
0 0.8049492951310844 0.4413002492235412 0.056051423198680436 0.050060184158514785
0 0.7835683886254514 0.4768359308218071 0.067352636051662 0.06319722099021767
0 0.7569998769469688 0.5292860966350575 0.0738299565847754 0.07137374203690498
0 0.6653385965303749 0.8823663230281212 0.11509145407749273 0.09561487884037305
0 0.7216557588419956 0.5874857335091127 0.07677310015828454 0.06530575256024881
0 0.6765956599373523 0.6568580888131369 0.0980858105039836 0.10086382096198285
0 0.6070427117323542 0.9494026336079348 0.11210284639736087 0.10012036831702957
0 0.13026651002912987 0.09523544724210717 0.15395537727617326 0.1446740051204975
0 0.27116429466886594 0.09405092079257357 0.14937552586424746 0.09449199459715381
0 0.32645719992085775 0.04953435232025238 0.09708560015828453 0.0664888209619828
0 0.4254486293877443 0.0631256864364148 0.07976170783841656 0.06080026308359245
0 0.5075253434943671 0.06634096267418688 0.0878924565847754 0.0721927893919517
0 0.5667184870678763 0.07604916261771713 0.035420674452321596 0.03793961575678069
0 0.602565058854631 0.08126728363616967 0.02880696159934022 0.02507559471009326
0 0.5979146627738391 0.052823765220318196 0.03813649749271768 0.024059126280124372