0 0.43671875 0.38965099024493216 0.1046875 0.1531905996293755
0 0.70078125 0.3814675773697748 0.0796875 0.08493799374773366
0 0.3765625 0.45285956359223134 0.1125 0.18526172646738853
1 0.1890625 0.48784001947991695 0.1296875 0.23706820551101732
0 0.68203125 0.48027812295854344 0.1109375 0.12416000109978605
1 0.3109375 0.5553370981529213 0.1609375 0.28410271286306976
0 0.68125 0.6114460102747421 0.1296875 0.1433182055110173
1 0.71640625 0.761234831045801 0.2390625 0.21887648124320086
1 0.553125 0.12141703013132728 0.053125 0.06339616249848906
0 0.48515625 0.13536697664061334 0.028125 0.03733105661684717
0 0.4578125 0.14421178270756752 0.0375 0.04925390882246283
1 0.4140625 0.18492597241469416 0.090625 0.11577507132095191
0 0.4484375 0.18228893050195177 0.0375 0.05394140882246288
0 0.53984375 0.18408361450670502 0.046875 0.05336426102807863
1 0.69609375 0.164568651266967 0.071875 0.06692936690972048
0 0.36796875 0.24648757407041688 0.06875 0.08378841617451523
0 0.5265625 0.22331269888208274 0.059375 0.07186556396889954
1 0.71015625 0.20979667957539055 0.078125 0.06602376838013102
0 0.50625 0.2633652691032487 0.0625 0.08000651470410478
1 0.71484375 0.2485706056781984 0.0828125 0.08214144448293884
0 0.32734375 0.3070614645127488 0.08125 0.1132272191153362
0 0.4765625 0.31102623711879895 0.08125 0.1132272191153362
1 0.2671875 0.3616762878600479 0.103125 0.16083887426177287
0 0.68984375 0.3107867497965565 0.0765625 0.07367204301252839