0 0.45043676604671196 0.671999742460428 0.07082594904464372 0.06466871572854575
0 0.4459278000169496 0.631374742460428 0.12203819737065125 0.09248987884037305
1 0.4241471792019304 0.5697392924463106 0.12290360215590793 0.11427387357870131
1 0.44195017573134815 0.503439458259561 0.12793794569665895 0.11767188936371689
1 0.5893989226285586 0.7763470662650083 0.11196098995604586 0.15555132096198285
1 0.43449303960520264 0.4362519582595611 0.11752241507440604 0.10775085779368573
1 0.43398214666049 0.35372017932036587 0.15276281985966272 0.13153696828879458
1 0.6320233851877387 0.7494891636765247 0.12741427225229102 0.14092737884037304
1 0.45118072309352464 0.2607213372411085 0.17828308517078922 0.13768055247554417
1 0.6898409973876009 0.7036614532096508 0.16196098995604585 0.15846348933548207
1 0.6930637847058231 0.61226290848544 0.16959666005242902 0.18529900512049746
1 0.7726730941537389 0.5360728638318164 0.21802563971932543 0.25797764192396555