1 0.819266751144464 0.3459735961170855 0.10833683806867703 0.09018974267981754
1 0.21622738845490508 0.3686885547024074 0.09538848928469859 0.07443747334499946
0 0.03959941337623744 0.3752278140117722 0.07919882675247487 0.06179202267663593
1 0.3851322943061202 0.38160782005886096 0.10833683806867693 0.09018974267981764
1 0.0040953570314579395 0.412827264003818 0.008190714062915879 0.07877952800763599
1 0.15109837990697522 0.41878800469445326 0.09688844148784889 0.11033861067790855
1 0.31174243697421194 0.447259544716725 0.1222906112446446 0.11375451201463563
1 0.8011296538054001 0.44434746144967646 0.14910037515022517 0.12810791335136287
1 0.0727193952574702 0.486728935351681 0.10248900782547266 0.09324201734563572
0 0.7893892779327176 0.5294946207829037 0.09619282879829001 0.08068747334499946
1 0.2302004576823576 0.5519374067074981 0.16506499711017125 0.16729768268618095
1 0.023109721527159927 0.5796698660089087 0.04621944305431985 0.11673406134627218
1 0.12226578937047634 0.6367476640276806 0.13607310979973022 0.1966033746817267
1 0.7458731003504493 0.6244434941119948 0.223619288826913 0.21010334802672617
0 0.6920390461730415 0.7630878234404496 0.18113834589414957 0.18308631468808995
1 0.026495725650899686 0.8251278166772723 0.05299145130179937 0.20314427601845358
1 0.6452362419956336 0.8985354150421572 0.3046682039485152 0.20292916991568574
0 0.11054118480684032 0.3205135893539081 0.0728640556223223 0.05701361600890866
1 0.2720588499284425 0.3239578573758617 0.09619282879828991 0.08068747334499946