1 0.6432612990703005 0.3411998022397922 0.12520681374387993 0.12125936379145844
1 0.5782282843658699 0.3490291796146185 0.13347705884240318 0.12456620174736122
1 0.9220816912378098 0.4162050279228479 0.06696740197046296 0.06384560087368066
1 0.5209923529988861 0.3835119759673963 0.15932210786951195 0.17344011284152785
1 0.8942889706590114 0.4762878895301048 0.09898323530790983 0.09106271751493047
1 0.4258735049631791 0.4038770677230211 0.17224901964292877 0.22979921561506952
1 0.3285297304619651 0.4568910053183336 0.20049284317742186 0.26315722948277787
1 0.8320112010654445 0.5667115613578478 0.14003514708132664 0.14807643692972228
1 0.22977750008021292 0.5215509577312848 0.16356063729071346 0.2342685100679862
1 0.14253056381175233 0.5584495860560417 0.1596389706281603 0.26064917211208344
1 0.7300921079558951 0.7426356688810423 0.24203333337446828 0.2703527868534724
1 0.10250632362704648 0.6307051393426736 0.06494264710600758 0.30516027868534723
1 0.7548414216133918 0.30564612157833393 0.10237671570200249 0.10359908510611122
1 0.696003382401577 0.3291914179311116 0.10348147060347941 0.1005104526972918
1 0.9431512500555319 0.37932327697291746 0.06650965687193988 0.060720600873680655