1 0.6286028408453281 0.8184536634685955 0.09547079117755644 0.10674875269929238
0 0.6211650848283485 0.5220289493613669 0.10071949568106327 0.0915973493799445
1 0.5991446807585804 0.7685962960420191 0.14118380937615385 0.11643232863402009
0 0.5478220126522682 0.7444968678275619 0.0726550524363235 0.06614706348717299
0 0.5600063417681789 0.4815708153380509 0.12954540252860874 0.10466603444287888
1 0.5111764204226641 0.39430853629375673 0.21494028685861988 0.19976689212119308
1 0.48252648211516974 0.6958001813147349 0.209051232262828 0.18066169461070397
0 0.4046737014211878 0.2849829257156575 0.1416239003691402 0.14756392946385705
0 0.34795002545219467 0.6484660078741624 0.1384989003691402 0.147327131123531
0 0.2545888541066799 0.5645781051795146 0.19292558451458142 0.17166520290907386
0 0.2801323812476923 0.19024095600935148 0.1590116594684389 0.1519913203356503
1 0.22743578269656678 0.08130827696970172 0.2735748072166855 0.16261655393940344
0 0.12363684762827494 0.44855313132402364 0.1794033050572172 0.20329371120744355
0 0.11747859423218891 0.030077663692310103 0.14004281153562217 0.060155327384620205
1 0.06877742751476527 0.3277329910769303 0.13755485502953055 0.19273471950581333
0 0.040476003239202495 0.17457302489510926 0.08095200647840499 0.1095185551888033
1 0.7772777776116631 0.6579161373240863 0.10737001387966068 0.09832094606059663
1 0.7226193584256165 0.6130781566201182 0.12373549352159507 0.1353240385920637
0 0.671827616445181 0.5928257788205796 0.10334384793281685 0.08402164772027057
1 0.7297294679217421 0.043761947398631776 0.1785441070321152 0.08752389479726355
1 0.7426287885566629 0.0017219850536456527 0.09871690468807692 0.0034439701072913054