0 0.318904761439887 0.6193385186981553 0.157043572795242 0.10953735545628832
0 0.3756923598172607 0.31559460973197834 0.08073078202986608 0.0867086126994268
0 0.3735280168476317 0.7110187209955399 0.192981072795242 0.11373784677728445
1 0.3658046146016174 0.9370535910019171 0.25293953535763125 0.12589281799616572
0 0.47976427495874374 0.37672489872368403 0.11929386356061791 0.11903410402042294
1 0.47015088456820847 0.8265625649010936 0.30058588560718835 0.15722406062540345
0 0.6235760965062 0.4267046241225376 0.13525261688838305 0.14099027453733445
1 0.7970135965062 0.44697656049777984 0.19633840557377943 0.26558443637524215
1 0.053565227537837476 0.38219359824505567 0.06248020049911429 0.05675731212508071
0 0.05215728140647811 0.46495536847479413 0.036854715890154474 0.03058036126356143
0 0.05456285295393436 0.4984070736758152 0.04666731281194643 0.036363641608169316
1 0.08864491015034015 0.564782890140398 0.11725174459225536 0.09715910402042312
0 0.09399991680587053 0.5243405201978325 0.05477154409314107 0.04040179189534214
0 0.1193249819055924 0.42226057077217866 0.05095923793672501 0.04922890172303838
1 0.135828810316375 0.23701300574346135 0.059980685108074104 0.07964692195277685
0 0.144726821964058 0.6408380924377826 0.08410549126449016 0.07319400287173075
0 0.15839738165603526 0.45210026729419595 0.07243866306150357 0.06410309246968833
1 0.19024559005846559 0.23784499272495552 0.05773087895165805 0.08865666183790762
0 0.1974487703831928 0.49062502884493053 0.08025116306150357 0.06501624275686133
1 0.23355799313667364 0.24764613433312466 0.07491837895165805 0.09066559246968833
0 0.20061094634016516 0.7105519797064497 0.11295981946747675 0.0842938439055537
0 0.2430728011652732 0.5433441906828381 0.11295981946747684 0.0842938439055537
1 0.24593213456820845 0.8003551516592265 0.16598097587345 0.10594563580089585
0 0.2957341395593513 0.30072041177409575 0.06808491638926881 0.08368507223994995