0 0.28636753739640025 0.5566656196849202 0.08919827886860805 0.08969997091226496
0 0.22695765613695276 0.895855536504601 0.04602513154179624 0.04263378121376675
1 0.3630412423898409 0.2681613580159906 0.10998121572854584 0.07273561151914842
0 0.2917915137894641 0.6370865722602959 0.0722992052052021 0.06654951333591956
0 0.2346112614409769 0.9379952390799765 0.03748458944842144 0.029496052425594145
1 0.37268228192296693 0.3295772190760971 0.1190677893919517 0.09524834030732113
0 0.3091085454300824 0.7002084545322296 0.1053693104386391 0.10035042848861017
1 0.39345053725522594 0.4001927369539445 0.15555132096198276 0.1075568927329154
1 0.3136147639306385 0.7830369299864224 0.13165879465362354 0.09783120636839726
1 0.4102369478773917 0.4991245734682438 0.19679794724210725 0.14824553667377885
1 0.33231999032370235 0.8623737436219041 0.14581229991529537 0.10054161818710838
1 0.4207733584995574 0.5985665930130811 0.2071894156720761 0.13976335697722053
0 0.3668700245951565 0.9233113725598582 0.09150423151356132 0.07589256242753421
1 0.46237775859837943 0.6985826974052278 0.21389444198043533 0.14808604000775868
1 0.4657919139588733 0.8001611728594206 0.1923988735787013 0.1261154451585096
1 0.5084505798427109 0.8954260043727501 0.2286093893637169 0.13373649758410408
1 0.6958214632388843 0.05040763195782386 0.146888952503779 0.10081526391564773
0 0.5587544167308837 0.9395269486131758 0.15274556840173403 0.032684438490549896
1 0.8675683896460654 0.11210267665244245 0.2559447050640279 0.2242053533048849
1 0.913041242389841 0.22326525132863423 0.14807202090551286 0.1660390724294736
1 0.9286754057134298 0.39537949632766434 0.09787459983059073 0.18526756242753403
1 0.13336988196531924 0.3934316513577292 0.0689921946818584 0.06316942182065048
1 0.13298347411516379 0.4401153327212774 0.05567314732681181 0.04808655575957417
1 0.13778509520420346 0.47782262681192195 0.05420165258848364 0.04952151000193972
1 0.1396059294615402 0.5266587395390184 0.07818518415851469 0.06080969636645772
0 0.15985054002723623 0.5662155760533176 0.054474668373499166 0.054209010001939714
1 0.1443249795885971 0.6592321234779421 0.08176521046687393 0.0688772878817268
0 0.1705381400695885 0.6096626871134241 0.057235647326811766 0.04821410151720862
1 0.2432292713290361 0.2693886313538499 0.07533319994353027 0.06524210485118864
1 0.24662031086216213 0.33131467544449444 0.0824022472985769 0.0798147878817268
1 0.165707884949091 0.7593438227193376 0.07275423151356138 0.07436201333591956
0 0.1844725664767698 0.7041621151429924 0.05603716837349917 0.05433655575957417
0 0.2591357214137407 0.3567292636257836 0.07404371572854576 0.06980205909355411
1 0.24869177410104631 0.41589696953513905 0.11070925782192065 0.08523561151914834
1 0.24813876627912573 0.4921406051410527 0.11843075256024874 0.08431084030732094
1 0.3298485817676752 0.17056875195685403 0.12117632096198286 0.10475088606495557
0 0.20121347446809962 0.8038752016572916 0.05273015785015547 0.05095646424430526
0 0.20468781398710822 0.8510212686267536 0.05071263154179624 0.04301641848667046
1 0.34178786866996524 0.23257454438050867 0.1011522472985769 0.08134533697334119