1 0.5809418005906222 0.5355856616685231 0.135935104872647 0.14064254903944934
1 0.5905659269010691 0.46994085774610744 0.14268575262089378 0.14937053923649568
1 0.4404217203949775 0.7960829656094491 0.07295544108527138 0.07569539216750946
1 0.5746090623108145 0.40494745088650796 0.18980058451458143 0.18413284316508136
1 0.3935758012089311 0.7541881371858196 0.10454540252860856 0.1097314706034794
1 0.581017353488371 0.304947450886508 0.24246450956072393 0.20887313729071338
1 0.5577078662882975 0.19769171559710874 0.2785417119047624 0.2404708333744682
1 0.3276585094130657 0.6717475244518523 0.16516152991878955 0.16194975492615776
1 0.5246927120616459 0.09321642153626403 0.2451889913621267 0.18643284307252805
1 0.5139938463916572 0.045609681342302824 0.2657623072166855 0.09121936268460565
1 0.19588448257659508 0.5300749264346558 0.2934448210963462 0.2798018137685608
1 0.5833380104927999 0.6551917400983227 0.11412066162790709 0.11422970589904882
1 0.5781183868032466 0.5917212253938923 0.11432092072720579 0.11735470589904899
1 0.4687877498523417 0.8244324508988484 0.0698304410852714 0.07523764706898639