1 0.4221997758136702 0.8819252890140892 0.09157874275686137 0.08614763406143026
0 0.4263698047543184 0.720236529786192 0.13502436413529217 0.12890595201493477
1 0.48834223966178925 0.9703046049935541 0.14009741327377298 0.05939079001289187
1 0.31688313580089594 0.19798604916477608 0.12203735545628831 0.16252979211539267
0 0.4930500070517029 0.7907291730755193 0.13025569361838052 0.11442278657865437
1 0.3905032730695632 0.26864393968573413 0.1598823265475459 0.1968446119144768
1 0.5538961992342182 0.8573606518513557 0.20456576585833056 0.1844045934586827
1 0.5049107441608209 0.3132650626736876 0.18999596815571512 0.2439599354047198
0 0.6613231573069701 0.9425775290298695 0.15606738436503065 0.11484494194026099
0 0.7318081500638315 0.9931934324698837 0.14111202310146903 0.01361313506023265
0 0.5978287643905593 0.33192469304395866 0.1622768063178075 0.19101527735075718
1 0.5863129118379076 0.12813860478908018 0.16325082367581523 0.12040227365959835
1 0.7694399710274458 0.3988563775258888 0.3249797398213188 0.30673005101035555
1 0.7380986271537979 0.15702946208960844 0.19494725430759594 0.14158609530426194
1 0.8805905201978325 0.5162539122589637 0.23881895960433502 0.2708527312112714
1 0.886941972527123 0.1870621539538563 0.18325894505424606 0.16000560084100018
0 0.9611303034141709 0.658591465447833 0.07773939317165812 0.1676679483237759
1 0.15050735539247642 0.4324216266791122 0.08743913292916528 0.09020413590700938
1 0.14182228315252648 0.3712737939609721 0.09230926298659989 0.09239763406143
1 0.1860085764837341 0.4664209474009862 0.08183848264199219 0.08176063775258875
1 0.2477476443522761 0.6854262662772805 0.09965504333120753 0.10261396493399069
1 0.2303572036375321 0.5300626826363507 0.12317371384811908 0.1196211229879534
1 0.2745840750159628 0.5729261669489254 0.09910715315890375 0.09792646493399068
1 0.3259436775686145 0.7820757395163789 0.10894887281429604 0.09002379396097204
1 0.346915657370782 0.6457174747517433 0.1416396242501614 0.13287228288749553