1 0.21622953317551077 0.8138231095067635 0.13054595391148133 0.09640621923645228
1 0.21809553807648313 0.8827511138888173 0.12415925287472207 0.09407631573080906
1 0.41675083671041707 0.29990792083322615 0.12363157257314791 0.12338011397798762
1 0.21541074401421473 0.949541065641639 0.11593664976444432 0.08842956134875521
1 0.48928065612601906 0.3554023637773548 0.16556479434509228 0.16098888588825727
1 0.3486730118746778 0.9829182718433922 0.18169835080120356 0.03416345631321569
0 0.37013720023477026 0.9483716906973705 0.1716589694628702 0.10325661860525912
1 0.5688027693210655 0.42123106110353736 0.24529054203601816 0.24188087707956427
0 0.6221048436376397 0.5430635215981743 0.18439270678620331 0.18184924552877604
1 0.6788347143255566 0.6708443592838382 0.3112668565506477 0.2716217630124067
0 0.7921467756826404 0.8197861793967013 0.21966582544787006 0.21400311393340238
0 0.1331004237036582 0.43722207009057057 0.050839330066018464 0.051068026292323584
1 0.0985997016488899 0.542746206067998 0.062460335249814716 0.060223482427199215
1 0.09697983011250122 0.6515179604500518 0.05892523213953695 0.05515228067437761
0 0.11851236899097332 0.5949386446523651 0.052675232139536954 0.05438487716873439
1 0.09450964952810316 0.6978035613264627 0.05484332488222214 0.043831078921556
1 0.0923525357674089 0.7946647148321058 0.06320262902925919 0.05104033330361002
1 0.11139506168639031 0.7575207235962137 0.06076113421305544 0.05846913155078841
1 0.313459032846204 0.21694710948447096 0.09216695909527761 0.09942244732618262
1 0.21564023015976944 0.5136866446077801 0.11568237153638868 0.1208583595959336
1 0.11426790904722392 0.914222657798527 0.0915422425071295 0.07461429820259333
0 0.22595372210125114 0.6033929296865042 0.1052725518379628 0.09021160521387976
1 0.35417221573967633 0.24800425858576766 0.12417837672018503 0.12963011397798754
1 0.2013262860502328 0.7314496972370124 0.12640525805851838 0.10208066660722004
0 0.2313158738919457 0.677488061259585 0.10982335080120356 0.089224657843112
1 0.11663609363763978 0.48099976307928427 0.06953054147037023 0.07036588593284243
1 0.13444760169615813 0.3947467937759544 0.07007734561740726 0.07661588593284234
1 0.1494861327989358 0.3492147499108299 0.06755793836009247 0.06548653505643154