0 0.6702381822225227 0.1494891307174828 0.0924523271096728 0.11421257132095194
1 0.19423656412073398 0.36623045588768566 0.13622960064862308 0.12037338161382535
0 0.7454427337646503 0.15332506307255706 0.09727619480442443 0.1225177474237598
1 0.22655023213979725 0.42388344853563326 0.15568871266133194 0.16296908602505678
1 0.861517747157331 0.16695363586996323 0.1467773628234877 0.18854623381944102
1 0.26794284537032204 0.41875022629416386 0.1599398360381265 0.13846176212786449
1 0.33574399999670473 0.44684478548725126 0.18951033360249453 0.22423031874471172
0 0.942954707790068 0.21396477943842834 0.0980944009729349 0.16939274742375982
0 0.4360673283241935 0.49969772464448486 0.15620690990138844 0.19265658602505678
1 0.5431861274306891 0.583143762331308 0.30079448132901837 0.34510109447689497
0 0.8084077528360785 0.6217959252064654 0.24380809577735932 0.29700148124320086
1 0.9269478782447631 0.6249820331144544 0.1461042435104737 0.29767253676026184
1 0.18185179220663672 0.14994619540950008 0.07493754464226869 0.09365609227732312
1 0.40367224512873606 0.1235011932099281 0.12378414772652384 0.1221845786730043
1 0.5117302069792891 0.12623214284534737 0.12257620373287814 0.1423328533054017
1 0.12634390624794042 0.288053784010797 0.08107845048646735 0.08806299374773356
0 0.605012602677218 0.1344294834729915 0.09716710064862326 0.11626774742375981