1 0.5682572211662517 0.2057735730092018 0.160523626022532 0.15962957576345352
1 0.8154073543149197 0.1143362746664934 0.10796091567683312 0.12104556576151389
1 0.13464440228249092 0.3750801351468717 0.09197220282385157 0.1072701081851685
1 0.5177774995377815 0.27410885588995876 0.15817151583511765 0.18593698424818444
1 0.8251437186589692 0.20673106875713804 0.19539873119538137 0.17962308243141328
1 0.4903321126281899 0.38050224816383216 0.17801265439406197 0.2249675333397989
0 0.8023487278301692 0.28455305087929056 0.14756898495630538 0.1429842097023773
1 0.3958212461725693 0.4696600851371734 0.19248433135366608 0.24017794515850963
1 0.779803789587794 0.37096878300144315 0.20421144154108042 0.214635811219586
1 0.3288192657686106 0.6160884171095448 0.22376307508545992 0.2972888145535659
1 0.7455377528364868 0.5390011769423065 0.2603825366848003 0.32365986697916027
0 0.6937205032321982 0.6959365742171498 0.2266152904457238 0.288168906068835
0 0.5613746676553901 0.8304705551313545 0.2510697211662517 0.27145963819098745
1 0.44086669239901033 0.015354642189284503 0.06418217194503928 0.030709284378569006
1 0.40322193989172783 0.027208861205038494 0.05163670783841656 0.05441772241007699
1 0.3662447771178887 0.04528183847115326 0.05489810015828454 0.0652740557595742
1 0.3325972028238516 0.07308784513911304 0.05820495658477522 0.07177914727484329
1 0.512415083465237 0.024235499081916093 0.06776181301126591 0.048470998163832185
1 0.29642402210332375 0.09483517044352462 0.0773641335443794 0.0873721963664577
1 0.4857532950645774 0.03603393294594921 0.05517088479802066 0.07206786589189842
1 0.4511198822907382 0.055581867558888366 0.06776181301126591 0.07879442182065048
1 0.26392141066226815 0.13507740423266715 0.07387542069139794 0.07461710485118864
1 0.41671379005001247 0.08423289710566541 0.07713681301126596 0.0795596963664577
1 0.22193013895465574 0.17217866256761685 0.0722219924781526 0.0713645590935541
1 0.37375941191590933 0.1151479283194324 0.075574313011266 0.07943215060882314
1 0.10771452625995888 0.23005454863257246 0.08293217194503918 0.06444487939699588
1 0.33279944279472173 0.16077916377556484 0.08053459765100204 0.0891897878817268
1 0.6980858105039836 0.04631805104846845 0.10290970282385174 0.0926361020969369
1 0.7484351514910681 0.03631337445636911 0.07790970282385157 0.07262674891273822
1 0.1418311134861197 0.24528106484342996 0.061011707838416515 0.06109673879011233
1 0.28152409930035477 0.20177069665632175 0.08384145407749281 0.09569487939699586
1 0.6817166644231918 0.06808264118661167 0.09518813103709682 0.11065019970043757
1 0.09406721489804551 0.2992987562089178 0.067761813011266 0.07879442182065048
1 0.23438232633910117 0.25025586514299236 0.08277905925034228 0.11275483363936127
1 0.6553503927155795 0.10390844194521602 0.11917120031656907 0.13131338606495563
1 0.8410916644231918 0.05507297390788905 0.08981866943775678 0.08683006242753397
1 0.17423208801758366 0.3092001725695565 0.10368259263643713 0.13472542848861027
1 0.6244784774344578 0.14636687997672398 0.15735316191590948 0.1578119842481845