1 0.6898030926292181 0.6930501521728575 0.11720780344607676 0.1055426803855326
1 0.6569398700701891 0.6221349361430951 0.12684660402042294 0.12203478923740985
1 0.594774696649641 0.5717090500169496 0.1618506647096382 0.14442664641529496
1 0.5608461344926543 0.48959620133162396 0.15560066470963835 0.14373295933379282
1 0.5164366474792542 0.4023631502536699 0.2073255057434613 0.17723403421543277
1 0.4398234249202253 0.32659212465339416 0.2149553756860268 0.1765386430673102
1 0.37538552750478293 0.24821551233093447 0.21284498551372283 0.17167772129693473
1 0.3100750650606232 0.17053343912328703 0.26641641614550365 0.19458813971932543
1 0.24046265175494436 0.11611544414526413 0.2432832947670729 0.1550070784748197
1 0.8233460912252587 0.884350946554842 0.07467533235481909 0.07151963612614551
1 0.8079341620293432 0.8604815961955239 0.07118507223995003 0.06804779258539426
1 0.7974836779195797 0.8347887611473326 0.07660309246968851 0.07481805789652105
1 0.781097724154424 0.7989405281324513 0.08946835258455757 0.0793304320595249
1 0.7586951302169643 0.7671728189212559 0.0923092629865998 0.09044135382990034
1 0.7309556865666776 0.7268989226285586 0.10783280344607675 0.10450214976327957