1 0.35353962701347585 0.9732092972027836 0.17819920783841656 0.05358140559443285
1 0.4247462842440246 0.1754693222097501 0.20126829796757123 0.219487396270378
1 0.4221365143187789 0.937886811836788 0.19294366943775673 0.09413219875988901
0 0.5274294195707707 0.898104106652629 0.2255288489046432 0.08880608133331229
0 0.6268360376757439 0.8453478047878178 0.2881197771178886 0.09666704813983325
1 0.7723962417532368 0.7671188288577346 0.3527111260225322 0.17327801494635436
0 0.8348233485754388 0.6129058481537666 0.30362040815498553 0.2007392415011376
1 0.8853187567304246 0.43821442408849426 0.21390469028743916 0.22512208963168218
1 0.11165130687607386 0.8180540282191016 0.08576766693047429 0.10783765601864026
1 0.14498429559330278 0.7219253120372805 0.08089831050398355 0.10123245850815117
0 0.19978310735092755 0.6415166842377419 0.08655727711788867 0.08139355518880328
0 0.24416725633471317 0.542310512247062 0.12854620031656916 0.1313469336130419
1 0.2488066629068532 0.971468737139849 0.08136967194503919 0.057062525720301946
1 0.29737848753009466 0.38191838652211574 0.17635922618081654 0.2207180095477696