1 0.35191269006676495 0.1885155667183645 0.10964878655241303 0.061003099629375515
1 0.36826943166925175 0.3533593167183645 0.1411967690095679 0.08287338161382526
1 0.3787308296906216 0.26400588381339724 0.14523991228577443 0.1080376069814279
1 0.39696015170263416 0.4321388591809999 0.18461249269530028 0.11526824117149341
1 0.40866568716223367 0.5501076091809999 0.19320019371911487 0.12390186800950645
1 0.4279511623146888 0.666553736019013 0.2152302339238777 0.12776352315594314
1 0.46661284726238106 0.7834901799520588 0.1966473720810115 0.11189454411231434
1 0.48567181108387736 0.8898621694738733 0.1857098720810116 0.11074496653909591
1 0.5055160252214541 0.09256009300044085 0.12962701023814543 0.09093457867300432
1 0.571855736483414 0.18457393160173777 0.19556209064767122 0.10095704411231435
1 0.6246816374382297 0.27284810457841246 0.21054273392387762 0.12727084705313524
1 0.6721696326930663 0.3930315380332727 0.2756784174048471 0.1604023617572401
1 0.7010324232717384 0.551458703657895 0.29286591740484713 0.16220884080086878
1 0.7535713231337404 0.7069626124803579 0.2898838596572391 0.1789036646980609
1 0.7602550822790723 0.8522352356423447 0.2634884978143731 0.16221355881641913
1 0.7748288615267857 0.9571717721427696 0.2595761988381874 0.08565645571446083