1 0.46436425289548416 0.10274180154542285 0.12929370181924557 0.09436938311602719
1 0.18381603453641251 0.7797481810080021 0.14397694003242129 0.14146257142762994
0 0.26422912655469516 0.7962987069825844 0.08205482878371625 0.08573867694751698
0 0.3550167923942954 0.8079844549539896 0.1132705955329393 0.11906937418757338
1 0.4974227320124319 0.5158906379905865 0.23863877667402048 0.1961967102256999
0 0.4696422185729777 0.8106673498411396 0.1537885876750565 0.15100121266133196
1 0.6461727551717957 0.4563093120987297 0.3003425641014079 0.24723310470581286
1 0.7924720204732767 0.3655461700542487 0.318510367244561 0.23506038717321703
0 0.6204063519475893 0.7916428401019069 0.18166103060296185 0.17958986282348768
1 0.8663697468996281 0.2705824975709586 0.250376797352185 0.21357512499835235
0 0.7670138323028821 0.7110223112879508 0.21312935442427944 0.18482283360249455
1 0.16800286745395804 0.3147777459428102 0.0944820541766104 0.08439436525911974
1 0.21144680645292202 0.2703049971606262 0.0911387303552929 0.07965231818121907
1 0.2530735343270155 0.23132827191739253 0.10087760339082212 0.08762845941492108
1 0.3923950535574379 0.15629922402871296 0.11657537799792798 0.08946369480442451