1 0.5192876302807761 0.9518583274188142 0.21418426298659982 0.08363175469445353
0 0.5297076880663549 0.8760952587523597 0.10998377166560384 0.04653064934754454
0 0.5493201806955926 0.25986118407858727 0.11517858379068446 0.10432496801399935
0 0.3827819438736281 0.9853942493634531 0.11183036126356152 0.02921150127309389
0 0.4798701084237368 0.18473336740131505 0.1262784248245076 0.13254087468172662
0 0.3834821315252059 0.09912203672022482 0.1271915751116806 0.14035337468172657
0 0.2085835189534028 0.7119845687062254 0.18620131499681136 0.13791926535645338
0 0.28509536850670003 0.04399763737268001 0.10793426298659989 0.08239542401336301
0 0.09036622841416105 0.8207044933561353 0.1807324568283221 0.10706925469445343
0 0.046149501547536095 0.9183329240133631 0.09229900309507219 0.100655622692544
0 0.020576242884485178 0.9633727040101814 0.041152485768970355 0.06424540802036276
1 0.7600953180280717 0.47119122477717673 0.08374595373324993 0.10239884134309048
1 0.699512897574972 0.7552480514401314 0.09168020229738456 0.0634817920114541
1 0.7171570159859544 0.3901134001034044 0.095048713848119 0.10565111067790856
0 0.6601257155073259 0.8111162434356771 0.05969968206764609 0.056868165340545215
0 0.6109881288130048 0.8567009160964048 0.0647727312061269 0.033521572008272216
0 0.6099938224313856 0.7581179654280412 0.06954140172303838 0.047620434675363296
0 0.5904828470325318 0.904965693427723 0.08232549132099613 0.03684656667727211
1 0.635186654690487 0.2882412700906777 0.12747566470963817 0.12943405601527208
0 0.5611504698468279 0.8279577507558595 0.09876218206764609 0.05732269867918127