1 0.18818501046098163 0.14970237728019709 0.2281244842481845 0.1796004209446888
0 0.22432954667571847 0.2154925351901867 0.11913237939699586 0.09506326310157673
0 0.5739451042714604 0.7091397634136722 0.14534393515656988 0.15087417537132772
0 0.28040471924527494 0.0453080768085529 0.12238492515463033 0.0906161536171058
0 0.6775961338182375 0.7319216318851763 0.16807980455162622 0.183055736764668
0 0.8121782989709281 0.7469602328284647 0.16689994182452983 0.1875513858882572
0 0.5985482966757184 0.16954425028980286 0.22324553667377883 0.21457866656263486
0 0.9289034133650145 0.736573592535861 0.13118584030732094 0.12902686836004146
0 0.6519289039428031 0.05639988829106326 0.2392851248550681 0.11279977658212652
1 0.26673876896510923 0.6576938816845436 0.11450852333785928 0.1331665087195228
1 0.1495521715307864 0.40142803514560166 0.10714256242753399 0.09977845609029039
1 0.35285148320941434 0.6976217106729772 0.12439370636839744 0.14056761397798745
0 0.1514178183465877 0.33728345620175315 0.0744895590935541 0.07875393856207466
0 0.16597478379884084 0.27394782024661823 0.0730865557595742 0.061566438562074666
0 0.22442475471110573 0.3519917413250623 0.08048446757828502 0.07639634206771788
0 0.15414459243335296 0.2256883246286722 0.0910393303053814 0.07305179820259333
1 0.4829055160901713 0.7345214651219087 0.16457216727872268 0.17798453501184658
0 0.2263861253141099 0.2696865615048029 0.11183006242753395 0.1003540087195228