0 0.29274059832684485 0.09645179231884204 0.08309634288963733 0.05242095391148131
0 0.30904868923931583 0.13368795216805496 0.07314833992388783 0.0375382476909258
0 0.3442208211779886 0.3664122692745827 0.16899935079830275 0.09730280989648117
1 0.3316850346004111 0.19249631564592531 0.18331651878308025 0.10478311922731445
0 0.3586242193911026 0.28048433119731414 0.16007001977166357 0.10742010367592565
0 0.4136261012925943 0.12104027214930477 0.09935801285158127 0.0694129642790739
0 0.4260505054372075 0.0629639319985177 0.08772017589344294 0.0512685570217591
0 0.6308161206443283 0.9890596658814811 0.1854865138401644 0.02188066823703778
0 0.6786541013669565 0.9320337266264339 0.16864652372599628 0.12685360885972194
0 0.7704384002646425 0.7773646419422671 0.24874520060802235 0.18212616069768472
0 0.7922776136870651 0.6064561111223133 0.2348737015966055 0.18558335136685145
0 0.8728060776037794 0.4430176191808317 0.23768036661563352 0.1780442534403699
1 0.8788611235357158 0.26683582799328537 0.23337486859280004 0.18700915033009213
0 0.8916556007983027 0.16052703939763718 0.17544035178688588 0.1025371140435182
0 0.8912298364638467 0.09276334095277608 0.14808467292769337 0.042537397455370086
0 0.9614030039915138 0.9529539449580084 0.0771939920169725 0.09409211008398302
1 0.1517812421656967 0.7637193303488423 0.09811384783255325 0.07708876324231469
1 0.14862972585407433 0.6863755803488424 0.10324701680591394 0.08843636635259244
1 0.16048378562617532 0.5760921912348145 0.126684516805914 0.09048688190398124
0 0.15905393680503893 0.5027913922715739 0.09741351087441492 0.059901263242314685
0 0.1688016685162502 0.41723460108402755 0.06916117688202617 0.05431564458064808
1 0.2421608444468742 0.8611499878889811 0.10787084980971959 0.0872839694628702
1 0.19269547186256059 0.2776444207824533 0.1484321828135252 0.08927569641861091
0 0.20609873866847456 0.3582204775213885 0.09817751482874763 0.07865126324231468
1 0.26263782912383504 0.7905442534403699 0.12257001977166349 0.10413927879370348
0 0.26857481132933786 0.7069894596609254 0.10697951186299814 0.0654089694628702
1 0.26688634144394363 0.4553975653631014 0.17843801779449714 0.0996855161170366
0 0.28764846349678463 0.6401532741755551 0.11217634783255326 0.07831907257314796
0 0.28682610973273237 0.5435516762490735 0.12949118182494201 0.08294778397749987