0 0.6525611793527656 0.34925884942751184 0.08326025025210164 0.07480117694751698
0 0.8215789771231927 0.32255780194257405 0.07791718639013112 0.06534435633066593
1 0.09923907342035136 0.47069037540538944 0.07407092055068931 0.0996102621748646
0 0.2526318711907784 0.44371659253094825 0.09205609604505716 0.08900004464226878
0 0.6296207060879707 0.3894338360348312 0.08791489926336578 0.09673072402541774
1 0.18416037663866006 0.47997564650870783 0.10339778763096837 0.1172886858759707
1 0.5458684189612054 0.41918379139256257 0.17869271857321783 0.14513304220663664
0 0.07886087144287995 0.5140312723211344 0.0649801438154842 0.05887616801906326
1 0.8241683815823386 0.38190552840362374 0.18131497402109958 0.18263304220663673
0 0.1538497997872394 0.55981710511285 0.08333665990702759 0.09821140340856652
1 0.09130052330413584 0.5914977532464109 0.10416261213660054 0.1282261858759707
0 0.5364766294886516 0.5415263956946336 0.15445754307885 0.1556341655834313
0 0.8332534405006304 0.5006691651730989 0.12316398441265974 0.10983074188232518
1 0.4673767042463853 0.6245922658250173 0.24743128293939134 0.3023921631477993
0 0.8084826694654085 0.5704634679330425 0.13199268119435104 0.10218188311602727
0 0.38720252121044896 0.7613052873353727 0.1741580378830699 0.191871674511885
1 0.8260522177400386 0.6878146091667444 0.28129283070981836 0.2733319545436572
1 0.2500738618076244 0.8088506688298421 0.17012610174504034 0.20116485389503397
0 0.7149229656463516 0.8505173863591426 0.2234696230323639 0.20521715421934558
0 0.33435784654926026 0.2399251651763942 0.04234031930985207 0.04755683847375849
1 0.41213863912390725 0.24752520535443603 0.11814870248167461 0.10506142126547413
1 0.26078358875559016 0.29248137499835236 0.09027507475773362 0.08584777110331832
0 0.3065495568246049 0.28859844439738735 0.04223105866619026 0.045994338473758486
0 0.381188923904884 0.30706780072805334 0.08082366510280767 0.062273903408566686
1 0.6590354184570024 0.2744634009696394 0.1503820482746301 0.1196693920444809
0 0.33052228838727304 0.3412967504037418 0.06527507475773371 0.08541139448011296
1 0.2749496315823386 0.37231887946257924 0.10921074505632138 0.11114778003177203
1 0.15386123542106592 0.4037580198855024 0.0848991599070276 0.09823867694751698