1 0.43607083527410895 0.3868899159704302 0.18464935482510808 0.17718853558899425
1 0.2229687847332335 0.49830621292813093 0.14433588560718838 0.1288491946765232
0 0.809099226081246 0.23288291791041543 0.0854603040764367 0.09843218281352521
1 0.8657658119797528 0.2266528225493202 0.10171078868539637 0.12244268577927467
0 0.5039258419296393 0.4249045691264601 0.11166925124778579 0.1290746877564411
1 0.9378286996669205 0.24253780772057257 0.10814867637256427 0.14138368676785787
1 0.2924283134353344 0.5535083660841609 0.18406589226271874 0.17093853558899424
1 0.6055093529529245 0.42939179787192183 0.19621233943406793 0.20100803756616056
0 0.3458561559893714 0.5881897722059405 0.14575251996659108 0.12735036167271757
1 0.6919375831941295 0.48154986406981354 0.1596913768716785 0.19329369665368965
1 0.4238674126449018 0.6257905898867068 0.2304834958400411 0.21797004448624283
1 0.818791814475324 0.47951783737806786 0.2090881148084036 0.23889003954332697
1 0.18804850207896967 0.8298864767682954 0.08383598252898032 0.1310536818249421
1 0.5425456913470027 0.6789872326626135 0.28294341222930974 0.29637888737588014
1 0.9257959958400411 0.522448142207253 0.1484080083199178 0.288890039543327
1 0.983702439683625 0.5482492968461576 0.0325951206327499 0.30299234882113646
1 0.6989328687595567 0.7580951180241462 0.35615342554037055 0.3803029012160447
0 0.8438918159309058 0.7819889213704567 0.27763042762035006 0.2728140533834914
1 0.9507885191343973 0.754783139735795 0.09842296173120531 0.18481003460041112
0 0.2754634540346754 0.23737403011460576 0.05466770049911425 0.052037343878220545
1 0.30427576019109154 0.22678935718691234 0.0740431851080741 0.07617518083635881
1 0.3635568163475076 0.21496317783342828 0.07814722254568478 0.07011618182494202
1 0.41255676788661166 0.2106139174533049 0.07331385690508743 0.06836268083635881
1 0.4533066225039237 0.20189549205415358 0.0706264538268794 0.07292284684397003
1 0.501452391222729 0.1967968151721274 0.08400164767046334 0.08280718281352514
1 0.5543796037851183 0.20091397079961532 0.08600174459225532 0.08755834980971962
1 0.12370680116426343 0.42628131570360006 0.09137655074867145 0.07843801779449713
1 0.6108484022460143 0.2009657089366172 0.09766857279524199 0.09581651878308035
0 0.6730986930113902 0.21254519608503591 0.0794600133110606 0.08417868182494201
1 0.17535334525740448 0.4586826388215739 0.14600222920121517 0.11335152866891214
1 0.7301818648084035 0.2023770172258435 0.09585636356061791 0.10975168479069153
0 0.3262483386018741 0.41175460619832915 0.06408472254568487 0.06954317885919252
0 0.37613338373500493 0.39168484532391423 0.0768764538268794 0.07317751482874764