1 0.11488170941508388 0.17055243664223269 0.07704394281956929 0.08583894703379284
0 0.20349656026129806 0.22487358590559853 0.064814207114677 0.06487088317182244
1 0.7342439485705865 0.5294335798766392 0.1799916004764711 0.16884782500983525
1 0.142998250369743 0.21748742080279088 0.0926182735786841 0.10858803218308673
0 0.48157505676971335 0.4186717704541443 0.11849665379557414 0.11658620248167448
0 0.07610634928529328 0.24436699505632148 0.062347992277344444 0.06933986188449896
0 0.3861654265528233 0.4183115015126092 0.14054057960891136 0.14133483020561535
1 0.6366763697421357 0.5612684519005968 0.2094088361813636 0.19101775595208464
0 0.29412572601059844 0.42765401450205953 0.12606422412090898 0.12639824505632138
1 0.2022042820408257 0.3912469849168628 0.19302371253692563 0.22855060694082044
1 0.5242523736034634 0.5865419674879371 0.23364871253692562 0.23139138367602552
0 0.07187283209418976 0.4648651653549091 0.14374566418837953 0.15260011213660046
0 0.3908866351874467 0.6766210282478143 0.23318418780803807 0.2390946230323639
0 0.020768523167966683 0.4611995799535138 0.041537046335933366 0.13489915990702758
0 0.25583172366921714 0.7113570251457213 0.21599668780803807 0.23789275595208484
1 0.13641039874306843 0.6874446417217973 0.27282079748613686 0.3513103997675689
0 0.02639348915550267 0.7142917289647781 0.05278697831100534 0.1785834579295562
1 0.6348141475928649 0.18718645969426698 0.05055744668089712 0.05149679802252858
1 0.5746452302826437 0.1774565445914593 0.07975508733156697 0.07210422896477806
1 0.6384078805866329 0.24581841452172998 0.07416387249423444 0.07635468639013113
1 0.48636398028264366 0.1712833182245713 0.07372468238578947 0.07322968639013112
1 0.552529508872859 0.2169343078330111 0.06481420711467685 0.0648708831718225
0 0.5920945355324104 0.2441577255337088 0.05702704173511961 0.05349634059717552
0 0.4367060401741987 0.17096660794922663 0.06171454173511961 0.05382412252816073
0 0.3903800278097549 0.1637825386393746 0.05858954173511961 0.05360560124083724
0 0.5058149756408554 0.2349687598104825 0.07462839722312183 0.06865144703379285
0 0.3437372901741987 0.1644655996513534 0.04655406646400717 0.04502827673520508
0 0.4423014632764117 0.22658282342035138 0.07262670711467685 0.06541718639013112
1 0.2970565506079786 0.1485785196978396 0.07904563292801425 0.08907320767745457
0 0.37936227316796667 0.22533739767388195 0.06571792195200947 0.0602926438154842
0 0.7199281023661606 0.4179826276470663 0.08063346754845693 0.07835422896477802
0 0.2399661723217525 0.16746527749150975 0.053462851626674635 0.05015281930985207
0 0.6725885776372731 0.40678304769355245 0.066815897223122 0.06810514381548423
0 0.324687440478188 0.2270366554675521 0.06950170711467703 0.06519866510280767
0 0.1891975896319738 0.16943768689433422 0.04098818624711718 0.038450494804219915
0 0.6285471869866033 0.4226376406365165 0.0892990131449043 0.09597877153942509
1 0.573466957854163 0.39354036649920143 0.16505072025958115 0.16161447921687966
0 0.2658740954239655 0.22450188133023707 0.05968751700623205 0.06141810124083724