0 0.19248923680416813 0.7961982226204162 0.07843664976444434 0.08128824769092588
0 0.16820355334504802 0.9208175138079625 0.05111273213953695 0.0525385311027776
0 0.2848980780862509 0.5137951172010642 0.08374886635259245 0.10656164976444416
0 0.34445617167740794 0.30094309415680487 0.0664834539114814 0.08644463939685174
0 0.20411095051759415 0.8523210835063884 0.07224543836009245 0.06369064458064813
0 0.18896582120551106 0.9714422303961106 0.06191353110277768 0.051932938360092606
0 0.21912150438180727 0.9236977975026385 0.06783134043361097 0.06640554147037037
0 0.3188342892077788 0.5758063931200456 0.10929567049962943 0.11499886635259245
0 0.3831967514606024 0.3350344216309251 0.07443265494824054 0.08869064458064795
0 0.2553720712055111 0.9684895237513192 0.08767494872768503 0.06302095249736155
0 0.42267962502324147 0.3786374501418047 0.12138556738935162 0.1114049746466664
0 0.3733857967006493 0.6451318830352769 0.10814327360990728 0.11954966531583314
0 0.45511212474041746 0.4578362260607861 0.1370296912348145 0.14843608294074057
0 0.42357243293995506 0.746351921913749 0.14829938190398123 0.13546719123481452
0 0.5329938254943528 0.539436832045786 0.15742010367592557 0.1688264953818516
0 0.46753846347708483 0.8556872571635636 0.17827940782296264 0.17685360885972196
0 0.627643361215279 0.6453341004718969 0.20470520678620333 0.17761502648462937
0 0.6901447782745385 0.7767590491995818 0.25784933063166626 0.2179269596609256
1 0.02704927723817187 0.6340421008012036 0.05409855447634374 0.06769463939685175
1 0.014540069580255296 0.7194621909519906 0.029080139160510592 0.04398373732333329
1 0.009315681620764594 0.7625676419887498 0.018631363241529187 0.05029252591898139
1 0.029720436945972838 0.6824502065033794 0.059440873891945675 0.07095634043361088
1 0.05203989406148295 0.7728892787937035 0.0528119331762962 0.05423773213953709
0 0.0937379614508346 0.6741975005656478 0.05037043836009247 0.06177683006601846
0 0.13367874773740857 0.6225857738927311 0.05988213939685174 0.06415953628657398
0 0.11008613138481618 0.7212871140435182 0.05755822177194436 0.03759703628657398
0 0.22591193176217655 0.3511885189917588 0.057226031102777686 0.05152283524981467
0 0.11956914665338107 0.7748611733743515 0.03623002591898139 0.04193322177194432
0 0.15090591248759386 0.6776245884073606 0.07978453628657398 0.06124914976444416
0 0.1287493655506034 0.8228981321868052 0.054511134213055444 0.05593693317629622
1 0.28289324655963005 0.2577700011312957 0.1478304901980553 0.1478304901980553
0 0.16008613138481617 0.7256615472198144 0.07449144354388877 0.07163984561740726
0 0.25815850376967664 0.39652014283722165 0.09663984561740727 0.07667866013203692
0 0.14944328289268682 0.8743040987749533 0.05037043836009247 0.06177683006601846
0 0.2687255654095842 0.4556996532048142 0.08917866013203693 0.0977334539114814
0 0.7397169683780571 0.9062949754951383 0.2950362638079625 0.1874100490097234
0 0.5407818909039369 0.9392941117344439 0.28154110885972194 0.12141177653111228