0 0.6928447413135477 0.3131038097790677 0.08249147642635143 0.09602320533113406
1 0.2221384431327932 0.4191123981923628 0.125950377997928 0.09104620031656907
0 0.7625044239023708 0.33063463908766977 0.08598034946188057 0.10392663354437941
1 0.24692442741702753 0.4809759006996453 0.13870724317557448 0.1304269490629279
1 0.8706465636871232 0.36816807983732747 0.12758996071058562 0.15975073620994645
1 0.28698650123834507 0.4845040659807669 0.1484075748547749 0.10418269780928675
1 0.34836280293375615 0.5257451799291051 0.16781685442427952 0.18588733887551356
0 0.9477399106678046 0.42772728477275007 0.08823636228216217 0.15236413354437944
0 0.9937629243166555 0.4596388628277109 0.012474151366689057 0.17122178213245362
0 0.43530418486062555 0.5951878502247915 0.13703773531769164 0.16158602084968265
1 0.5276073089296122 0.6957668602539214 0.26600610545773673 0.28392768527287426
0 0.7735255845701753 0.7856176557807173 0.2159675641014079 0.24814329796757129
1 0.9120870469379001 0.8115627271717605 0.1758259061241997 0.24023986975432585
1 0.23444358229837298 0.2130071506996453 0.06450345574818694 0.07833560015828456
1 0.4458733879227255 0.23423597835889468 0.11210620181924558 0.095324523356965
1 0.545584443547078 0.25871548964166574 0.1083647717116218 0.115500631037097
1 0.16802667783131228 0.33228599960428856 0.07514985731976358 0.07240384890464338
0 0.6328682737785363 0.2851212137774183 0.08561647642635144 0.09611413354437941