1 0.65625 0.33098613635914276 0.1125 0.08477619480442442
1 0.67109375 0.3945264849791711 0.1 0.08612050649282174
1 0.640625 0.2721196509696394 0.1046875 0.0658898271096728
1 0.67109375 0.47030773497917105 0.140625 0.0899546185055307
1 0.675 0.5492821688265469 0.140625 0.09151711850553071
1 0.67265625 0.6281475085181214 0.13125 0.0991659772718286
1 0.66796875 0.7030656879012703 0.13125 0.0866659772718286
1 0.55234375 0.21823494601894516 0.1484375 0.10102848620028233
1 0.53515625 0.14293493709049146 0.1375 0.10552507142762994
1 0.66640625 0.7733509143623201 0.115625 0.094205741882325
1 0.56015625 0.37149631371369685 0.18125 0.11878873051823949
0 0.51171875 0.29486958400623636 0.128125 0.09129893019392785
0 0.49921875 0.4766826456946337 0.1703125 0.1076603157455871
1 0.5375 0.6812570973989169 0.1953125 0.12215919236879244
0 0.496875 0.5828917353862082 0.1625 0.12158644805083547
0 0.5265625 0.7693474326262646 0.1703125 0.1139103157455871
1 0.553125 0.9065298327884204 0.196875 0.11906146590774291
1 0.56171875 0.9563802337646503 0.1984375 0.0872395324706993
1 0.534375 0.8530775503210162 0.1765625 0.12339440990138835
1 0.76796875 0.3102799443940921 0.075 0.07162162986961632
0 0.7703125 0.3665708547025176 0.078125 0.056051176947516976
0 0.78125 0.42535551947517 0.0640625 0.060493215096964016
1 0.78515625 0.4816737033225458 0.08125 0.07173072402541755
1 0.80625 0.5945418960983755 0.0625 0.047965941558013724
0 0.79609375 0.5513958680951982 0.0609375 0.06043866801906326
1 0.79765625 0.6623606416341485 0.0828125 0.06394549756436803
1 0.646875 0.21363499512544076 0.0984375 0.08140573295387143