0 0.3725628470959671 0.6110345026701498 0.1589282030344174 0.13045612520535882
0 0.4240937830014431 0.6987836406096954 0.12665783697334124 0.11356422412090908
0 0.543498131933578 0.8727574184194502 0.13150483363936125 0.09725510433779902
1 0.28931797832913075 0.08417015513064902 0.1937175333397989 0.16834031026129803
0 0.524078194361112 0.7889905343412326 0.1591832945496865 0.13358112520535864
1 0.47836501862675346 0.18530813017591552 0.2979582363742164 0.3198987295431576
0 0.6416148334701834 0.29519828163010825 0.3011468803150798 0.35896122954315757
1 0.7831012186170552 0.39733506137052704 0.3514339227387344 0.3505828663324998
0 0.8435291802762865 0.5842311537136252 0.21906796182840926 0.2995439768320335
1 0.8390329989127382 0.5825461888762927 0.22933578213185085 0.3117990471573684
0 0.027145410671105936 0.5864442349244319 0.05429082134221187 0.06215373184356458
0 0.020106108475032598 0.5395312329937679 0.040212216950065195 0.05858954173511961
0 0.05051237497575417 0.6300379764213159 0.0690367845477469 0.069940897223122
0 0.015346783400141995 0.4878336008462142 0.03069356680028399 0.04364866151822966
0 0.07052211497381451 0.6781967530808674 0.06473192182065049 0.07396961206045453
0 0.11154585663886478 0.7149070440355265 0.06878169303247783 0.06681589722312183
0 0.14419911784875244 0.7690117627341868 0.06434928454774687 0.06928211206045454
1 0.03336307294885871 0.32789694590043666 0.06672614589771741 0.0767990131449042
0 0.1750825849679955 0.8164146240141807 0.061224284547746866 0.06884292195200956
1 0.03023002075278537 0.2825717785902153 0.06046004150557074 0.07860644281956937
0 0.05193045119824966 0.35722125965331947 0.07439396424430514 0.059881777440011955
0 0.21734996223895947 0.8568115699146175 0.08399210485118865 0.08285475271112439
0 0.2624074996616443 0.8914103732337203 0.05758910151720879 0.06215373184356423
1 0.04667595151235957 0.17267312557510173 0.09335190302471914 0.07811658347023913
0 0.28787001420551184 0.9295353647306044 0.060873598183228864 0.04562501700623187
0 0.20091111664080447 0.651376613580401 0.11403029121570665 0.11024496368712917
1 0.06715632271933773 0.19907936707198573 0.09767196757828503 0.08014360819912673
1 0.1373420505894265 0.41781244898130404 0.18651106909549373 0.146689241127141
1 0.19753063831167372 0.5414146240141808 0.19040134364130096 0.1565034312355859
0 0.12173251029180374 0.2779053624301975 0.10312474212409226 0.09017739336179424
0 0.10685668044546429 0.22361905060797857 0.10066942182065049 0.07902029830757167
0 0.3464797396597046 0.9305657526701498 0.06246804909161448 0.027314207114677202
0 0.1514361146839504 0.32084031876441405 0.1269448793969959 0.09815881917513147
0 0.2859400787590777 0.7166553029083854 0.11766547424624481 0.11693415379557415
1 0.35411663860153786 0.8653926100888161 0.17461684697528082 0.17127538563913863