0 0.6762074060306345 0.17170775075585953 0.11071429189534214 0.052780649347544804
0 0.6674209679961856 0.9042015300763602 0.12767858379068464 0.10447041868236298
1 0.6616883236758152 0.10756343475490504 0.13275163292916528 0.08112382535009013
1 0.6271814161774095 0.03928560208463247 0.11089692195277685 0.05434314934754479
1 0.6170049853222872 0.9635465213637714 0.12163150287173075 0.07290695727245726
0 0.49318187849394557 0.5081794107256337 0.2106534248245076 0.13352266669318064
0 0.4415381935545688 0.37338624005408844 0.2529220953414191 0.14805788136536221
0 0.393831199361842 0.25892375071608864 0.22903816470963836 0.13061584269572588
1 0.3513291545947691 0.12891807737904334 0.24961446528398445 0.14645901869827133
1 0.2969866112635615 0.0377840000397709 0.26584822252712303 0.07174992003499839
0 0.22045461691130502 0.5978482486871355 0.2521104190172343 0.2479124306969986
0 0.12305201576261278 0.5655073686744088 0.14565749993618815 0.2716397373488174
1 0.8355012787811186 0.5199645321053132 0.1199675433312077 0.09189769334818117
0 0.8300629839502338 0.6603349934356771 0.09596186413529217 0.11346361067790856
0 0.8248275865666974 0.5955185154359952 0.10324676298659981 0.08234088001272681
0 0.8189225720804203 0.7452457954328137 0.11004465315890392 0.08710110534690844
1 0.8109679912252783 0.45024237810308615 0.12613637281429604 0.07792610001590834
0 0.762905939119349 0.7999872920909958 0.10986202310146923 0.08553860534690863
0 0.7561485837268727 0.3817281880967228 0.09433848264199227 0.07287497334499946
0 0.7560065389278938 0.3871878474299501 0.09681413292916545 0.08070565467854492
1 0.7449676370772316 0.8801378687539504 0.12822647396298842 0.10915791868236298
0 0.7384639161135977 0.3105253500954501 0.12163150287173075 0.07943405601527206
1 0.7367289233567362 0.23560716609640467 0.14332387281429604 0.07812609468490823