1 0.7698945637938573 0.5476577575541526 0.2090456499342462 0.1631715342154328
1 0.2583700317120571 0.3609119390006894 0.17650341422935395 0.13956402057829873
1 0.22608543550763116 0.46499757500423744 0.19361491036802614 0.1737638947413025
1 0.7880702840534385 0.6988734140134015 0.1856081499342462 0.1605702076598007
1 0.18577720329432362 0.610491165074406 0.22881762134403089 0.20535733014881216
1 0.8189275974365782 0.8691850619800914 0.18001693509691358 0.16456402057829883
1 0.8597595676961595 0.9778256738121606 0.1865625340124641 0.04434865237567891
1 0.1686362067859084 0.7785517381594559 0.14534633618136344 0.19147847631891182
1 0.3792694362471172 0.07747201400492684 0.10853887249423436 0.08280057153365508
1 0.38086572991290063 0.11071892046417586 0.07177366151822966 0.05103371435577005
1 0.6500085015609208 0.2582577863798155 0.1205743477653467 0.09182702392628342
1 0.36560391616001786 0.1444019374492947 0.1359797527111244 0.09199874163003817
1 0.7000169606062617 0.30764484595032887 0.11432434776534688 0.09113333684478153
0 0.3402703153138037 0.18850304115659738 0.12084461206045445 0.07186136746703439
1 0.6804688350311601 0.360078714968758 0.13302367852446154 0.11474255454853619
0 0.3286824891964771 0.22643915168246714 0.121503397223122 0.0765488674670344
1 0.7366639575253944 0.4370696571948346 0.15777874884979665 0.12671888110416846
1 0.2843666259858192 0.2722787332600764 0.169375034012464 0.13262033349679675