0 0.5211108312815081 0.7484839949997996 0.16292046677957012 0.10657563727837313
0 0.5411360350660093 0.029490649470362885 0.09948896493399069 0.05898129894072577
0 0.46198966023247634 0.12378982835575705 0.14173644647819644 0.1540184313916646
0 0.3500760695421631 0.3293465685651438 0.20381558238520592 0.23969622551729675
0 0.24552432264346652 0.5598637009296995 0.2202819132577666 0.2482349510099125
1 0.16914266123127927 0.7916154411329162 0.21904990772102834 0.2618397059113892
1 0.11365921383029312 0.9307021323151939 0.20183281426234584 0.07704656865769692
1 0.753170780784995 0.1738053675243803 0.15102147416188777 0.08645240198280355
1 0.739649306623107 0.240116985172165 0.16634597047072894 0.09788725492615775
1 0.7714247411050371 0.07233749987659553 0.11640615067164503 0.056874950997572005
1 0.7742341426994718 0.0343995587004879 0.11057681610792525 0.05908446080052569
1 0.7538166749971118 0.11780404399605737 0.13548664513490644 0.07345504903944935
1 0.7724311205525185 0.006657291610106286 0.11631597969862621 0.013314583220212572
0 0.6870052515886582 0.3182859802768584 0.13467530503444855 0.09018480394092618
1 0.6051701335475878 0.6588207351845055 0.21838911745121514 0.15452455885474342
0 0.6526905311179293 0.39683350479041285 0.1517726340614299 0.10341102943354201
0 0.6284719797746394 0.4800289214591363 0.15117162667911224 0.12170328433501894
0 0.6011134330452982 0.5751719606771213 0.16565479211539264 0.12688813727837314