1 0.8040511714150119 0.2848805239393969 0.06634205223856356 0.10418866801906326
1 0.6549043424913397 0.32832874066121387 0.08985479534115867 0.13582049756436804
1 0.7435574067156908 0.3220708323813833 0.1151823439616777 0.14250687418757346
1 0.5921896585247132 0.36782188879477473 0.12644074852966192 0.17860801542127547
1 0.48613773236000285 0.3995337646072013 0.1346626843053107 0.18655688311602728
1 0.38431960481581146 0.43756382426700374 0.13877033016686777 0.20536143019392786
1 0.2903925424004826 0.49212286485208256 0.12388895861557021 0.18949096834337484
1 0.19700439054603175 0.5271779289761118 0.12019074852966197 0.17849892126547412
1 0.9554526794998415 0.40624878367862943 0.08909464100031705 0.12660913879807006
1 0.9010467593837959 0.48248795535114075 0.11443207146044046 0.1877648271096728
1 0.8395603827441157 0.5454186034847016 0.13860655585660808 0.20223643019392784
1 0.7476871432595653 0.6093799176087309 0.17625704206179832 0.26533644805083545
1 0.6091878872666714 0.6623804123337251 0.18011902645796596 0.2794534951287361
1 0.485157245023159 0.7382689821397972 0.1942634136130959 0.281261456979289
1 0.35093937528088376 0.7687086842511176 0.17568383197589005 0.25439894805083546
1 0.2187753284693871 0.8085506599013884 0.18489505766563052 0.2514375892845372