1 0.4071632296107319 0.6618758720564928 0.21323053465220365 0.1311811840799308
1 0.455722449329936 0.38029725731510383 0.19488638723676135 0.2008754350298613
1 0.4765422975111798 0.7393819697960413 0.21185066470963837 0.13270731648875014
1 0.5561993279195994 0.47588055461781203 0.2310876878111074 0.21730052203583344
1 0.5956068422782528 0.8666510249825343 0.24299920516911513 0.14589830072118062
1 0.6776178104658739 0.9516968657882288 0.2566558525845576 0.0760949469977085
1 0.7148032368538704 0.57951143484243 0.29090911844288814 0.23583362290951407
1 0.85692982651564 0.7192434692273604 0.28614034696872004 0.2285666367772226
1 0.9168628756222148 0.9052523979889576 0.1662742487555704 0.1553096683123613
1 0.1211850938736478 0.2392423783247569 0.06576705201021146 0.05606946846486114
1 0.1369420374282166 0.6086288111704166 0.08405033235481914 0.0658445119678472
1 0.1464083019783055 0.18695252650114574 0.07128653178047299 0.049964938829583395
1 0.15426144492662225 0.6763793556233333 0.07100244218251532 0.06086607123840295
1 0.18113841037013637 0.14227515292604154 0.06899351155073456 0.043678571238402866
1 0.19966526716657218 0.7364258496394096 0.09415585258455765 0.07231271751493065
1 0.21606129333120755 0.08584266175975677 0.0958198121250807 0.05988545269729175
1 0.24097006483728173 0.8083183802246179 0.09368913292916528 0.08165134992375016
1 0.2749696674218393 0.8780308149701387 0.09772728321633836 0.08953658510611114
1 0.32375209524570125 0.5447442298640276 0.18260959534141907 0.149167464665139
1 0.35690960960435464 0.935660170593472 0.12181413292916528 0.08230596656499997