1 0.594205559715675 0.36410589640999613 0.05503293364502539 0.060966243731793844
1 0.5638686199223295 0.3858755963308539 0.06600679508134384 0.0675344924781526
1 0.524206677103922 0.41596626161197553 0.0880363311856975 0.09473348997087006
1 0.8416168909013726 0.46347672525637973 0.09898292154477702 0.09661423871722903
1 0.7698464300307882 0.47935412635173646 0.10201701795398091 0.08108016693047429
1 0.7630651649054776 0.5221182878719344 0.07852497579950324 0.07102320533113407
1 0.7743480985505031 0.5818115366182932 0.14757495764913048 0.12458612602253201
0 0.7435026195295462 0.6504335044858396 0.1288340480082102 0.12560305674305994
1 0.7033275923039872 0.7265951877136498 0.1714669756031114 0.20339308762187222
1 0.61881675779864 0.8350548939027137 0.2123828670936593 0.2545751543940618
0 0.5318576341638773 0.9164757608205527 0.18542039129415605 0.16704847835889466
0 0.40482295637258436 0.9678503927155795 0.17073974687674212 0.06429921456884102