0 0.3123741258157218 0.6363246814225156 0.08264095048646727 0.09158887256160213
0 0.27915292817192355 0.969038161810438 0.0428420649348082 0.0436795588300626
1 0.368146433443634 0.357825539273517 0.10575116801906326 0.07627196080052574
0 0.3242507885597793 0.7187388480912391 0.06822389448011297 0.06921651961824793
0 0.2901216558507892 0.999295710806696 0.03637387662320544 0.0014085783866079281
1 0.3826941286550956 0.4218330147661328 0.11394549756436803 0.09929132354683361
0 0.3465700734628154 0.7862344363301628 0.10001936525911974 0.1050439706034794
1 0.40878329586337997 0.4977132843782104 0.15004663879807012 0.11393039217984988
1 0.35761093912897224 0.8716591667242554 0.1264727711033183 0.10268480394092627
1 0.4336002893705582 0.6016041177156571 0.18814665665497757 0.1537983333621277
1 0.3827688518730297 0.9518232108097809 0.14053527110331832 0.09635357838043816
1 0.4513860328777365 0.7044650245814269 0.20048301542127547 0.14625431375622036
0 0.4223029103150161 0.9926814706189049 0.08708298863591431 0.014637058762190236
1 0.5011621160764892 0.8143615687070589 0.20530688311602727 0.15475343140400497
1 0.5118756992752419 0.9185362991011516 0.1862023271096728 0.13169446081286615
1 0.5617472398603208 0.9760705392519213 0.22222164772652384 0.047858921496157336
1 0.685355073052483 0.17871448540046325 0.1382284772718286 0.15116191178575727
1 0.8704919577933634 0.2966897550372217 0.2550807865245937 0.23841098043111392
1 0.9231748526805132 0.4195440442613769 0.14634098620028232 0.1694937745320651
1 0.9490537398570253 0.597215686422716 0.08901940990138826 0.18915049020938673
1 0.14661057833078406 0.44051269610226534 0.06501707386326191 0.06407127451972468
1 0.14969862216227386 0.4879598774754193 0.05386138555165916 0.04996916667489373
1 0.15762417045799051 0.527499926496358 0.050763659090609536 0.051073921576370473
1 0.16302869075053 0.5768529166934042 0.07433752678536121 0.062319509815294084
0 0.18652469196834598 0.6218066912069588 0.05084547970746054 0.05576142157637047
1 0.17788430317027593 0.7129642647352817 0.07759889448011288 0.07058975491381717
0 0.20060478287773648 0.6677309804249438 0.055423885551659155 0.050198039224155264
1 0.24790211729100992 0.33629610298037554 0.07288412094116259 0.06834063726603254
1 0.25540492573299634 0.40005490200131416 0.07781708279171565 0.08308975491381734
1 0.20736152313850384 0.8191042157205132 0.06833298863591428 0.07546651961824793
0 0.22159734700176573 0.7663621323892367 0.05240797970746049 0.055990294125632015
0 0.2697986623403157 0.4280104412192992 0.06984094155801364 0.07257039216750942
1 0.264088404629678 0.48591757357151444 0.10596935633066593 0.08877196080052556
1 0.2690020012211113 0.5633955637685608 0.11375458279171564 0.0883538235468336
1 0.3268959163975055 0.25309404416882364 0.11567163879807003 0.10889519609609515
0 0.2464007037394688 0.8710342157266833 0.04922843262955982 0.05240754902710876
0 0.25339499757095857 0.9190535784729914 0.0475295649348082 0.044366176477847574
1 0.34378736160896706 0.3174448284853318 0.09656708279171564 0.08583622550495615