1 0.7029472223568523 0.1953796892900319 0.09517453163466172 0.15883729167148575
1 0.6862106388959359 0.593166783590053 0.12448002965749509 0.15240805556198112
0 0.6411992278312406 0.6243029696305588 0.09501802273741297 0.11680483187624872
1 0.5550017426599883 0.7034527613020445 0.23796420950527092 0.22591591010014742
1 0.5619375617864484 0.23839459792345652 0.17415637749004845 0.2258092617048682
1 0.42645758999825 0.7828823885021288 0.19204953163466168 0.16844978436678595
1 0.4158119782883512 0.2521096070687884 0.1892030573378241 0.2895495833429715
1 0.32383660878133025 0.8824876224260064 0.20847302768032883 0.15140522661917794
1 0.27014665121604464 0.2963708863165017 0.20839872631118483 0.30234756580012634
1 0.21630795167096756 0.9386529367594101 0.22592051285158127 0.08310824928109568
0 0.10488374855430627 0.37944395832851424 0.19143140220462782 0.3442370833429715
1 0.8149511097327323 0.4415520759804429 0.08258168973360754 0.11712701023814542
1 0.7686995563492409 0.1919930006899898 0.07460736364988385 0.15057176900956795
1 0.7411117031166613 0.496727775911444 0.09549818380210837 0.09039737208101144
0 0.632762056349241 0.20548149850436276 0.052546679847775654 0.06746128655241304