0 0.6135521797533817 0.19433894552365624 0.10693432453950216 0.05263556738935167
0 0.7386726442956847 0.9364088683323599 0.12107790346105815 0.10488157257314797
1 0.5879093946969502 0.1302668836009248 0.12757514031489628 0.08226427879370349
1 0.5422418859551349 0.06676145820032305 0.10635877191026974 0.04794806738935166
1 0.7044192626780188 0.9826825267674533 0.11759689469695012 0.034634946465093464
0 0.49905643833914937 0.5522020892558326 0.20364316660721998 0.13529082544786988
0 0.4242374427880809 0.4212261998589808 0.24561112274209548 0.14978255240361063
0 0.35806658319214735 0.310328364609166 0.22200946485439835 0.1338062378889811
1 0.2937875393939004 0.18336603195124948 0.2422942718656847 0.14794665033009213
1 0.21862538155078842 0.07477299048087922 0.26639040346105813 0.11759476899175877
0 0.25313769265432573 0.6705742145618978 0.23796078058520748 0.2511304389257404
0 0.14154256108124483 0.6492180414703702 0.15742279811342325 0.27499858294074037
1 0.8303212848557987 0.5309482631958319 0.11504744732618244 0.09353396946287021
0 0.8509047146091806 0.6734091652693504 0.08823771047234459 0.11437414976444416
0 0.8335679032381329 0.6077452090487948 0.0984631929441285 0.08435445909527761
0 0.8553024382499792 0.7595811111223133 0.10509689469695012 0.08802626324231469
1 0.7940426226083402 0.4620813945341652 0.12269578943848547 0.08029167568342573
0 0.8118936004974378 0.8214762269092578 0.10490504382053949 0.08646376324231468
0 0.7290357147429357 0.39842970617407275 0.08949958768566386 0.07429595391148132
0 0.7297071928103736 0.4038984561740728 0.09202134206771788 0.08224515494824054
1 0.808876372385415 0.9039080180968042 0.1216534560902904 0.10956907257314796
0 0.6988152016190664 0.3285471416594432 0.11644578943848546 0.07974487153638865
1 0.6833563595513485 0.25300033751240614 0.13949958768566387 0.07867038708777754