1 0.4515679156330769 0.7414001421779188 0.12199371838316746 0.07568177693097126
1 0.44285544724990944 0.6664228680756178 0.10833173658176473 0.08184996369925486
1 0.46222361581764704 0.8101137807416003 0.11600453423772628 0.05534200585373235
1 0.45229220156884614 0.5819615096643614 0.15636871838316746 0.07588176483072288
1 0.4575723820136595 0.4936166271508041 0.15490634793281682 0.07743517447164336
1 0.4691526272332974 0.4060166332009284 0.1447698843300113 0.089871541958086
1 0.48410819632705876 0.32230470853289334 0.14376858883351815 0.074246541958086
1 0.5545298342008145 0.8846047206331417 0.16341975478036197 0.08841812626704168
1 0.5625611821336312 0.9611490399149826 0.1467934592838688 0.07270222267624504
1 0.4947767836194174 0.24487005494209715 0.12738212523071263 0.08664654800821019
1 0.5645592689645644 0.7118257507855669 0.20005816162790727 0.09956470452587247
0 0.610510921493173 0.8069064466290368 0.13948160703211537 0.08046927088084707
0 0.6459816448135859 0.6042808954975685 0.18851988433001132 0.09012607201231529
1 0.6293997123661879 0.3699149858566481 0.21734579117755642 0.10122719847574846
0 0.6625905490402375 0.4853899949318345 0.17712130937615383 0.10724084913967821
0 0.6521479950627544 0.2736530642136752 0.1874580320782579 0.09792948165323559
1 0.638909910548173 0.11585874493183443 0.2187080320782579 0.09811128883482803
1 0.6381100717146551 0.04377850190531451 0.22133238433001132 0.08755700381062902
1 0.6538525925341458 0.17829511241827714 0.1928464389258032 0.10889425273047451
1 0.32281185995755085 0.7444938468019873 0.07940570018457009 0.06918633723582168
0 0.3281316131967533 0.6811580546475096 0.08757914558877822 0.05049087939029935
0 0.32226354256183254 0.6139796450065893 0.0693297933370249 0.05819429508134384
1 0.32518948102621037 0.5498762383907309 0.08721820018457009 0.06923178903121965
1 0.3145349784053167 0.42020237392935034 0.06832849784053163 0.042569295081344015
0 0.320864123994095 0.4701841932111911 0.0646422933370249 0.058167024004105096
1 0.33321632479697394 0.34584726854315606 0.08954216378737553 0.05674996974937896
1 0.44674761257844453 0.8735086602300957 0.10480621838316746 0.07558178298109582