0 0.6642295150085566 0.8822571107789671 0.10849431043863902 0.10242015351435185
0 0.5830312648673823 0.9935624817382507 0.0879242052052021 0.012875036523498551
0 0.6221953915004426 0.6940000566837089 0.17234397881213823 0.1584667215001053
0 0.5018799754048435 0.9815251361584615 0.09775423151356133 0.03694972768307707
0 0.512127959690415 0.9246431104050578 0.10958637357870131 0.12117015351435186
0 0.5691474442583354 0.5566913907455845 0.19816302616718495 0.17500986477631172
0 0.44230901237772074 0.8594601517026341 0.1629843893637169 0.13112902047629058
0 0.5415622286003767 0.4164721381860482 0.20679457352223168 0.18984756580012635
1 0.5351694734798793 0.2667046984931926 0.22830555247554418 0.18576812866680703
1 0.5116270157144284 0.12921679644556353 0.19156441567207594 0.1417322441620231
0 0.351791157214871 0.7456192306454371 0.20412459983059072 0.19734998539060059
1 0.2716269731269434 0.609503611123962 0.2563241366622938 0.2134038121477765
0 0.18368881541796228 0.4065941410905795 0.2719337261107152 0.24136167399064265
0 0.1983065103115822 0.2441535142644046 0.2435511208772782 0.2074759905096732
0 0.20381451571442835 0.09867387610727071 0.2138790314288567 0.1781227668239409
1 0.984394835219819 0.7625432749053737 0.031210329560362026 0.0512161257333613
1 0.9804357418251435 0.7146484156220438 0.03912851634971304 0.06729414839527922
1 0.9381297465927052 0.9039979167148573 0.08469278939195171 0.09384455044290832
1 0.98215016026923 0.6658947862363325 0.03569967946154016 0.06542156798575327
1 0.9802351971362263 0.6104260362363325 0.03952960572754734 0.05932660819051634
0 0.9196912887566672 0.8408062847696097 0.06439569994353037 0.06542156798575363
0 0.9199419177382147 0.8051013450767541 0.05750866311182747 0.05386390716670171
1 0.9312742598880591 0.7596217069196202 0.09930132096198285 0.1046149122857745
0 0.9768753432182073 0.5498107145982293 0.046249313563585304 0.06215362573336147
1 0.9624869840385166 0.49067432388155907 0.07502603192296675 0.0785296308524341
0 0.9183122573278105 0.6837689857934242 0.08065773677523325 0.07790947003338253
1 0.9257915573842801 0.6254792672267646 0.08910727360693613 0.08962217105719698
1 0.9556856417827913 0.43193158265298165 0.0707367052052021 0.06760422880480502
1 0.9195422864081799 0.5448554770220018 0.1035337946536238 0.09726753290006318
0 0.9184516813159174 0.36609821825057914 0.04786064732681154 0.048246165938124363
1 0.7610736939053995 0.9446845230647416 0.11777830517696727 0.10178789474292955
0 0.7426036859423046 0.9894734128466384 0.07091871572854594 0.02105317430672322
0 0.8755577970021108 0.46980820180054755 0.09048776308359266 0.08665221126195988
1 0.87601355233437 0.39761707241483635 0.08847023677523325 0.07868467105719698
1 0.8580455313582697 0.3158304806743516 0.09839126834526439 0.0889899122857745
0 0.6801113912180938 0.9825051188025711 0.07028167889684286 0.03498976239485785
1 0.712303722985769 0.8008097277409059 0.14129139988706055 0.13208345760961002