1 0.7790211889394081 0.8839237444781036 0.09505355042954129 0.06383487208101143
0 0.6623605591359686 0.016886818330748298 0.04793288896415202 0.033773636661496596
1 0.6540401260738532 0.07253210522815624 0.0965275192218769 0.09195987208101156
1 0.6555351062861495 0.19096597584244496 0.10565021370395282 0.11773507310482612
1 0.6107537935321363 0.03162280334743954 0.09718926051544959 0.06324560669487908
0 0.6942600073476309 0.7800345248186304 0.13986808344622811 0.08848849781437292
1 0.5979848778828757 0.12678361290676526 0.11889384215265544 0.10350543494769227
1 0.6807983729060346 0.8528337170710223 0.1280298247398008 0.07021571638103268
1 0.5213128352552504 0.07235175253062194 0.13632700361804453 0.10989837720008425
1 0.5584962477366925 0.751884212325859 0.19660276232447185 0.1329774049810748
0 0.5584143605815627 0.750321712325859 0.19627521370395282 0.1267274049810748
1 0.5259504206220424 0.8501364272401688 0.2398614393936933 0.1279435307144361
1 0.49558789122340025 0.9301098117449527 0.18551477611928177 0.06970220395726016
1 0.911424337402957 0.30850208328514267 0.05229284034363317 0.04871128655241304
0 0.9011253245126583 0.39669371523039026 0.03617651741285464 0.03778588450478395
1 0.901811399252459 0.45473877553753467 0.04645227611928178 0.055903625733361294
0 0.8895260832190853 0.41512153686849357 0.03477779172311415 0.04075584430002106
1 0.8895780721378092 0.5509754677899267 0.05952548620519025 0.06808144737146478
0 0.8823963359326189 0.4888630683018339 0.03987472749876275 0.04903346491430973
0 0.8767162239922598 0.515341999223267 0.040700243102595124 0.03512600511907262
1 0.8817965496365717 0.5972957291208856 0.06224105042954129 0.06057902778099056
0 0.8200269742194024 0.09297163372805095 0.03732958163720568 0.030128424709546887
1 0.8207573145630356 0.13687667393281383 0.03872166327441136 0.05669092470954688
0 0.8056811912027158 0.07397697546853566 0.03124335594746519 0.032633263890495236
1 0.8015359237898612 0.03983453577568002 0.06347600180902227 0.05448406798575339
0 0.8480290592475104 0.6422679038304324 0.05492651741285428 0.039646366961938996
1 0.8509803188584488 0.6835966337280509 0.06544793758467123 0.06245160819051634
0 0.7793920081406004 0.1417664893590309 0.03805992198083885 0.07372338450478395
1 0.7725079223195231 0.22019552079237129 0.07251680913596861 0.07869676900956793
1 0.7810374745580868 0.32301044038284543 0.09405761646291495 0.10414979167148575
0 0.7513179177969673 0.10057465273761887 0.05195864767057934 0.07199374634765014
0 0.8248991757104249 0.7403711275161647 0.0885578889641521 0.05852721126195988
1 0.7397087104245925 0.16376628468286653 0.07070864767057934 0.07385422880480501
0 0.7262836182719372 0.07243150580906249 0.03691350180902227 0.051848384504783976
0 0.71745417288535 0.02468172969620669 0.04464411465389251 0.04936345939241338
0 0.8003838545886689 0.7820693109971342 0.09513543758467122 0.06539737208101162
1 0.7020438568519765 0.006429561385500676 0.0698078889641522 0.012859122771001352
0 0.7031393673674261 0.050383318675743194 0.04571529172311415 0.04184112573336142
0 0.7322348043862702 0.3058641666281141 0.08748006784239593 0.0972796308524341
0 0.6986842407277459 0.11522101969955774 0.0684025192218769 0.08916914839527923
0 0.7873792435528209 0.8336197130447633 0.08214411465389268 0.05478205044290831
1 0.7067158259829963 0.23850347949479483 0.08928822930778502 0.10212217105719698
1 0.6282366169131408 0.9138063943401058 0.1280298247398008 0.07021571638103268