0 0.016252074371534204 0.29300087229612765 0.03250414874306841 0.0782510661397117
1 0.6643495548390493 0.43165021339357323 0.0841976576569019 0.08341818510807411
1 0.588095321064821 0.46173207674639516 0.15992403015113615 0.16141954201316158
0 0.0701603647306044 0.3793462699665911 0.09886827357868413 0.11100174459225531
1 0.8308740188959215 0.5477164448825638 0.1330490131449043 0.10185665432599364
1 0.013215745543083279 0.38638620819463443 0.026431491086166558 0.11423058818628214
0 0.531777733733254 0.5245436075284754 0.12137672412090908 0.12852299792002064
1 0.7445184126274587 0.6496733082353858 0.17579395982580123 0.15364906405973217
1 0.4453841255341273 0.6098754224204013 0.20708621253692563 0.2336703173874973
0 0.6854938890487745 0.7486411374783621 0.1254307735786842 0.1134814604824097
1 0.2907050420638882 0.6967475147666425 0.23201020867559788 0.26837907071526246
1 0.14447190913587388 0.7685780696752728 0.1983699976995931 0.23748262354391336
1 0.6234203693314182 0.8792201000412563 0.23787168780803808 0.24155979991748744
1 0.04417641650927364 0.8437104009982285 0.08835283301854728 0.27414945174690003
1 0.4805825006985116 0.9398906181361688 0.23599667080180603 0.1202187637276623
0 0.31016441143628076 0.9836703173874973 0.1951604922773445 0.032659365225005385
1 0.3594467530808673 0.16257030220425314 0.07553211206045454 0.06564722254568482
0 0.29755907726753 0.18053784068185358 0.07081927744001196 0.07600125998329554
1 0.24178626930663888 0.188786726081246 0.06972130216889952 0.06818875998329554
1 0.35793913058663296 0.23524756322753843 0.08510137249423436 0.07887655074867139
0 0.18707764295107673 0.22325445840243036 0.08239022798223679 0.09250145382687949
1 0.2917060146648507 0.25597543760364555 0.08239022798223675 0.09250145382687949
1 0.7028715262488341 0.394088391846117 0.0951604922773445 0.07364761023285267
0 0.22953961551106486 0.29845345736244067 0.09601353787379177 0.09068924459225532
1 0.05784620863462343 0.2642206884358393 0.07638515765690183 0.08268885690508751
1 0.14572627045684233 0.2922121455904839 0.10353043895824152 0.12223097587345003
1 0.4243073786559691 0.22482180449202857 0.06925677744001182 0.07585539434269821
1 0.48959031876441406 0.22775022857681745 0.0688175873315668 0.0727303943426982
1 0.5203251247946413 0.20054244446697195 0.06728042195200956 0.06179289434269821
1 0.5592651599573087 0.19942865266160628 0.06034630216889951 0.06731356613971165
1 0.5890371228639774 0.19033548419235807 0.05656251700623205 0.062334334858516936
1 0.6218369555537561 0.18785697982460314 0.039180756572452145 0.04837567845254376
1 0.6500844203910886 0.19524299417565358 0.036739876355562195 0.041979812811946446
1 0.40629641846042475 0.15586290578157547 0.05634292195200956 0.06077183485851698
1 0.45293915609598095 0.15625969217919647 0.0541216367893421 0.05593846921791963
1 0.4901942264213159 0.15023960191293484 0.04296454173511961 0.05335490973373842
1 0.5249957492195396 0.14478196318577724 0.04277028130133971 0.04100077537433573