1 0.7590054285395595 0.1456490196761621 0.1296609237898611 0.12521908525525038
0 0.48679183457788183 0.30015389247065505 0.11864153663473136 0.12308337516934209
1 0.7212287895754075 0.1974914806665815 0.1553912641334943 0.17019739258219663
0 0.713388634102912 0.25789339213197077 0.08410940637700648 0.0885512449116174
0 0.466373113976524 0.3775762075995174 0.14059177973732634 0.15539790818602892
1 0.39936932044438767 0.46678919380470746 0.2570157191310198 0.2658993962002413
1 0.6855292277259054 0.34349669945891703 0.2361300090451115 0.25389736318355444
0 0.32736376639680176 0.6217090671650274 0.18400758706427264 0.18104636137453234
0 0.6784493108334493 0.49345575588135215 0.18228131275401332 0.1778394742194024
0 0.6265039512679393 0.622392983380115 0.22272925033868418 0.23605476594251656
0 0.27439813941843727 0.7849803510862253 0.1926389586155702 0.19708079715018095
1 0.1852703623946443 0.8652244510407968 0.24410628335537105 0.2574317989592032
0 0.5554500655831476 0.8037525260077402 0.24756547602842485 0.23423996042459266
0 0.16276019731121044 0.967687709747224 0.11783595318850333 0.048247149479601605
1 0.463200610585622 0.8989632066950062 0.22809177973732647 0.15998358887329472
1 0.5705028505203984 0.08540863975712157 0.1269453595655099 0.13286781094499087
1 0.5440388478068648 0.159252253506503 0.16739994120271576 0.16147748982323468
0 0.5386243294894992 0.21796883423919758 0.11239153663473136 0.12275582654882308
1 0.04325427578059755 0.43788178030315333 0.0865085515611951 0.1929864393936933