1 0.2819163194524762 0.1281912419021229 0.10898023392387772 0.11370914772027052
0 0.38810964549074795 0.39721208380889017 0.11070987208101153 0.09988344606059663
1 0.32688244518583764 0.1688628634778843 0.15412559576674392 0.13108682448483516
0 0.3823390972334667 0.18040309210725997 0.08010422880480501 0.07275226099766208
0 0.4590241593812432 0.4217492199067986 0.14054031433340358 0.119202131123531
1 0.5338086294146256 0.49322055558978867 0.2356251864144152 0.21790158548249733
1 0.4604338523525394 0.21384163152451632 0.22766974416202307 0.2002404888018452
0 0.6715521710861114 0.5725151240513391 0.15847881945247622 0.1593302236549981
0 0.6023645961406532 0.23221035538000717 0.15535381945247623 0.15909342531467213
0 0.7184063249454582 0.2911099134685955 0.21095946272868282 0.18811899710021499
0 0.8187603308123496 0.6361371483217486 0.17300644006676497 0.16508331618646538
1 0.8821496710716541 0.7286546898135973 0.23570065785669164 0.19680875809787715
0 0.8791937171288513 0.37259394396278217 0.2046852668239409 0.21865860207923687
0 0.9766476517026341 0.7734917479021857 0.046704696594731844 0.12040943361304172
1 0.9453756889739514 0.4690885904336529 0.10924862205209714 0.20535311867597633
0 0.9996805208502 0.6054987644989251 0.0006389582996000343 0.11567346680652087
1 0.19600683115734446 0.301571387547801 0.11929757310482607 0.1082879419114116
1 0.26215027596927276 0.33355417074128 0.14145845760961004 0.14408373195336796
0 0.317296847607376 0.3419693993706557 0.11180725146672277 0.09531434523075966
1 0.4475989254862799 0.8539589912774229 0.18336007310482608 0.11314230788809568
0 0.5544861166458583 0.9316560935571523 0.20822922880480502 0.08246099295103022
1 0.45793934398394054 0.9185067433520153 0.10338668860004212 0.07296574855010718