1 0.8369128953918278 0.47284856743512904 0.12869561929679457 0.12096700585373252
1 0.8429364746757301 0.9067468444642962 0.10525811929679456 0.12083065046753809
1 0.7771925048708697 0.4067377541052166 0.1493386137600563 0.13513859016268787
1 0.8026270730812956 0.8686701275435876 0.12451895570609359 0.1131363251355733
0 0.7292665365786544 0.11460025108015451 0.06553463037027107 0.092496572208707
1 0.736100661336174 0.8565473774453917 0.1448914372502994 0.16009313836728997
1 0.6908495334773509 0.33452693170011794 0.1763517699684396 0.1618374455488821
0 0.6632960467293412 0.0891826154433392 0.07334713037027107 0.09254202400410509
0 0.5878904760074674 0.057564976781461816 0.08668846124283185 0.09886474687674203
1 0.6269060032822115 0.8352905218628057 0.21361124782148622 0.21826016237139498
0 0.5649182302884818 0.2586371182720096 0.19726527735075727 0.1432238009350764
0 0.4942156515944346 0.03699496419023409 0.10405630318886913 0.07398992838046818
0 0.5418249288691787 0.8131115157144857 0.15477727365959842 0.15234427088084707
0 0.4598553489954208 0.16933424463724686 0.22599128473307495 0.12465560811666876
0 0.36006588037027115 0.09016489510478505 0.2495189557060936 0.11386355386194266
1 0.4087270198924263 0.7943393106976337 0.28422405285593494 0.2904896863754999
0 0.21784689967284204 0.677388680914551 0.23527591510334603 0.21682492739850953
0 0.927477715190912 0.50672359768575 0.09456114144374794 0.06456246974937904
1 0.9193649101564632 0.4348395073266705 0.10600947785304697 0.05682269262201593
1 0.9277179393527998 0.5723985946606879 0.10153231057118717 0.058357921544777015
0 0.8896475187127155 0.37089972717424524 0.10423664513490678 0.05525110226293624
1 0.8817600417824583 0.31230597717424524 0.11069697785304697 0.05684996369925477
1 0.9090422209845712 0.9157445945624921 0.08136996308841163 0.09414997579950324
1 0.8414658342307852 0.20464346809905898 0.11685680688002824 0.06781473477649361
0 0.845326899415921 0.25075085363767846 0.09807681610792533 0.04428633118569749
1 0.8861156567222255 0.8674025433328282 0.06760796677957011 0.08470225292686635