0 0.34195442671863396 0.3453533975988969 0.07734429734245411 0.07568516674839838
0 0.28817763542326863 0.6313707922176018 0.06166475334181776 0.06926344904464372
1 0.35684308271004345 0.28033792989514217 0.13544769867918127 0.10710177225229103
0 0.29858787675045073 0.5848443398249735 0.053724984006999675 0.0574588401927663
0 0.32001688673613315 0.47686097415452905 0.0710579346753633 0.07186647966689641
0 0.40929537336886196 0.21662908970237585 0.09469542934436319 0.09165530622252864
0 0.4452686886934988 0.14849117809855214 0.0962579293443632 0.09182872799290412
1 0.47722611867440873 0.034919974277126634 0.15757723734881743 0.06983994855425327
0 0.46092041335136286 0.08182649950960966 0.107268154678545 0.09929268038553248
1 0.32982133744426767 0.7816360370730272 0.0661704400063634 0.05415871435577006
1 0.350542370106586 0.7472635931729582 0.06784202800763603 0.06370713612614551
1 0.35791851810149533 0.7088964843210809 0.06313634667409058 0.061624370815018994
1 0.39196515941276905 0.5424077836024448 0.09941929201145401 0.09530057153365519
1 0.38216399275935936 0.6412779859950731 0.10574201734563582 0.10224425861515699
1 0.44185497672658813 0.39293486518005405 0.15592383068109025 0.1234187552671722
0 0.4302822247374058 0.4740097393430579 0.09631247334499946 0.0965162279929043
1 0.49149080271322515 0.28886115764285103 0.17018632535009015 0.1421670512005516
0 0.5336141207033619 0.2114358089575254 0.16369996801399936 0.12116086411904965
0 0.5585772106938169 0.13826184974633005 0.1449681493475449 0.12064230287454394
1 0.5996283773472266 0.05393777523248302 0.15772268801718106 0.10787555046496604
0 0.6419062366724997 0.003335059202720603 0.0803965720082724 0.006670118405441206
0 0.21048734540099687 0.47571924808081245 0.0284886266709089 0.0343715918667586
0 0.2186356527291335 0.4364841783437473 0.036282945337363516 0.033676200718636015
0 0.2379390887173613 0.34751094532886617 0.03323067067154524 0.039579357177884945
0 0.2100879034054512 0.5086184589660002 0.02060340133672709 0.027254483014881183
0 0.20580948341022376 0.5442949742771266 0.02371022000318168 0.026038826555632076
0 0.25157432737904334 0.30923139939548683 0.03324885200509069 0.04114185717788495
0 0.26898854670590727 0.2595807990361688 0.037954533338636055 0.04322462248901147
0 0.283350491366953 0.21652704221760183 0.037954533338636055 0.04322462248901147
0 0.30319027669477144 0.1736475592027206 0.04742044000636332 0.05207765311126433
0 0.3260914273551808 0.12495248264708844 0.0458215773392725 0.04877923134088884
0 0.34359655334977196 0.08311438228777045 0.03949885200509069 0.04183554425938694
0 0.35948463534372677 0.03676220369882794 0.0426602146721816 0.04530738780013789
1 0.28634986405949725 0.407065331332414 0.1400806546785449 0.1029345375634175
1 0.38000567333704527 0.008700909684636179 0.08813634667409058 0.017401819369272358
1 0.28936687074313283 0.5318919095620386 0.08533861067790856 0.09217727560027562