0 0.3126526397261585 0.5261942030620999 0.11167837672018503 0.12035534946188076
1 0.34352263944333455 0.6002288624915593 0.1546272943450923 0.14880998924663302
1 0.31924970306300954 0.1306291459900053 0.11644378916129608 0.13925089867609247
0 0.4318825104140753 0.6396851606723137 0.1426549746466664 0.11868584160399784
1 0.40073414891597253 0.1330584791169478 0.13691211404351816 0.1775514193542569
1 0.4857211184253255 0.7002009756022911 0.1882600005656478 0.15971325599585598
1 0.4890837494343522 0.12816546381546684 0.14648260367592555 0.16243584160399788
0 0.5868565170584741 0.9226859435515872 0.10859304147037037 0.06730312406898661
1 0.5961617494808349 0.798539968158693 0.2793142275213885 0.20441363399378396
1 0.6013691359564819 0.14316541749673925 0.17632592855814763 0.20117300992479742
0 0.7511718782272702 0.8232209828410013 0.20579881508027748 0.18231600206691462
1 0.7570135432137967 0.12502323139325938 0.2422434544771292 0.24314649420903178
1 0.8083111434958351 0.8726901358603201 0.2310927580585183 0.09790676881613755
1 0.8668485815266209 0.21249749855676714 0.19419693374194402 0.20978603060296191
1 0.19962425089495456 0.43964673511280383 0.0989637632423146 0.09953342721213972
1 0.24584584853861213 0.5160786484712047 0.11962757775694417 0.12228172249741007
1 0.23038269269541697 0.1503295239879333 0.08810417568342573 0.11770123035529285