0 0.65703125 0.7074302518711737 0.0921875 0.069543572795242
1 0.721875 0.24004617595596253 0.115625 0.11548155740420177
0 0.61796875 0.7647211108562406 0.1046875 0.06914799792002047
0 0.67578125 0.2662118895583415 0.084375 0.0797517445922554
0 0.58125 0.8331682683022036 0.125 0.0897942512477858
1 0.63515625 0.2975756329028112 0.13125 0.11694021381017503
0 0.53125 0.8870943178030892 0.1109375 0.06816896048241006
1 0.584375 0.34674124958339825 0.15625 0.14896156405973215
0 0.50625 0.3980417175535321 0.1890625 0.14264974251227597
1 0.41640625 0.49434194321918623 0.259375 0.25702619633915536
1 0.3015625 0.6078395686352831 0.2859375 0.21575591222930973
0 0.15546875 0.7152948812394335 0.26875 0.1641513901827393
0 0.83203125 0.5581422036180737 0.0421875 0.03206337229612757
0 0.8203125 0.5773607113135938 0.04375 0.04002173793672501
0 0.81328125 0.5985793159309059 0.034375 0.034459044093141065
0 0.80078125 0.6216311408061272 0.0421875 0.038313372296127565
0 0.79375 0.6576934954234394 0.0421875 0.038313372296127746
0 0.77734375 0.6905369061971675 0.0640625 0.054417991264490165
0 0.7875 0.49695378286105 0.0671875 0.04689722254568487
0 0.74921875 0.7332238246664156 0.0546875 0.059792797420906395
0 0.75234375 0.5694530559476103 0.06875 0.051730588186282137
0 0.75859375 0.5270677685099996 0.05625 0.04431366306150366
0 0.71796875 0.7764002618544692 0.059375 0.05554289434269819
0 0.690625 0.8285351131440161 0.0671875 0.06877222254568487
0 0.7203125 0.6086503103153652 0.0921875 0.05860607279524199
0 0.67265625 0.869826408277147 0.0875 0.05816847587345002
0 0.6953125 0.658660210065808 0.075 0.055439050748671545
1 0.64296875 0.9170549611057979 0.121875 0.08950251996659091