0 0.34865148251552974 0.2730214668474735 0.0468128155185485 0.056858771665603845
0 0.30609190947513387 0.2639812934269254 0.069324313011266 0.08129059246968832
0 0.3522023798499627 0.3115360766751697 0.05655152837152997 0.07045455201021147
0 0.41069082977082044 0.33506488449265437 0.07093227711788863 0.08303572252712303
0 0.4546848706787626 0.37508111282705053 0.09018238229073816 0.10241478321633837
0 0.5117328410535915 0.4213574856732526 0.11760870031656907 0.13520699419272683
0 0.5810989550019297 0.4724228180599777 0.11425637978345585 0.12702923407785746
1 0.6673032279631832 0.5067267848436392 0.15876254922121244 0.21164774562859207
0 0.7294873277257564 0.5905538874601028 0.14811455423577743 0.16680196528398455
0 0.8035409416740945 0.6410713296745241 0.12234166442319179 0.13731738436503066
0 0.859989518475414 0.6811890175494433 0.12265991316955045 0.14825488436503065
1 0.30513481472712567 0.2165989885130773 0.10920516693047429 0.1139813439055537