1 0.7192290686266837 0.28191723823546777 0.11339088534372692 0.07852619480442442
1 0.7136972313017287 0.2203075823912691 0.10712270401018138 0.07685460064862311
1 0.5643741052275958 0.7688968612052252 0.10586928668045381 0.10338982710967279
1 0.7128438033100011 0.15939735593021945 0.1008181600095451 0.07205800649282175
1 0.49534284190009553 0.7271417836885153 0.14373291335136287 0.135294392044481
1 0.5917960539863187 0.09043094196834597 0.17014996268299926 0.12325804220663672
0 0.5721460779758193 0.16810197443575006 0.1511454240133631 0.10105575973923261
1 0.42016157590709524 0.6769020503276069 0.2116840293602714 0.2020921542193456
0 0.5613551233290911 0.026831686690044924 0.11166475334181776 0.05366337338008985
0 0.36513881592141273 0.5724151477298192 0.1579772266868172 0.15116485389503395
1 0.3070546906031393 0.462514042209932 0.26973288669636225 0.2234137751605081
0 0.19600010662000217 0.34025898701435653 0.19109880935708984 0.17830009821299111
0 0.8153473539147311 0.613765481742646 0.044240896005727136 0.042951159090609536
1 0.8407115279280942 0.5149052418889157 0.05370680267345414 0.05092730032431163
1 0.8363972926082299 0.4157819492752419 0.05054544000636341 0.047747753246410875
0 0.8209444679344575 0.4683847978952702 0.047420440006363404 0.04769320616851012
1 0.8368972792807297 0.3728131992752419 0.047274989337999784 0.035193206168510204
1 0.8332188432925018 0.286176269892093 0.055160214672181594 0.04157957386326192
1 0.8171938539545021 0.3208240052815963 0.05368862133990859 0.04936480032431163
1 0.6628201485519144 0.8335712414818787 0.07908861067790855 0.08417617694751697
1 0.7355967665897762 0.5534513189985886 0.09960110534690844 0.10171823295387146
1 0.8071205146403649 0.17962230682372388 0.0803965720082723 0.06232845048646736
0 0.721680264600594 0.4740229176186167 0.09146134134309047 0.07345686525911965
1 0.6240485498886414 0.8092530799556371 0.10750451201463562 0.10966710064862326
1 0.7371245459500477 0.35502745576806366 0.11033861067790855 0.08472164772652384
0 0.713087061943048 0.4069990588523188 0.09614884134309047 0.0735386858759707
1 0.8283291592536856 0.5721410434310433 0.05848520934118149 0.05882162094116268
1 0.8164644112428678 0.6520194582036957 0.060102253341817756 0.06353639448011297
1 0.8050269245703682 0.6951791229763481 0.05844884667409067 0.05569662094116268