1 0.36171875 0.167490889841923 0.0890625 0.10676004091140219
1 0.35 0.765408976564107 0.0734375 0.0940883232076473
0 0.34609375 0.9415379221381682 0.0609375 0.08020094904464373
1 0.371875 0.5983056313493635 0.0890625 0.10676004091140215
1 0.3796875 0.987262347970927 0.078125 0.02547530405814591
1 0.39609375 0.8330249187901835 0.109375 0.0949520239262835
1 0.43359375 0.674687041279195 0.1125 0.1202988674670344
1 0.459375 0.19004850049039035 0.1265625 0.14685966340041365
1 0.46015625 0.913572711375578 0.0921875 0.10085688445215304
0 0.54453125 0.2065312369758539 0.0796875 0.0947820102891493
1 0.534375 0.7616539954684132 0.165625 0.1621327076598007
1 0.5484375 0.97293034294895 0.115625 0.054139314102100045
1 0.61328125 0.8727555448723748 0.1953125 0.13261522129693476
1 0.63671875 0.254263121428007 0.2078125 0.2199400954599385
0 0.7734375 0.3155312763358613 0.18125 0.17792942536355535
1 0.79296875 0.9759129221381683 0.2015625 0.0481741557236635
1 0.903125 0.36742528327702595 0.19375 0.2996292995265592
0 0.2953125 0.8679329646009653 0.05625 0.0718681837335172
1 0.3078125 0.708382838763969 0.0796875 0.09478201028914927