0 0.4308805667170431 0.4034167234545055 0.09077154535327185 0.15362375269929238
0 0.7375214653882702 0.46021671080645826 0.07739884134309047 0.07767655933798814
0 0.34565213872531547 0.4578422690955392 0.091189716024817 0.1895612526992924
1 0.12076122672658815 0.45016778859206374 0.09656810669954394 0.24929145020978144
0 0.6887759774029059 0.5642404373612415 0.10594201201463563 0.11574524440092268
1 0.24218278807286028 0.5545970246946166 0.1220953653723618 0.2964983369323898
0 0.654538432089405 0.707611006447492 0.12641814401654478 0.1313469336130419
1 0.6542128101129493 0.8808709076922474 0.24415108402290803 0.18710187137526865
1 0.6362107673456358 0.13875426267126925 0.04909202800763594 0.05992037427505372
0 0.5542340613462721 0.13722580623771047 0.026962489337999784 0.03638778589277143
0 0.5214761053469085 0.13942692366428697 0.0317590773392725 0.046117983403260523
1 0.45943063868554457 0.17375345685776603 0.08406701201463562 0.11408765601864027
0 0.5000829106858627 0.17917558528200467 0.03341248400699968 0.05404888257342351
0 0.6041891553548627 0.20423663009784576 0.04273294000636341 0.050071777594401644
1 0.7893726773551808 0.22061068176216408 0.07247498400699967 0.05700886182749913
0 0.39060846069381694 0.22942219378551149 0.06339088534372683 0.08129846680652095
0 0.5788897106938169 0.24368929379015586 0.05545111600890884 0.06976897095570589
1 0.7939061833624986 0.27481292968757165 0.08181362133990895 0.05459425684847723
0 0.5449965160327712 0.28249076204656937 0.05554202267663584 0.07758147095570589
1 0.788946510701771 0.31814853259200104 0.08201361600890866 0.07178175684847724
0 0.3272550327020893 0.2855053278088275 0.0715306493475448 0.11001546265733601
0 0.4979129780394528 0.3280983373565971 0.0715306493475449 0.11001546265733601
1 0.24348001670908898 0.3306742726200242 0.08619313335454448 0.1626435551888033
0 0.7436163767106798 0.3802807570721919 0.07569089067472703 0.0650581601678252