0 0.4012526183323599 0.5981595106076932 0.05749943317629622 0.05495943178030878
0 0.412952244486897 0.5608362870220187 0.10533134043361106 0.0702729009982285
1 0.41849005353490637 0.4980964775378375 0.09814355702175917 0.09439770715464454
1 0.4604144219137491 0.4461371911402165 0.10310445909527761 0.09796030407643652
1 0.48441501578772994 0.7384705567808139 0.07310389227157384 0.14475125998329547
1 0.4808643314801381 0.38279290807036065 0.09474515494824054 0.09098097587345003
1 0.5138436353443512 0.30961501705542765 0.1255262632423147 0.10625242304479912
1 0.5332920131958317 0.7299695391019982 0.09449087672018486 0.12350174459225549
1 0.565436238171805 0.2331242383533268 0.15025286116879605 0.10546127329435626
1 0.6038683533466189 0.7084159696345214 0.12812358294074055 0.13593992304479913
1 0.6434004535821746 0.6291129332369004 0.1273225005656478 0.16221069176360442
1 0.7445726828469895 0.5881628681371784 0.15493894410953662 0.229877810731967