0 0.1671875 0.15080911112819434 0.078125 0.06640053218308672
0 0.190625 0.17495145147326835 0.06875 0.05168246832111634
0 0.28125 0.3584580841408877 0.159375 0.126769585653497
1 0.22578125 0.2154618369908793 0.1734375 0.1386904314464526
0 0.27109375 0.278699528324689 0.15625 0.13436356436617344
0 0.27421875 0.11910600703736551 0.0984375 0.08657092055068931
0 0.2703125 0.06391040864651984 0.08125 0.06505655347041021
0 0.696875 0.8067385029268662 0.18125 0.14861173466476138
0 0.70859375 0.6988877980994032 0.16875 0.15242514951546723
0 0.74375 0.5268981836170141 0.246875 0.22195068169855414
0 0.71796875 0.37166973423743277 0.2359375 0.21962335719292198
0 0.74296875 0.196484063938845 0.234375 0.21326409654926026
0 0.94140625 0.7263579621938046 0.1171875 0.14881954827463026
1 0.709375 0.07649788995708642 0.253125 0.15299577991417285
0 0.6890625 0.007146956416946876 0.178125 0.014293912833893752
0 0.9546875 0.5855854967226799 0.090625 0.1672746173323807
1 0.2234375 0.7804694779563719 0.096875 0.08958665990702759
1 0.20078125 0.717210007289467 0.1046875 0.10107046312533612
1 0.18203125 0.6169586350134079 0.125 0.1103033514929388
0 0.1625 0.5550431430591796 0.09375 0.07843063861970415
0 0.14765625 0.47795611917396597 0.0671875 0.06407320767745475
1 0.32421875 0.82576591644019 0.1078125 0.10128898441265974
1 0.13046875 0.3479079862542451 0.1421875 0.11619271857321785
0 0.16328125 0.4112385127373487 0.096875 0.09114915990702759
1 0.32421875 0.75623466644019 0.1234375 0.11956909084927698
0 0.30625 0.6824911638422999 0.103125 0.08533620248167448
1 0.23984375 0.46838474119792367 0.16875 0.13211264951546742
0 0.3046875 0.6169754244859617 0.109375 0.09514824505632155
0 0.27890625 0.5351844751063803 0.125 0.1056158514929388