0 0.6873521155110648 0.22692732418789033 0.07440880216889952 0.06670544108527147
0 0.7013977399359631 0.17105805598929305 0.07643582689778708 0.059093200184570094
0 0.6546662886132777 0.2832168969822795 0.08956927744001178 0.07541910703211538
0 0.6243242117154908 0.33935627545219466 0.08666387249423443 0.07678134793281668
1 0.4666763017172076 0.7063713996031732 0.16649496368712918 0.115962566315984
0 0.5914314570737025 0.4026270334717591 0.11964529830757158 0.10212130937615385
0 0.5537540722150244 0.4723981153654469 0.10248313292801434 0.09018251387966067
0 0.516748139829235 0.54290038248431 0.11339529830757175 0.10172079117755643
0 0.4803038623892231 0.6149150848283484 0.11073482303645932 0.09380816162790725
1 0.555126605077285 0.24778814158360865 0.19679057960891128 0.14422726866002264
0 0.6138513214755383 0.06131042104097291 0.09694258733156698 0.07279475478036197
0 0.5907474223217525 0.11001803131229079 0.0969425873315668 0.07279475478036199
0 0.5499197028426318 0.16915200185492654 0.11254225271112439 0.08463342072720588
0 0.4710387449474943 0.32827548041712673 0.1454983439040191 0.12081075262089361
0 0.26936631987364307 0.7716621398855656 0.12208617852446171 0.1084714389258032
0 0.40774057685681264 0.4205921907807297 0.1702280796089113 0.1425250663159842
0 0.3646577785492409 0.5178071522240668 0.15953550928357646 0.13254928901808824
0 0.2744507997865437 0.7024312785345136 0.14840374884979654 0.1194485117201923
0 0.309404372823003 0.6134794000645984 0.15484800928357645 0.1322489003691402
1 0.7923942576816811 0.5151713965208542 0.03498311592178212 0.02856509099298634
1 0.8014989933865735 0.4944583783222569 0.040329401084449754 0.0335529796419344
0 0.7757092843412325 0.5402412476928734 0.03207771097600478 0.029927331893687813
0 0.8060006919981344 0.4624271283222569 0.02338683075911483 0.023176684145441228
0 0.8130910702843606 0.43952055444813354 0.03051521097600478 0.02982720234403846
0 0.822402733733254 0.411826351024361 0.026292235704892163 0.021814443244739933
0 0.8312752070737025 0.38725714760058827 0.025388520867559806 0.026401813695090492
0 0.7558571008052397 0.49970588526208715 0.05324325657245197 0.04831638648947969
0 0.7666087994168007 0.46727411706348987 0.03920609119289473 0.03657785009228505
0 0.7362920571394562 0.5342508659837557 0.05302366151822966 0.046753886489479514
1 0.8093368705225961 0.3615655351698021 0.06928211206045454 0.06328005243632351
0 0.7876603392212564 0.40011689544111995 0.03920609119289473 0.03657785009228505
0 0.7721113430825841 0.43363030228866517 0.04633447140978468 0.04322836829088246
0 0.7278123554470279 0.44034017967884614 0.057466231843564586 0.05632914558877822
0 0.6896113175732361 0.5248548820228847 0.07843751700623205 0.06231832973421945
0 0.74199311201948 0.3945270319305997 0.04989866151822966 0.046553627390180985
0 0.6687287035821178 0.5687748627445532 0.07841218238578947 0.0731557001845701
0 0.7594213334292647 0.3531510603082297 0.05658785162667464 0.05007914558877822
0 0.7035724790914658 0.48060423427463805 0.06037163678934192 0.054966904688076926
0 0.7728335073119381 0.31280666255998313 0.05058278130133971 0.04040375693983034