1 0.47654790192736896 0.15967023588074203 0.10979546677957011 0.08723923871722894
1 0.5024340203013737 0.03740057119318753 0.10207313775258893 0.07480114238637506
1 0.33715590074765805 0.5823923335317441 0.11009597047072912 0.07790970282385157
1 0.2546445997373025 0.8773925964638678 0.10718130318886931 0.07938127461060632
1 0.35743821131884507 0.5242161206787627 0.11009597047072912 0.07790970282385175
1 0.3032469496555131 0.7071111887045936 0.10697097047072904 0.07781877461060631
1 0.6828877749153224 0.04518132162215244 0.14188679765213089 0.09036264324430487
1 0.2463364573707651 0.9391113464638678 0.10114163590700942 0.08076191818411545
1 0.2658674093856998 0.8171454182506224 0.11249980134328989 0.08420516693047438
1 0.483924542448327 0.09330944998736472 0.09362963959816835 0.0712050617576248
1 0.3242654247401907 0.6434662258516122 0.09894813775258893 0.07602895407749273
1 0.4079786411868266 0.34531823086617713 0.1122894686251497 0.08264266693047428
1 0.3588341728185981 0.010828536751307141 0.06670665436280379 0.021657073502614282
1 0.3790570978157099 0.23643497585161216 0.10030030503444873 0.07451191818411554
1 0.11648351148242408 0.8689616340065978 0.07767414513490661 0.056733384798020835
1 0.27022312365382206 0.30496967867546376 0.06766814698048602 0.051773100158284534
1 0.3570620353989435 0.28999188486452765 0.09477147416188796 0.06812552586424747
1 0.13847847457083542 0.7749388493668617 0.07986764328932719 0.06146634890464338
1 0.45075334512335397 0.860013565189344 0.1741282810419161 0.13735891066226813
1 0.16383886047784485 0.6963819403539462 0.06496381241676641 0.054807171945039104
1 0.17150100930391035 0.6510239762473236 0.07256597969862622 0.05347199247815269
1 0.30007557290038755 0.1756997158224823 0.07277631241676641 0.0550344924781526
1 0.2800048863159569 0.7583698118241318 0.10811280503444873 0.07473923871722903
1 0.437770512919056 0.026902166139051453 0.08070897416188796 0.053804332278102905
1 0.18437648992532632 0.6016233698208329 0.0729866451349066 0.05659699247815268
1 0.42451945234786903 0.07791778219896062 0.0700719778530468 0.05806856426490725
1 0.2499107229821771 0.34602658768837924 0.07412847969862621 0.053517456584775316
0 0.5224760073823177 0.011680331420173084 0.08317298523536465 0.02336066284034617
1 0.20369720855047593 0.5216858172344081 0.06610564698048602 0.05172763605166182
1 0.40700155721296244 0.13290079889200807 0.08425463959816834 0.07093227711788867
1 0.25094719253011644 0.2689556223281153 0.06370181610792525 0.04543217194503919
1 0.40281188480331187 0.9617950255350429 0.15609964882606558 0.049677054235777264
1 0.2268790916891162 0.436188586434738 0.06610564698048604 0.05172763605166182
1 0.12383016123127925 0.8259474198999751 0.08164047600746738 0.06307431301126618
0 0.6805742143441353 0.10081675844628421 0.11658629396097205 0.10300063103709696
1 0.319667599071434 0.45216527593075445 0.08789047600746738 0.06325616943775678
0 0.46594109504734077 0.2269031999873647 0.10624980134328972 0.08402331050398357
1 0.20937688723874662 0.7627594466221523 0.07716330872560757 0.06450042069139812
1 0.2369901568742518 0.38998117616818134 0.0774638124167664 0.05517088479802066
1 0.20550082666755962 0.8204582863555958 0.06736764328932718 0.061102636051661816
1 0.28616342407432216 0.22123953635559573 0.07277631241676641 0.0550344924781526
1 0.1449230172760835 0.46114077381918345 0.059855646980486024 0.051545779625171304
1 0.2626203604018317 0.06083924544765349 0.05673064698048602 0.05145485141192578
1 0.19510355787883102 0.5624017454476535 0.06808881241676641 0.05489810015828454
1 0.24173843304529816 0.6668786452893689 0.08028830872560758 0.0645913489046432
1 0.26113432725741503 0.6095064144896988 0.08185080872560757 0.06463681301126592
1 0.10009245552518567 0.9386974724863999 0.06379198708094398 0.03454013605166182
1 0.18125228455216696 0.9254413030486432 0.07466930688002811 0.06909699247815268
1 0.290385868450018 0.5020432554767833 0.06340131241676641 0.054761707838416385
1 0.08269402683691496 0.6979648238983257 0.05766214882606548 0.04681281551854859
1 0.14582512431969058 0.7319246352602391 0.07142414513490661 0.05655152837152997
1 0.10966269352891936 0.9080695981132205 0.07475947785304679 0.058204956584775404
1 0.13565328296350868 0.50109818408574 0.05787248154420568 0.04837531551854859
1 0.1928807642507932 0.8737424107287751 0.062259477853046793 0.05784124373179367
1 0.1634324951291303 0.4045725250728246 0.054326816107925294 0.04515938730530315
1 0.06842129344712986 0.7404023764847505 0.05808281426234585 0.04993781551854859
1 0.2814904228185981 0.011896943256940148 0.058894154362803784 0.023793886513880296
1 0.09179851391785893 0.6650159315784576 0.05850347969862624 0.05306281551854859
1 0.18581813288171917 0.3307713122198432 0.05588931610792534 0.04520485141192578
1 0.3198468484055653 0.028824715822482326 0.06319097969862622 0.053199207838416515
1 0.11326764521091978 0.5748993969387216 0.05850347969862626 0.05306281551854859
1 0.3830088306156396 0.4036308360390266 0.11237963959816835 0.071750631037097
1 0.32492512239809795 0.08937577091618953 0.08716930688002815 0.06946070533113406
1 0.17160548036449483 0.36698159685957926 0.05588931610792529 0.04520485141192578
0 0.32877139085389234 0.13595525422314209 0.05297464882606544 0.04667642319868044
1 0.2535158733208877 0.09378813776752153 0.05829314698048602 0.05150031551854846
1 0.23087481736364932 0.1637058326738143 0.05453714882606544 0.04672188730530311
1 0.21510036014491057 0.48322271080791734 0.06745781426234584 0.05021060015828453
1 0.24284888623994377 0.12678249419401225 0.05964531426234583 0.04998327962517113
0 0.26615222239232167 0.5548871106496328 0.058924145134906604 0.056187815518548415
1 0.460578802675027 0.7523374575092122 0.16835912667911224 0.10606344655564541
1 0.12321346316442452 0.5357005046188534 0.05120181610792529 0.04506845909205772
1 0.302449909642621 0.39508020163671737 0.059855646980486024 0.05154577962517113
0 0.45231604378006407 0.9408998523363625 0.11135796677957015 0.08728470282385174
0 0.4059950784371259 0.18662519246551731 0.0667366451349066 0.05641513605166186
1 0.28861214177668204 0.13945833894202048 0.05943498154420564 0.04842077962517113
1 0.3156408893412472 0.34333584521022664 0.06475347969862622 0.05324467194503919
1 0.1561015360648121 0.7191745826738144 0.07373780503444868 0.07373902837152997
1 0.1981977724798875 0.2619303840065978 0.05745181610792529 0.04525031551854841
1 0.09372149915322345 0.627606859791703 0.051412148826065485 0.04663095909205772
1 0.2299597015010925 0.7139127696625482 0.0667366451349066 0.05641513605166182
1 0.21942658028270534 0.1967229211536164 0.052764316107925244 0.04511392319868044
1 0.19534398069742914 0.5779585492877194 0.07040247231630854 0.07208560015828454
1 0.12513704436991957 0.7410866865930226 0.07277631241676641 0.05503449247815269
1 0.2632968413561819 0.22346126590162463 0.057872481544205635 0.048375315518548435
1 0.20797834320176137 0.22974000963341842 0.05255398338978514 0.04355142319868044
1 0.29200904529270927 0.7385657771843956 0.11481346124283194 0.10139266693047429
1 0.3221755036911588 0.004987713710911271 0.04627399261768232 0.009975427421822542
1 0.10634166089834496 0.6147886110453442 0.05652031426234584 0.04989235141192587
1 0.23762055905854185 0.14249842240725763 0.05841330872560757 0.06395485141192578
1 0.14357104865093384 0.5405554891794473 0.05922464882606544 0.046858279625171126
1 0.26539977122416347 0.04597276339434214 0.056640476007467376 0.06234688730530311
0 0.3577525184557943 0.0362818631569153 0.058503479698626216 0.05306281551854848
0 0.3895444382491021 0.4649176770261111 0.08383397416188795 0.06780727711788863
0 0.4437807853989435 0.2874686269469689 0.09780630318886932 0.0791084899708702
0 0.2942314416073267 0.26536160939599157 0.06006597969862622 0.05310827962517113
0 0.21325195452638276 0.30040185062050295 0.052343650671644947 0.04198892319868044
0 0.5180005286824944 0.6899678381505977 0.1225357902698132 0.11251202335696497
1 0.5049744982304338 0.6133060497499379 0.19119561929679457 0.12540447994174037
1 0.561960265430504 0.44433708940423894 0.15462712114237398 0.1196713054894186
1 0.5278408822918637 0.5301525689502677 0.16751779580655146 0.09981344655564542