1 0.560950662018703 0.5522354611021585 0.10499792116548719 0.1538978157003111
1 0.9405449188671803 0.4492352035625865 0.05355382033565022 0.15245714206513986
1 0.1974964263403574 0.3190630002117615 0.09552783278320494 0.1315677893919517
1 0.8584185804848978 0.4757969745386868 0.10343542116548718 0.15380681043863903
1 0.09777154271802671 0.8242202080477995 0.1010441269743461 0.14277830517696727
1 0.30643371845690615 0.29793988715640396 0.08653134108157472 0.11548776308359247
1 0.2706323927226711 0.6267019239881069 0.10608682448483524 0.14773882096198285
1 0.7670445288205796 0.6654579849914433 0.10535311867597627 0.15858531570031092
1 0.25043217219117253 0.30820182394575457 0.08508724025173767 0.11695925782192056
1 0.014059732153860627 0.38599841318241446 0.028119464307721255 0.15925317363517105
1 0.4495512207319912 0.5750575820500239 0.1047611228251613 0.15077281570031092
1 0.6869392798694868 0.20344237435516016 0.09574132033565022 0.15491428413027988
1 0.1692796898135973 0.8146107186417304 0.11773471950581334 0.15775085779368575
1 0.5179757923170414 0.236617437354048 0.09024833693238996 0.12348227360693613
0 0.3913951786154425 0.5932230241010463 0.11401772365499827 0.1497563472703419
1 0.28664478856884185 0.8054415740163418 0.10800452199532433 0.1525173262236546
0 0.09237029584152634 0.36174259485126764 0.0938469336130419 0.12991428413027978
1 0.8049439186666877 0.17556873236060738 0.11077432448483515 0.14801183674699833
0 0.6292568344335902 0.21535781640618262 0.09841603444287887 0.12862479991529546
0 0.578783237752938 0.2245199847796818 0.08641294191141177 0.11392526308359248
0 0.08893210682989969 0.6637300290803696 0.12578401784613935 0.16133088410204516
0 0.34490757446161324 0.7756028845961552 0.09600142946385706 0.13781778939195172
0 0.2309275848345754 0.8016865134365283 0.0993632278041831 0.14112479991529553
1 0.9064239082937252 0.15021314561360904 0.08459033278320476 0.13093075256024872
0 0.7051248692774543 0.6511749480891532 0.08930114357108572 0.11098227360693613
0 0.32452698732873075 0.6134514950912641 0.09552783278320494 0.1315677893919517
0 0.4709023120140586 0.7449304662932432 0.10187292116548718 0.15371580517696729
0 0.5292359528858519 0.7244212742422207 0.10608682448483506 0.14773882096198285
0 0.5018833153380509 0.5618981584148528 0.10104412697434614 0.14277830517696727
0 0.41686265559443303 0.2673962714702104 0.09562292116548723 0.1533517841302799
0 0.4134091207273468 0.7646129057134298 0.10656042116548736 0.15398882096198285
0 0.8893222705222097 0.642780077211875 0.10800452199532415 0.1525173262236546
0 0.8266446717669652 0.648764037678749 0.10080732863402 0.13965330517696728
0 0.3623760651375582 0.2884592003670533 0.09706702199532424 0.1518802893919517
0 0.04149228153148289 0.3738400474256338 0.08298456306296578 0.1459943104386391
0 0.9087029230163651 0.4588678087960235 0.1030802236549981 0.14911931043863919
1 0.2065223485315299 0.6413251370858168 0.11160311867597636 0.15894933674699843
0 0.46685100020049275 0.25437335572754716 0.09249792116548719 0.15316977360693612
0 0.147046140447586 0.3484466633235888 0.09564623195336797 0.1331302893919517
1 0.588658497076993 0.7100710769295263 0.09024833693238979 0.12348227360693613
0 0.1636836530956333 0.6523760291509567 0.11281042116548727 0.15435284200867017
0 0.6428490896084602 0.6929143980326835 0.09024833693238996 0.12348227360693613
0 0.9258401109790846 0.6227637088242585 0.055968425314672034 0.14326415258848363
0 0.7368512338042458 0.48909988231825513 0.08664974025173766 0.1170502630835923
0 0.6680187234312835 0.4736638690934883 0.07526195435896632 0.08994173151356133
0 0.8529437107832362 0.15799482451045194 0.09084033278320476 0.13129477360693614
0 0.7935631750909575 0.46946294552890444 0.09337333693238996 0.12366428413027997
1 0.5260987134825287 0.0883619478773917 0.1349921518694554 0.09808743145709162
1 0.2720731416969858 0.15604778974488753 0.1173310551888033 0.09083637357870131
0 0.9228777024848664 0.13836559299689055 0.051304236102552636 0.12276964206513993
0 0.6096491937622895 0.515175805882839 0.08676813942190069 0.11861276308359248
1 0.16254385372962202 0.1849834028002451 0.10435745850815122 0.08385833148532647
0 0.7448109794545683 0.19929392967330173 0.09597811867597628 0.15803928413027984
0 0.3956649296643497 0.12629312933448333 0.1587848493799445 0.10414001038216938