0 0.21391847720405138 0.962799622764388 0.11048406134627217 0.07440075447122396
0 0.4496609086171387 0.42057642959733404 0.08381247334499946 0.09610559644977172
0 0.17117009257641325 0.6868106753490353 0.09482269867918128 0.10369855258464736
0 0.9622116212205961 0.9470014646760582 0.05746814934754489 0.10599707064788362
0 0.4820114266390922 0.2625987716873444 0.07901588534372692 0.0861550438205394
0 0.3940188886060028 0.4958928989229564 0.0853204293443632 0.0916099473261827
0 0.08506896057450423 0.6903213771464419 0.09011701734563582 0.10156049995541494
0 0.7651682772915473 0.40220313119410794 0.07589088534372675 0.08577134206771789
0 0.41575369720723304 0.9589665284164731 0.11693405601527207 0.0820669431670538
0 0.25962406524509496 0.6828064998662449 0.09009883601209037 0.09999799995541495
0 0.6999019778803691 0.9536658594844709 0.10596019334818116 0.09266828103105809
0 0.1842780725652774 0.7705685832367324 0.09954656134627213 0.10739910521387959
0 0.7969860632161418 0.9513621489341026 0.10748633068109026 0.09727570213179462
0 0.11848779853600602 0.967104421033859 0.11024770401018133 0.06579115793228212
0 0.06682004193191222 0.5104835657531017 0.09320565467854491 0.09881920170823655
0 0.6020820958784602 0.955483019596634 0.10592383068109026 0.08903396080673218
0 0.02403146324000429 0.6914329429664212 0.030614748010817684 0.0833326666518051
0 0.8449739559595928 0.40183127589105816 0.08535679201145392 0.09473494732618253
0 0.09505194056336838 0.7736955832813174 0.09640338001272668 0.10545290346105798
0 0.2750848859007318 0.7660709340685582 0.09802042401336308 0.11033225433746878
0 0.8545500453135009 0.2512280302731121 0.0821590666772721 0.088101245573361
0 0.704286415977092 0.2554665961376764 0.08214088534372692 0.08653874557336091
0 0.21642114727882067 0.42870939901212657 0.08537497334499947 0.09629744732618253
0 0.6032655245862765 0.6671052672384128 0.09324201734563572 0.10194420170823655
0 0.5594915366406831 0.2603766400696784 0.07903406667727211 0.0877175438205394
0 0.4115443853039559 0.2672467322488589 0.08059656667727229 0.08790939469695021
0 0.9205866478755966 0.9977080589905342 0.10536020934118148 0.004583882018931717
0 0.5195081425843674 0.6709037453504357 0.09162497334499946 0.09706485083182574
0 0.5310927219525932 0.41492767517069506 0.08533861067790856 0.09317244732618253
0 0.3116656338717786 0.9614690130904304 0.10752269334818117 0.07706197381913923
0 0.5097127825430057 0.957731844180721 0.10279883068109026 0.0845363116385581
0 0.796390457948775 0.47566732416052904 0.09164315467854482 0.09862735083182575
1 0.5986529392902747 0.3911460128563589 0.0934783746817267 0.12225670170823655
0 0.295481938613957 0.4251166182708713 0.09009883601209037 0.09999799995541495
0 0.19002337396563793 0.27681858323673236 0.07897952267663592 0.0830300438205395
0 0.890145717218369 0.9493531379455291 0.10434314934754454 0.10129372410894177
0 0.7126512572804116 0.47790330227255196 0.09327838001272663 0.10506920170823655
0 0.14511776460059395 0.5052323595736411 0.090044292011454 0.09531049995541493
0 0.43340701058245845 0.6744144471478424 0.08849997334499946 0.09668114907900413
0 0.9631672359166401 0.7332018942510996 0.06050224267981754 0.10416533330361002
0 0.344943947247004 0.6791998726306329 0.09636701734563573 0.10232790346105816
0 0.6909291565881854 0.663786416317417 0.09326019867918127 0.10350670170823655
0 0.6322932373090466 0.2567977058227801 0.07901588534372675 0.08615504382053948
0 0.9224540659611836 0.3996091442733921 0.08221361067790837 0.09278874557336092
0 0.8097149719128222 0.7425255083628424 0.09796588001272681 0.10564475433746878
0 0.013660868634637838 0.5129519342023132 0.027321737269275677 0.08215386840462653
0 0.6312194439449571 0.4835520566991908 0.09322383601209036 0.10038170170823654
0 0.8997405352482766 0.7379319337564627 0.09958292401336308 0.11052410521387976
0 0.1109807639640471 0.2788488639779875 0.08372156667727224 0.08829309644977172
0 0.13346319661045714 0.43104130256235484 0.08532042934436311 0.09160994732618266
0 0.6798756672899565 0.4034660084297199 0.08217724801081765 0.08966374557336106
0 0.05750922394177541 0.43658028505643154 0.08375792934436313 0.09141809644977172
0 0.7825477759786829 0.2533403899582158 0.08372156667727211 0.08829309644977172
0 0.7746774479233217 0.6607691882053942 0.097984061346272 0.10720725433746878
0 0.876214317950366 0.4737329688574793 0.09164315467854464 0.09862735083182575
0 0.9801616425445964 0.9961786751929875 0.01938634667409076 0.007642649614025032
0 0.367463289902959 0.7609838857767945 0.10739542401336308 0.11148335959593361
0 0.5505506992759572 0.4908592365640353 0.08849997334499946 0.09668114907900413
0 0.37454272994909327 0.42152383752961614 0.08221361067790856 0.09278874557336106
0 0.008610289306183067 0.43884295613487556 0.017220578612366134 0.07768591226975108
0 0.8623956239258671 0.6527628372843983 0.09324201734563572 0.10194420170823655
0 0.3094984379376392 0.4980329515967739 0.09473179201145401 0.09588605258464718
0 0.040406002983773476 0.28174247366309124 0.08081200596754695 0.08516809644977172
0 0.2281211686028211 0.4989942060234129 0.09008065467854491 0.09843549995541494
0 0.3325199566359105 0.2677145129901141 0.08059656667727229 0.08790939469695021
0 0.4754143392743663 0.4933691444963174 0.09474997334499946 0.09744855258464735
0 0.2628250746340015 0.273239648989834 0.07739884134309047 0.08127569294412869
0 0.4566803312380953 0.7586381357322095 0.09326019867918127 0.10350670170823655
0 0.947408065284866 0.4738684337341702 0.075927248010818 0.08889634206771788
0 0.9476700525939125 0.6530624600487863 0.09327838001272681 0.10506920170823655
0 0.7205070212444586 0.7440900084074273 0.09484088001272664 0.10526105258464717
0 0.34739262066359106 0.06534307000140042 0.056449994668999894 0.024094131550788368
0 0.9210290206476828 0.25313169252057055 0.06333634134309066 0.07954903505643154
0 0.48431136533259095 0.06494252168734442 0.05950226933481808 0.018227833303609976
0 0.41783238999840916 0.06303885943988591 0.05803067600254543 0.02584848242719917
0 0.02383694199554566 0.07797368858436722 0.04767388399109132 0.024697377168734436
0 0.6344331612428677 0.745256960204834 0.09006247334499946 0.09687299995541494
0 0.8018346726607275 0.14226542503693987 0.08377611067790873 0.09298059644977177
0 0.5262437793205006 0.15928092078864112 0.09146134134309047 0.08300235083182575
0 0.9144801233290911 0.14357868813851665 0.042914753341817755 0.06767997366309127
0 0.5842653646562732 0.1484106532158403 0.07116702267663584 0.08207078943848548
0 0.36817674065086436 0.16177898227115145 0.06640679734245421 0.07524523680925314
0 0.5420911199077315 0.7472190084965975 0.08846361067790856 0.09355614907900414
0 0.9561659946292289 0.39357768811622407 0.03204997867599957 0.07258701752821572
0 0.861291488661682 0.1425245083405498 0.06804202267663584 0.0816870876856639
0 0.12731100457514058 0.6908138508095332 0.17932496801399936 0.12499599991082988
0 0.7328937686585004 0.15023023647486516 0.0726204346753633 0.07288764031489628
0 0.6577483179901368 0.15352139440714732 0.0741829346753633 0.07307949119130708
0 0.4472284413192279 0.15896745152989628 0.0930056600095451 0.0816317017082365
0 0.30476822131604625 0.16494652177651453 0.07432838534372674 0.08557949119130707
0 0.2413506113144554 0.16889531128187757 0.09147952267663592 0.08456485083182574
0 0.1670045919796373 0.17071989465236515 0.09304202267663593 0.08475670170823654
0 0.09730061931095557 0.1770262806520851 0.08991702267663593 0.08437299995541495
0 0.03514661199077315 0.17628757015744814 0.0702932239815463 0.08070014031489628