1 0.6987982832204298 0.11331164977035094 0.3281246026865796 0.17497873125410077
1 0.08750854064075411 0.9205074540680634 0.17501708128150822 0.15279071345960346
1 0.1188255729003876 0.191013613649884 0.20489743540471986 0.1715115385547438
1 0.2120945286064812 0.0816969634596036 0.21643594278703757 0.15333454152049333
1 0.42121500435702747 0.4539207678316782 0.2741882625861217 0.18987421939110263
1 0.03951365285015864 0.42523476334587285 0.07902730570031728 0.1442195266917457
1 0.5492794268426913 0.2611841225843136 0.375900915103346 0.22975907315515495
1 0.4535328552740408 0.9107796269957568 0.34816658976752357 0.17844074600848642
1 0.6195480332964429 0.7487225677551285 0.40474708423078526 0.2247187460828485
1 0.2994614573707651 0.9560483646384672 0.2743987939609721 0.08790327072306567
1 0.05706143942881301 0.060454680342067246 0.09212712114237398 0.1187446828135252
1 0.2959751775085599 0.6781939145619175 0.28647792986798154 0.18882105536065766
1 0.1498516353931672 0.7775015533834914 0.2993384151033461 0.22663939034162972
1 0.7554549465542097 0.5327394234963471 0.3642422459759068 0.23549973718559974
1 0.018306940812997583 0.1896819239162766 0.036613881625995166 0.1327780079086654
0 0.09169950431902088 0.32599610870696816 0.18339900863804176 0.18270370653952134
1 0.8685853487384996 0.2875489403022611 0.22875540218429008 0.25639587452429885