0 0.5579574033259094 0.03846651295680998 0.10596019334818116 0.07693302591361996
1 0.2610218385582777 0.7811150879106674 0.20652490937299817 0.3052043414544118
0 0.10719214528963836 0.3147658019748982 0.08724655601527202 0.11800712523071262
0 0.4692974152212324 0.795091543032483 0.14624193738063415 0.35754928901808825
0 0.41919434798695515 0.0841783335917308 0.09911130402608972 0.1683566671834616
0 0.4124207065563687 0.7854650215946833 0.14180897605027046 0.3791239003691402
0 0.21084057256527738 0.7328067982742704 0.10323627737108917 0.28453329117755644
0 0.12994094398472797 0.10408911782945703 0.09053518801718101 0.13226988433001133
0 0.0851609619271397 0.5308611713455147 0.08279541335136283 0.13801923658176474
0 0.36985741931890975 0.09578646206164594 0.09153516136218051 0.19157292412329188
0 0.4841653673217733 0.07148856647286767 0.11916926535645338 0.14297713294573533
0 0.11239836063813768 0.2027967281007749 0.08557496801399936 0.10853199568106335
0 0.17969056989977733 0.7262156392672567 0.09536923337045286 0.27934514342931005
0 0.325253443984728 0.10343827575673643 0.09011811203054405 0.20687655151347287
0 0.5691883272199598 0.7980582518549266 0.14289876137808885 0.33859902991878954
0 0.287653446650228 0.11328364512735296 0.09344310669954395 0.22656729025470593
0 0.14106080466263654 0.026483354411221727 0.0835033906747269 0.052966708822443455
0 0.24928128998250082 0.12214750539867084 0.08268742003499838 0.24429501079734167
0 0.09037626794241174 0.41811084747139143 0.0841942813494538 0.12405686613141395
0 0.1462513612349136 0.7150871745847173 0.0890101453691802 0.2695696252307126