1 0.7324090207826512 0.29332647309018983 0.20888516237139482 0.21111928882691283
0 0.1066025832288009 0.7452023095350586 0.20562380698520064 0.1872796190701173
0 0.7073600655694076 0.5500642801574266 0.22428290339440443 0.17406763761089117
0 0.24701135538619426 0.05520891078685897 0.19714771077238852 0.07221169467812802
0 0.12968049316430888 0.5522253751502252 0.25397949375348405 0.17945075030045032
0 0.23547441256778662 0.08495077419887515 0.20997496369925478 0.13007037370531077
0 0.11302932435000634 0.6422009414878489 0.21964085518980253 0.1812768829756978
1 0.7155963090283042 0.892274869671018 0.21498062626704134 0.18536112834050433
0 0.10417299569839164 0.864331389778263 0.19945562021691718 0.2005377795565259
0 0.24131586729005097 0.14971707127326758 0.18349427693097128 0.14071443077254747
0 0.7164128787029284 0.6300764969886147 0.22426472267624523 0.17094263761089135
1 0.7468922817045492 0.9792645705508104 0.355351096212812 0.041470858898379245
1 0.11116632161953181 0.45616289904865 0.21831470452587257 0.22170079809729995
1 0.13241863202257803 0.35194683734621973 0.23220448770335986 0.19382306200288052
0 0.16577148750696813 0.3148639122317734 0.27579086123992674 0.17132843859802005
1 0.14960561114173085 0.21988431344779494 0.19613972267624522 0.16732310979973022
1 0.7271851895969539 0.2005357184549963 0.2118010841125635 0.17558395858370862
0 0.7229072766363837 0.4045194213806039 0.2210488190854491 0.15491546785409566