1 0.6099841041047218 0.49438566578091053 0.14774912860909736 0.11654925546001174
1 0.74959865007625 0.14572450942221152 0.14902068787965278 0.10417680121764632
1 0.20500239732336753 0.6421389289476522 0.12561955547083342 0.10382611485312836
1 0.7154217121965971 0.23529732139070353 0.1477127610179167 0.11498675546001183
1 0.5721840184299298 0.9597408237220104 0.13826502583555572 0.08051835255597908
1 0.2494083203853815 0.5502701644037847 0.11133884992375007 0.0933032030344176
1 0.5062726501731591 0.7465703059287521 0.14149912860909736 0.11603907242947357
1 0.8227224530785413 0.40060307018275554 0.15087412860909738 0.11680434697528082
1 0.22562467505878425 0.596858250918084 0.11290134992375007 0.09343074879205204
1 0.1386467794478465 0.8363196215210881 0.15221842306201397 0.10755689273291544
1 0.564742379655937 0.5885344074459609 0.14462412860909737 0.11629416394474265
1 0.38856827146715267 0.22114025804508564 0.14916615824437507 0.11042680121764636
1 0.6048341706903813 0.9174245530538141 0.15272756933854162 0.12943189273291508
1 0.32030596789618027 0.3627221091032524 0.1192604526972918 0.0986284318225902
0 0.5463547491469787 0.638693904111981 0.14636846656500016 0.12423420970237728
1 0.6648650937523952 0.8268312460862919 0.14782186379145834 0.11967425546001173
0 0.1815629376922216 0.741198311219586 0.12561955547083342 0.10382611485312836
1 0.4324293338718402 0.11905147062240082 0.143170731382639 0.12085411818710816
0 0.36474825854937476 0.2692908445593849 0.12412979065319459 0.10682356909549373
0 0.3441805322007289 0.3122277725889532 0.11137521751493065 0.09486570303441741
0 0.43226883966833257 0.899424496835198 0.15915940729444458 0.1377545757634536
0 0.6732783122172563 0.7680302019956473 0.1335047906531944 0.10758884364130097
0 0.6303076025861104 0.8654952622971492 0.13670252583555573 0.11096893515656987
1 0.4714749564970139 0.05570631880562967 0.12580008700597228 0.044578660610762835
0 0.7748837119122566 0.4381829474537195 0.10672408510611113 0.09604556576151388
0 0.5253869792953466 0.6988183321415493 0.12561955547083342 0.10382611485312836
0 0.7196467787822565 0.6591014832094143 0.14611389342673622 0.11329670970237729
0 0.7357815782691662 0.6048444179069424 0.14309799620027785 0.11772911818710821
0 0.583820341186944 0.5423449336587579 0.13826502583555572 0.11109648091420468
0 0.28767334622093715 0.45320371682937893 0.14596842306201402 0.10704670970237729
0 0.7035483468865272 0.7117960485118863 0.14778549620027787 0.11811175546001174
0 0.8736329492788194 0.2983069886694262 0.14782186379145862 0.11967425546001173
0 0.8427271349742707 0.34822736927437 0.13673889342673612 0.11253143515657005
0 0.27397321571197875 0.5037458507683027 0.14447865824437506 0.11004416394474284
0 0.15612587338767295 0.7915651019762506 0.13990026101791675 0.11434902667183913
0 0.7305752399320138 0.18957023320941432 0.14142639342673605 0.11291407242947367
1 0.48076285068624935 0.8000620966854168 0.1525820989738195 0.12318189273291544
0 0.305116072569583 0.41001169728454157 0.14589568787965285 0.10392170970237728
0 0.20067726681440917 0.6934463374323832 0.12721842306201395 0.10551616061076281
1 0.7573123925737149 0.5541587627561914 0.11766158510611113 0.09693838606495575
0 0.46579116090673545 0.8379766848667061 0.14949346656500015 0.12448930121764627
0 0.7740829716959025 0.5062154703325368 0.11929682028847229 0.1001909318225902
0 0.8913666163569095 0.24261496912458877 0.14306162860909738 0.11616661818710819
0 0.6575890687698609 0.33233194699467755 0.11290134992375016 0.09343074879205204
0 0.6041542910344442 0.3749341641139206 0.08764677678548623 0.08045251666989942
0 0.8962184237276041 0.20230883351867507 0.13292290919430555 0.08258884364130097
0 0.44513000883371523 0.07782056380465983 0.12536498233256949 0.0928886148531283
0 0.6728880668699998 0.2803548588133883 0.11929682028847229 0.1001909318225902
1 0.20010387709048588 0.28089854000775866 0.10134690729444458 0.13303538273097573
1 0.1112004587781246 0.502199841974311 0.09320709897381954 0.11833515394280311
0 0.6065694697960413 0.439315528508007 0.11450021751493064 0.09512079454968654
1 0.07217236673815922 0.5984212666698994 0.08350479065319452 0.1035073793969957
0 0.4185655492025694 0.17662485456132454 0.15065592306201392 0.10742934697528086
0 0.15675130775194412 0.39476985030926076 0.1112674211621529 0.15723815727678297