1 0.7176355902737619 0.09531409547292405 0.34348607822389887 0.1486554264973857
1 0.07383561584021094 0.900997861836767 0.14767123168042187 0.14887072367353404
1 0.11095676351658594 0.12937291442319182 0.1979822441620231 0.1896033722616083
1 0.1955038340618757 0.05113190564770318 0.22461733187624863 0.09689904671392999
1 0.41852190604497386 0.4250851973470683 0.3001528070287037 0.21438807508545993
1 0.026641694984425777 0.3809377629321237 0.053283389968851555 0.1508016335443793
1 0.5592997130736777 0.2223359335570147 0.4076189327620652 0.2611387061225569
1 0.44624674154465793 0.9091346222616083 0.3721949451858377 0.1817307554767833
1 0.6265824140685778 0.7523764377136498 0.4399663121477765 0.2574059523616331
1 0.28058051529938927 0.9549723079967011 0.2908624926953003 0.09005538400659781
1 0.28066073461386754 0.6616100675636126 0.3109352668239409 0.21314382383181857
1 0.1423937234843205 0.7627597274344577 0.284787446968641 0.25564957257817744
1 0.7699183844758695 0.5238459239235962 0.3863640935811169 0.2667522086298394
0 0.08303710343089572 0.27476197077054026 0.16607420686179145 0.1955351235152496
1 0.8836201790808008 0.2623294138944664 0.2132245760382717 0.28041022868809906