1 0.6469291372705661 0.6652021889537902 0.08812790765375897 0.14850781764492565
1 0.2794747591511018 0.31714739686782306 0.07983578868539638 0.1259759161745153
1 0.9441267793254887 0.6832879841658904 0.0865654076537588 0.14834359227732322
1 0.18570354055657012 0.7876875891511899 0.08398184816957768 0.1372418669097204
1 0.3882873076119978 0.3309048099162051 0.07227299792002047 0.11125651470410478
1 0.3559085623953447 0.6469920452121004 0.08896107945077229 0.14085954301252848
1 0.854557384150597 0.8425152718527137 0.08700300457555059 0.15303109227732312
1 0.3326726919714004 0.3235123093663121 0.0708563635606179 0.11265478933650215
1 0.06362106093976297 0.31689420808725766 0.07352396713794018 0.1578030639688995
1 0.5351374544502674 0.6526788251702028 0.08627367637256426 0.1452185922773232
1 0.7690786996669206 0.3577766622950455 0.07762800457555094 0.1520457400717074
1 0.2565995031189594 0.8013277306933079 0.10077377329435624 0.15138412058574674
1 0.6001099012060246 0.3376965725939627 0.0775439604824097 0.11799919080691268
0 0.477054234192358 0.6519891238851047 0.09691944509136974 0.14324316985054147
1 0.3745373423452313 0.829968770579703 0.08954454201316153 0.1471095430125282
0 0.17433976247886696 0.3262104591870436 0.07968992304479912 0.12441341617451522
1 0.8875369683857258 0.3671327902328446 0.09364857945077247 0.1413522191153362
0 0.7119745168466218 0.35100118637754996 0.08423155740420185 0.12334359227732303
0 0.6603390840263232 0.3448004992466635 0.07354376663882593 0.10829574007170742
0 0.17443976393444868 0.6255981525701964 0.10731550457555086 0.15516602205615726
0 0.43301613747836215 0.8183226972324038 0.08041925124778575 0.13222591617451512
0 0.318391185939258 0.8085958827136113 0.08227348252898033 0.13551514154211794
1 0.9771428299707672 0.3754636891270149 0.04571434005846555 0.12795133860129687
0 0.7926297354401438 0.808930957883814 0.07637703535763123 0.10549919080691268
0 0.4103772639344487 0.650396183078192 0.07983578868539638 0.1259759161745153
0 0.5592139733768688 0.827718702008216 0.08500290765375898 0.1481793669097204
0 0.6170783951738821 0.826064653293314 0.08896107945077247 0.1408595430125282
0 0.5880436559893715 0.6559187376686919 0.08398184816957759 0.1372418669097204
0 0.4993496622293098 0.33561567369979234 0.07733627329435624 0.1489207400717074
0 0.5013495515798554 0.8293727507231177 0.08969040765375898 0.14867204301252848
0 0.9660123886227547 0.859231100525718 0.06797522275449061 0.1471095430125282
0 0.9143489700491036 0.8449316985054145 0.08525261688838306 0.1342810922773232
0 0.4447561060728938 0.3391606731498994 0.08031540765375897 0.14768669080691268
0 0.11403764683826964 0.3183252825343428 0.08583607945077235 0.14053109227732302
0 0.9760574221087074 0.6831565586129755 0.04788515578258519 0.1434918669097204
1 0.2919189952156433 0.641040055140393 0.09310713893495351 0.15212549374773374
0 0.5491308637684138 0.3385271354630762 0.0743571389349535 0.15015478933650214
0 0.22966264683826965 0.3304779597369366 0.07998165432599373 0.1275384161745153
1 0.6763075295332849 0.8307427172622137 0.07612732612300714 0.11939746543930987
0 0.24909611085624067 0.6380863575313208 0.09423204201316163 0.1476022191153362
0 0.7304844997911942 0.8310218551283054 0.0775439604824097 0.11799919080691268
0 0.9970800565720079 0.8584404144946175 0.005839886855984133 0.14020264154211795
0 0.8226473542007102 0.6581426308604887 0.07241886356061791 0.11281901470410478
0 0.7534696570293612 0.6214755527373774 0.06681414767046334 0.08592806396889952
0 0.934536823003038 0.3651104139447245 0.07529415432599365 0.1270457400717074
0 0.8789492759977235 0.6563243567779844 0.08066896048241005 0.11832764154211795
1 0.6058568481695776 0.19209313968899538 0.12575155074867136 0.08748112793779908
1 0.3524092061146549 0.17860565476976845 0.10968895382687949 0.08115137426177288
0 0.9935750408692738 0.36781305548684246 0.012849918261452231 0.12121338051403932
0 0.6952306713804116 0.6439770134008753 0.07256472920121518 0.11438151470410478
1 0.2428364186770442 0.17327776635378375 0.09675135690508752 0.0751500713209519
0 0.8269122106902058 0.3723646382125412 0.07635723585674548 0.1550065147041048
0 0.47633622483346033 0.18853657149417669 0.15075155074867155 0.09010873381944098