0 0.43591392121628375 0.06548908272569876 0.16879715756743258 0.1309781654513975
0 0.37531886952087257 0.10633576434254591 0.1671661910658786 0.21267152868509182
1 0.4490899700207199 0.8235153472565788 0.23820643713693723 0.2738126783023798
0 0.14007895885306812 0.5644591356665197 0.09884422249741003 0.11922852205615726
0 0.6244024931800837 0.7483371941364894 0.2031807737785364 0.322996269479917
0 0.27842029073715635 0.1814191696773167 0.1848674214211715 0.33040056506868554
0 0.5714765463232367 0.7663387439511771 0.20056519602827727 0.3336053187447117
0 0.3876623184491433 0.8237522492768823 0.15361311331561955 0.26025700845183836
0 0.07777166563471243 0.3999742772086376 0.10411391935425689 0.13222119815896508
0 0.20611056555365917 0.7324396807053952 0.10113446856846861 0.13501774742375972
0 0.24992926364885112 0.2256172509265612 0.1714941261359012 0.3103367621278646
0 0.3268599447899322 0.14921768364319438 0.19329635152879537 0.29843536728638875
0 0.10044072415454908 0.4807761959593931 0.09691784946188074 0.11125179668855445
0 0.35999108271716695 0.8336574432099282 0.1456550641014079 0.25631088161382537
0 0.2214382365605459 0.2698153321758058 0.15619445781510163 0.28229623381944097
0 0.7085249361079892 0.7115082496535505 0.1965669007430071 0.31452686800950647
0 0.19877983250776995 0.30562612463844113 0.15114308477957233 0.2739910577166332
0 0.0467122762619903 0.31024779871490177 0.0934245525239806 0.12547852205615717
0 0.02999140694826006 0.21678165459654367 0.05998281389652012 0.13831169080691266
0 0.17810130541946473 0.3490030790496726 0.13264564185166688 0.2440595786730043
0 0.1664723308551401 0.6487567409982686 0.09742727171162176 0.12218929668855445
0 0.3277778961994023 0.8409303132457818 0.13733314185166687 0.24455225477581202
0 0.11181498759400318 0.18649128401079698 0.08023977171162172 0.12038281764492575
0 0.13856157816454376 0.14636367812915507 0.0877611732831983 0.11495394448293883
0 0.16171013378889626 0.11672077298271841 0.08085620181924558 0.10023454301252835