1 0.6077110794507723 0.16401150610443546 0.22687887687167851 0.1984728787873867
0 0.27907028847659066 0.8907865315463488 0.28250339226271876 0.1780652035271874
0 0.7083933319463438 0.4180649202833582 0.23729473585674565 0.1601473631835546
0 0.09799242637256429 0.14196284995457148 0.17935616971703391 0.10580069990914298
0 0.2246807849410295 0.6912468769783644 0.28744060149734285 0.16433025214770663
0 0.11105608943406786 0.19862228573022023 0.19585636356061786 0.11599457146044045
0 0.2445890218377648 0.7879138370642726 0.2741074297003294 0.17140576775153882
1 0.8757747772455093 0.7370306835123412 0.2306491609815243 0.17223792740790583
0 0.32945717512376876 0.9544285504295413 0.271543669717034 0.09114289914091742
0 0.13583850249557144 0.25589587516934215 0.19546078868539643 0.1284126843053107
0 0.08689794945912456 0.10639716417892271 0.16183491638926875 0.08466932835784544
0 0.7530926701326258 0.4888211555840371 0.23856550457555095 0.1571042503386842
1 0.9021952537433571 0.8942434814554916 0.19560949251328594 0.21151303708901673
1 0.16951245445026744 0.6082805687469071 0.2447957050746652 0.20718613749381412
1 0.15148935960845494 0.4984961329712583 0.2265451235439134 0.17824226594251655
0 0.16535286064844465 0.44713502883281525 0.2615654076537589 0.15364505766563052
1 0.11267414579827992 0.36585405133405247 0.1713780045755509 0.15358310266810493
1 0.5613033756238929 0.0916108836486268 0.22260675124778578 0.1360547659425165
0 0.6520778758316889 0.27284427351729 0.2339818481695776 0.14131547602842476