0 0.9408022783899022 0.6714954971243832 0.11839544322019577 0.13240563597150673
0 0.31903041243710584 0.49064584614065315 0.100793572795242 0.10133487208101144
0 0.7943025517886612 0.10126163381479417 0.13235510357732228 0.05802579679055845
0 0.6774411208395362 0.7398370504718227 0.10948126663882593 0.11148507310482607
0 0.15701993115591117 0.4714741849476923 0.09225174459225535 0.09274717105719699
0 0.4125208034520388 0.5386231579145203 0.09923107279524199 0.10117983187624872
0 0.7138594513302983 0.8231740442599363 0.10762703535763123 0.10820503290006309
0 0.18272219072361473 0.18299555190963113 0.09210587895165805 0.09118467105719699
0 0.8774722391845107 0.25425467292674353 0.13496088560718816 0.1356856761762697
0 0.8648831414305251 0.47592130852434106 0.13525261688838305 0.1388106761762698
0 0.6407310590675795 0.6533750566837089 0.10762703535763123 0.10820503290006318
0 0.7445546840680844 0.19849510603380366 0.13125242304479912 0.12912559576674387
0 0.9890154242925849 0.6435486166458584 0.02196915141483018 0.133229228804805
0 0.752232222129083 0.7201677906075867 0.1146063635606179 0.11663769371911492
0 0.7035947192179196 0.11625549163140117 0.12593943843583927 0.1053780153572181
0 0.9629281991469256 0.76490517183393 0.07414360170614884 0.13396813597150672
0 0.5499230174700098 0.8579922021455424 0.1062104009982285 0.1096124926953003
0 0.7837024396836251 0.29448714002668036 0.12798155740420186 0.12725301535721806
0 0.7499341287428523 0.9111210179456688 0.10762703535763123 0.108205032900063
0 0.9202345135188568 0.3475093074315275 0.13154415432599365 0.13225059576674383
0 0.15872102766211119 0.12488506945247621 0.08323029742090626 0.06243951023814538
0 0.7897235339010397 0.8067073044980819 0.11133549792002065 0.11476511330958905
0 0.7138137947165291 0.6319882566147099 0.11616886356061791 0.11679273392387764
0 0.0663801853158701 0.25504485563097995 0.09254347587344999 0.09587217105719699
0 0.4153787177613282 0.7184777960716542 0.10250193843583925 0.10305241228577451
0 0.4956931214639339 0.31854210163363517 0.10948126663882593 0.11148507310482607
0 0.1253101116884344 0.39711854167148575 0.09396011023285268 0.09446471126195988
0 0.18821922088129733 0.5403610782238988 0.09425184151404728 0.09758971126195988
0 0.8282878269541911 0.8964493384909586 0.11489809484181243 0.11976269371911492
0 0.5311843363140987 0.40023907531936753 0.10450203535763122 0.1078949524905374
0 0.9682332050746651 0.5466081944958479 0.06353358985066962 0.13336007310482606
0 0.28219549604783706 0.41113758225015795 0.09908520715464472 0.09961733187624855
0 0.9075934939678577 0.5769109229267435 0.13125242304479912 0.12912559576674382
0 0.8230479827367763 0.3843066941219385 0.12612732612300723 0.12397297515245516
0 0.2396483856071884 0.14607336989538452 0.10762703535763123 0.10820503290006318
1 0.23439216888484019 0.3467952467215595 0.12852299792002056 0.11647055556198094
0 0.3818146670126567 0.6408421125906848 0.10933540099822867 0.10992257310482607
0 0.2804214667213384 0.7569454477453739 0.09083511023285266 0.0941546308524341
0 0.2735771004573532 0.22761530337635394 0.10933540099822858 0.10992257310482607
0 0.6225198689673527 0.9849687317382507 0.10416828202986608 0.03006253652349855
0 0.5148693995416371 0.7809827284598102 0.10123116971703397 0.10602237208101144
0 0.5660401668048607 0.48342102890271843 0.1026478040764367 0.1046149122857745
0 0.8334181851080741 0.15545376831957813 0.13808588560718854 0.13599575658579552
0 0.946268605345103 0.44600013162916713 0.107462789309794 0.14365321638103268
0 0.6043856613971161 0.5708193128955952 0.1096271322794232 0.11304757310482608
0 0.4583476753325746 0.23356508774313997 0.11104376663882576 0.11164011330958898
0 0.09389202350215224 0.3258878983952792 0.09239761023285267 0.09430967105719698
0 0.4878658756238929 0.11032990316935701 0.11318972920121517 0.1180451535143519
0 0.5853412994998759 0.9389079258312748 0.10123116971703397 0.10602237208101144
0 0.3104120168466219 0.3071235672668492 0.10635626663882594 0.11117499269530029
0 0.9853823175952933 0.8609032548029922 0.02923536480941351 0.12664495249053748
0 0.4601253392262718 0.06191055009791339 0.09212567845254363 0.04164979167148573
0 0.3124230174700099 0.8344260910215805 0.09581434151404729 0.09774475146672294
0 0.45001574979119424 0.7993159996550051 0.09923107279524199 0.10117983187624854
0 0.21601552121437678 0.2660224652882191 0.09752270715464464 0.09946229167148575
0 0.4832151364383723 0.8730454331359745 0.09908520715464456 0.09961733187624873
0 0.046878634567198665 0.1788045339928767 0.06925184151404731 0.0951090679857534
0 0.37718635794406746 0.9660769060738883 0.09425184151404728 0.06784618785222349
0 0.4236377104824099 0.15194563415978907 0.1144604979200206 0.11507519371911483
0 0.2206474648501647 0.10006923795013689 0.08191750665553033 0.048377010238145376
0 0.6736140688430791 0.5413099324170704 0.11846069176360441 0.1247602741286407
0 0.34710106759529336 0.38506933115734443 0.10264780407643662 0.1046149122857745
0 0.3490318662639853 0.5632839492120969 0.09908520715464464 0.09961733187624873
0 0.5162167356479397 0.9507880902882192 0.09937693843583943 0.09842381942356156
0 0.3881675066555304 0.07876489037167528 0.09635578202986608 0.08696229167148573
0 0.7847899592336143 0.9729896427442568 0.10035597587345002 0.05402071451148629
0 0.4465224511225022 0.6209463413954899 0.10308540099822867 0.1093024122857745
0 0.34291399001569467 0.9040167141954054 0.09268934151404729 0.09743467105719716
0 0.47796155033206966 0.7006932145693149 0.10435616971703396 0.1063324524905374
0 0.21873120445026745 0.6184679312953424 0.09410597587345002 0.09602721126195987
0 0.5461242456312354 0.9914815369263223 0.09445952870210092 0.017036926147355302
0 0.3788108870627701 0.459424974433551 0.10323126663882594 0.11086491228577451
0 0.8607269746246544 0.9662412527609483 0.10304337895165787 0.0675174944781034
0 0.2505658785350563 0.6858698446739304 0.08741837895165805 0.09071955044290832
0 0.6376852570711223 0.45492545873133794 0.10948126663882593 0.11148507310482607
0 0.5238676202161482 0.19749562685508934 0.1111896322794232 0.113202613309589
0 0.5580880663475076 0.28216256033605874 0.10450203535763122 0.1078949524905374
0 0.06122781218754868 0.44029677266191775 0.04952280407643661 0.09934354532383556
0 0.10484548086459289 0.592461286552413 0.07843895382687947 0.07744434941909369
0 0.5943086094006589 0.37167203402179105 0.10093943843583926 0.10289737208101153
0 0.6977128103153651 0.7828712226218333 0.14519127994988673 0.19552579679055845
0 0.07909393011592145 0.5156008040952582 0.07154366971703392 0.10307660819051634
0 0.1307008752072911 0.6538518092143308 0.09025164767046338 0.08790463085243409
0 0.15897295237028797 0.716256142183393 0.09341866971703391 0.10524717105719698
0 0.18897440619716743 0.7888942452548366 0.09356453535763123 0.10680967105719699
0 0.22166326310225495 0.857154928735806 0.09156443843583925 0.1019671308524341
0 0.24753966846823844 0.9270616812953424 0.09029366971703397 0.10493709064767102
0 0.27310333152974203 0.974164309214331 0.09050135690508743 0.05167138157133806