1 0.39115328751359846 0.42913334986892765 0.11150049374773356 0.09113333684478153
1 0.5141285522177033 0.35371342797595456 0.1124060922773232 0.08505675861515698
1 0.39560837721468134 0.2618574349171192 0.10788281764492566 0.08609899330403063
1 0.4019966534967577 0.09822763730974753 0.1147897191153362 0.09304268038553247
1 0.4897693932220156 0.7617886167314488 0.11824316985054147 0.0965145239262835
1 0.5167467220682447 0.2700321150574565 0.11462549374773356 0.09148018038553243
1 0.4008727987149018 0.03131465627535266 0.1215323952181441 0.06262931255070532
1 0.06511648972525791 0.6660755950921458 0.11150049374773359 0.09113333684478153
1 0.394060031261332 0.3500528260652418 0.1132272191153362 0.09286925861515698
1 0.7190668819904935 0.10087071349758694 0.11117204301252848 0.08800833684478152
1 0.7104872860371442 0.18984650261239916 0.11306299374773357 0.09130675861515698
1 0.3899333922954544 0.5142037410170502 0.11150049374773366 0.09113333684478135
0 0.5228886602989171 0.10874606745008482 0.12342334595334918 0.10172228923740985
1 0.7160360160073342 0.4309093172048897 0.11413281764492567 0.08679268038553242
1 0.385752722444913 0.5980584757059237 0.11150049374773356 0.09113333684478153
1 0.06912091287515731 0.2533103502367204 0.1179147191153362 0.09338952392628341
1 0.39156598364621625 0.182776059080123 0.1226022191153362 0.09390978923740985
1 0.07291696839221848 0.33473547607371656 0.11651644448293882 0.09477860215590797
1 0.8073766663779587 0.524237691245296 0.1179147191153362 0.0933895239262835
1 0.37918606674858324 0.6752288039355483 0.10632031764492567 0.08592557153365502
1 0.5102784658159782 0.19199212187602352 0.11758626838013093 0.09026452392628341
1 0.7091970731740744 0.3490497849086444 0.11585954301252847 0.08852860215590788
1 0.06352804063973164 0.5048754063366514 0.11478971911533623 0.09304268038553243
1 0.8342956989123016 0.43708709088597786 0.11914876838013093 0.09043794569665894
1 0.049098279423318944 0.8373427668625212 0.09819655884663789 0.09043964976327956
1 0.1904796466945983 0.09776766985118794 0.1152823952181441 0.09773018038553247
1 0.3742241468980418 0.7591702495096098 0.11618799374773356 0.09165360215590787
1 0.06609004689199806 0.5833489539440231 0.11306299374773358 0.09130675861515698
0 0.21069823897192141 0.032995294136789345 0.1356793669097205 0.06599058827357869
1 0.7110460143576554 0.5959281930418858 0.12293066985054146 0.09703478923740985
1 0.5172415308846638 0.03466410178811517 0.1132272191153362 0.06932820357623035
1 0.07502830809330138 0.16771969377747137 0.12013412058574668 0.09981294569665891
1 0.19523533162591278 0.26556555418074346 0.11914876838013103 0.09043794569665894
1 0.3703320509446925 0.8476257733132954 0.12243799374773356 0.09234728923741002
1 0.7840285823792493 0.8271901215082307 0.10434017720259377 0.12585688445215304
1 0.8507632831144545 0.816694696267273 0.09809017720259376 0.12516319737065124
1 0.8445243992708384 0.11937591744161002 0.12589144448293874 0.09581913277816081
1 0.17941589174556138 0.5923907429362378 0.11273454301252835 0.08818175861515698
1 0.17833427280949365 0.5145250235584907 0.12136816985054147 0.0968613674670344
1 0.5091385505680243 0.5187323038129508 0.1080470430125283 0.08766149330403046
1 0.7183115810760198 0.2623310349086444 0.11758626838013093 0.09026452392628341
1 0.503970169504092 0.5972917102721997 0.10681299374773356 0.09061307153365501
1 0.1792257172924325 0.432579632410368 0.11289876838013098 0.08974425861515697
1 0.05101624560085607 0.9185927668625211 0.10203249120171214 0.10554097631891182
0 0.8400714422833669 0.0475309681116594 0.12342334595334918 0.0950619362233188
0 0.18033328531402648 0.671818962313985 0.1189000713209519 0.1027645239262835
1 0.7095937088405941 0.5142429345493265 0.1179147191153362 0.0933895239262835
1 0.1573065750271969 0.9276354078880462 0.11618799374773361 0.09165360215590787
1 0.8429456125105765 0.273978410623043 0.12210954301252848 0.08922228923740985
1 0.8847628785179108 0.7797192217449511 0.058694508451838344 0.14704330957051326
1 0.1659142527796837 0.7575821885102991 0.11980566985054146 0.09668794569665877
1 0.048269009205174865 0.9755390100439542 0.09653801841034973 0.02672399330403046
1 0.832761280711439 0.35618308239341845 0.12227376838013093 0.09078478923740985
1 0.19176772684405685 0.18101542834374734 0.1146254937477336 0.09148018038553243
1 0.1940553132457818 0.34291015621405385 0.1230948952181441 0.09859728923740985
1 0.4984733377049544 0.6789761167314488 0.10368799374773374 0.09026622799290429
0 0.05622450350280145 0.7446341495180844 0.1124490070056029 0.1027645239262835
0 0.8359846801555022 0.20062591744161 0.12342334595334928 0.10172228923740985
0 0.8430180628691136 0.006471561652410346 0.12440869815896498 0.012943123304820692
1 0.679965184034972 0.8842961539270735 0.0784487327196551 0.04113674497802293
1 0.06499427390927966 0.4174612651885289 0.11289876838013098 0.08974425861515697
1 0.1634204314587318 0.8474267905436094 0.11964144448293883 0.09512544569665886
1 0.73000270186521 0.8563505399306216 0.08757031764492566 0.0838445102891491
1 0.5087959457861684 0.4338353344352036 0.12227376838013093 0.09078478923740985
0 0.7231255623192205 0.036803429058145924 0.11511816985054146 0.07360685811629185
1 0.4017010025762403 0.06725258229200784 0.12439926212786463 0.13450516458401568
1 0.7112453985477207 0.5572992474678246 0.13015658602505678 0.16578478923740986
1 0.717647602582284 0.22457005021977086 0.12481218455464624 0.1590145239262834
1 0.3936681136103625 0.21420033288380882 0.12234408602505678 0.16491768038553245
1 0.3936964217036639 0.39024427163930314 0.11568116359827503 0.1749880715336551
1 0.512615138792653 0.14772100453158674 0.13393848749546713 0.17238163277816082