0 0.8298682351968459 0.5636612202395763 0.12874995099757208 0.11880426634364483
0 0.27616879894072577 0.48484598549794045 0.09650524511086359 0.08871257475773361
0 0.8263996813608134 0.03920034972822798 0.13545769609609515 0.07840069945645596
0 0.55645718126209 0.6670639977310862 0.10748235295569461 0.10030563861970414
0 0.1268554165885105 0.49064750728946704 0.08800612746307887 0.08347877153942491
0 0.35282154403307875 0.5158285517056994 0.09696299020938674 0.09183757475773362
0 0.5712525488975342 0.7402611971106674 0.10389960785717153 0.09696211733238051
0 0.221366740160025 0.21494838476130634 0.08933975491381732 0.08202553218308672
0 0.86216120094204 0.18483137989450235 0.1258538235468336 0.12014824505632146
0 0.7978038969887734 0.3919226140550605 0.13099906864535668 0.12360102698730664
0 0.542005122450538 0.5915230483515047 0.10210823530790983 0.09529035668871888
0 0.7513821323213642 0.1492759281691325 0.1265008333497873 0.11400750569998319
0 0.8919148773581851 0.5307123264240922 0.05733269609609515 0.11690327673520517
0 0.6325465195010136 0.6385458778008154 0.10950259805421787 0.10353989926336596
0 0.7332724999814892 0.06703151072053633 0.1233758333497871 0.1137889844126597
0 0.8441860538113515 0.6453975392973268 0.11937495099757207 0.11814870248167467
0 0.40680274496894847 0.7966090221205027 0.10077460785717154 0.09674359604505725
0 0.7645753921119774 0.23341062754871383 0.12314696080052574 0.11222648441265973
0 0.5848089214344554 0.8166380268120796 0.10389960785717153 0.09696211733238051
0 0.8790516421058072 0.2648413079867603 0.12070857844831054 0.1166954631253363
0 0.21045781860216514 0.14689215345073975 0.09673411766012521 0.0902750747577337
0 0.6471130145871963 0.7133055771803968 0.10771122550495615 0.10186813861970415
0 0.6169897057879848 0.5599891890648958 0.11262759805421788 0.10375842055068922
0 0.07011671565881097 0.1706242204148033 0.09002637256160204 0.08671303218308676
0 0.09374573524620768 0.2996508027141056 0.09002637256160202 0.08671303218308672
0 0.3134884312620899 0.6840540278204859 0.09829661766012521 0.09038433540139543
0 0.48528183818339166 0.29778910986768664 0.10591985295569462 0.10019637797604233
0 0.11571762248138913 0.4241537759789005 0.08956862746307888 0.08358803218308672
0 0.13980438716730897 0.5500553582782027 0.09136000001234046 0.08525979282674853
0 0.6609928920255943 0.7927527765599781 0.11152284315274094 0.10677415990702759
0 0.4995248283680976 0.36947843956909887 0.09898323530790983 0.09507183540139544
0 0.8910125489407257 0.4418519222170477 0.08522882354683362 0.11730746832111638
0 0.2609156862067583 0.41477378611835913 0.09494274511086367 0.08860331411407199
0 0.8142167891316019 0.48047166182548756 0.12516720589904864 0.11546074505632156
0 0.7809134558250062 0.31191268596280264 0.12112671570200248 0.10899222376899793
0 0.28400536761693357 0.172679121267653 0.10233710785717154 0.09685285668871887
1 0.23154066170554435 0.36192729156624076 0.12200259805421779 0.10441398441265974
0 0.3001213234295993 0.6169429374754118 0.10389960785717153 0.09696211733238051
0 0.1753722547842426 0.7401069218880716 0.08800612746307887 0.08347877153942491
0 0.7161333823460451 0.021094841934557837 0.11773323530790983 0.042189683869115674
0 0.2968002940762703 0.24369646161272698 0.10725348040643308 0.09874313861970412
0 0.4329845831831912 0.9293233331324814 0.09017602942120143 0.06661905347041
0 0.3926543871364579 0.7295525620972596 0.09898323530790991 0.09507183540139544
0 0.5127576960035418 0.4427848995923419 0.09875436275864828 0.09350933540139543
0 0.8429468137006882 0.09957122308956792 0.13210382354683362 0.12058528763096839
0 0.4993684068595995 0.004360446025386685 0.09813818628080107 0.00872089205077337
0 0.8886621567978974 0.35231952865366517 0.11739431374387976 0.12574268119435103
0 0.5279910048150936 0.5182712186500925 0.10614872550495633 0.10175887797604233
0 0.4707153430972089 0.22302941048810526 0.10569098040643307 0.09863387797604233
0 0.1032263970011138 0.36162092499016474 0.08800612746307887 0.0834787715394251
0 0.1989767156711514 0.08274217214017317 0.09223588236455571 0.08068155347041021
0 0.5292870342918272 0.10294650343106926 0.1097314706034794 0.10510239926336587
0 0.42116017142828516 0.867517101821915 0.0976496078571714 0.09652507475773361
0 0.3129490930848685 0.3129327806704775 0.10435735295569462 0.1000871173323807
0 0.847775441052703 0.7317503025388786 0.08610470589904864 0.11272922896477802
0 0.5142825980295369 0.03927907232433171 0.1128564706034794 0.07855814464866342
0 0.18784367634210242 0.8080538925549764 0.09181774511086363 0.08838479282674853
0 0.32550210772142657 0.7551259984873907 0.09696299020938674 0.09183757475773362
0 0.23292267152083848 0.2891453554282112 0.09158887256160204 0.08682229282674854
0 0.33999377437780953 0.8198387085106338 0.0951716176601252 0.0901658141140718
0 0.08127431368834787 0.23170383204720074 0.09025524511086361 0.08827553218308674
0 0.2124828184787607 0.935463344532448 0.08979750001234041 0.08515053218308673
0 0.45803485291250307 0.1512308201430313 0.10927372550495615 0.10197739926336587
0 0.2732108823337046 0.10384163995708642 0.10256598040643308 0.09841535668871888
0 0.6014328920749561 0.48143250032897617 0.11354308825126402 0.11000842055068923
0 0.22821786749352918 0.9652929561648452 0.0806425980418773 0.02265053218308708
0 0.3284310783680975 0.3814424800500588 0.10031686275864829 0.09361859604505725
0 0.28686865187173954 0.549050597130338 0.09650524511086367 0.08871257475773361
0 0.35212188711177694 0.8901294291775386 0.09540049020938675 0.09172831411407216
0 0.43956210782632044 0.07674427237260424 0.10435735295569462 0.10008711733238065
0 0.5948419606400999 0.880116018766308 0.08659328432267835 0.06327553218308708
0 0.3661688479431538 0.5883537617289425 0.09944098040643308 0.09819683540139543
0 0.19966808809700853 0.8698601238655431 0.08869274511086359 0.08816627153942491
0 0.37673446067712124 0.6587537430395092 0.10210823530790983 0.09529035668871906
0 0.150598872450538 0.6188928395887693 0.09136000001234046 0.08525979282674853
0 0.3637570341622526 0.9426699211317671 0.08297093137932414 0.04910377153942491
0 0.3397977450244805 0.4463737113606254 0.10100348040643307 0.09830609604505706
0 0.6696923037805004 0.8547775291578681 0.08746916667489373 0.058697292826748536
0 0.16444352930396727 0.6774648102556742 0.08286088236455572 0.08002598960843983
0 0.5870952695380349 0.4051103009493947 0.10748235295569479 0.10030563861970414
0 0.2663776715578598 0.050192116071872905 0.08213465687193997 0.06451025025210155
0 0.42686181371919896 0.027131310507775723 0.10565137256160209 0.054262621015551446
0 0.5419477205541176 0.18015921345431238 0.10771122550495633 0.10186813861970409
0 0.06505507350981224 0.12071705556409718 0.0727200490271089 0.05302644703379289
0 0.002565097977090007 0.8258198188056489 0.005130195954180014 0.06410605866619043
0 0.008096580815750825 0.8823211910817083 0.01619316163150165 0.06421531930985225
0 0.01541943620367322 0.9379320527141056 0.03083887240734644 0.06923060124083733
0 0.553503651914931 0.25435618412121724 0.09898323530790983 0.09507183540139544
0 0.012029093121889836 0.23798631905775053 0.024058186243779672 0.08652736188449897
0 0.8565144606524402 0.7829468157804303 0.0439084313793245 0.046372255447881726
0 0.034364093103379165 0.47453047041480334 0.06872818620675833 0.09263525025210165
0 0.025677904381095067 0.4269506300697293 0.05135580876219013 0.07701025025210159
0 0.04820009794315378 0.6105883027141056 0.07680014706898625 0.07032320767745456
0 0.5667167156279598 0.33307676382262946 0.09719186275864829 0.09340007475773363
0 0.005972745086182708 0.1870793829197209 0.011945490172365417 0.0727162341605582
0 0.5656935538051813 0.7043072716162996 0.14034323532025042 0.17683528763096845
0 0.015368676450081317 0.2982136248739492 0.030737352900162634 0.07646394703379285
0 0.021166446052903586 0.3615823561845158 0.04233289210580717 0.07646394703379293
0 0.03948514701962446 0.5426413320472008 0.07897029403924892 0.09419775025210164
0 0.058939558718998565 0.6639646749901648 0.08754838236455571 0.08035377153942491
0 0.06945014694558178 0.7189035472662239 0.08960823530790991 0.09441627153942492
0 0.08171249987659554 0.7829988982549596 0.08983710785717147 0.09597877153942509
0 0.09544272045539401 0.8423521189218646 0.08915049020938674 0.09129127153942491
0 0.10324644593566934 0.9052127518415855 0.08648323530790991 0.09419775025210128
0 0.11322446063392966 0.9532296347613063 0.08503078432267834 0.06316627153942492