1 0.4921062573707623 0.612343380372258 0.11523946528398436 0.14432269262201594
1 0.8476561634652086 0.716452600809008 0.09997972539885361 0.14735678903121965
1 0.33027594658582915 0.22682910295030734 0.10174514447989988 0.12238406010845859
1 0.7560469943841623 0.692002567533325 0.11367696528398437 0.1443136022629364
1 0.0315543497766388 0.6229648013278599 0.0631086995532776 0.13492042154477701
1 0.4238230202935503 0.26141720550783126 0.09228897396298837 0.10827610831306052
1 0.23570407527121023 0.534982491415793 0.11450894505424598 0.13807269262201594
1 0.5942369149329798 0.8139553564663486 0.11422485545628831 0.14900110226293614
1 0.3760145809827657 0.24295809699837903 0.09247160402042294 0.10983860831306051
1 0.13193991333758484 0.18035914481019746 0.10484985545628826 0.14894656010845858
1 0.3963067486917584 0.5769876633533535 0.11331170516911512 0.14118860226293642
1 0.7589691113592794 0.36642585061261634 0.10760959534141908 0.1458397408266178
1 0.06690333107848348 0.649949482144215 0.12654222539885368 0.1475113251355733
1 0.6145799133694908 0.31261557026379944 0.09788962425016141 0.11611587939029935
0 0.34473410417995265 0.5640154855620605 0.12268670516911513 0.1412431444174141
1 0.16018660421185854 0.7001534943426593 0.11680196528398445 0.14433178298109545
0 0.22879461710274063 0.2133665666495621 0.10174514447989988 0.12238406010845859
1 0.8635450000957178 0.4001690706565828 0.11937907511168078 0.1396624636992548
0 0.7095981720484946 0.3479758324622437 0.10468751442246518 0.12083974082661779
0 0.6662032876515581 0.33183320287555257 0.09228897396298841 0.10827610831306042
0 0.07936276745372557 0.4765574339396131 0.13508524562859212 0.15380677693097128
0 0.21928765912570664 0.7021518106976338 0.1057832947670729 0.13021474082661796
0 0.12008920536055082 0.6691580243968887 0.10927355488194213 0.13335792154477702
1 0.9309861489470255 0.4310054593184603 0.050365274537334415 0.12364657825883114
0 0.554819306541149 0.7704644317001179 0.09486608379068447 0.10360678903121964
0 0.28484165475429873 0.5487495547457055 0.10174514447989988 0.12238406010845856
0 0.3307121678047105 0.737416624125742 0.11193183522654984 0.1427420119038567
0 0.3856837574026682 0.7480268711988758 0.1146915751116806 0.13963519262201593
0 0.4430092631461296 0.5915496122218854 0.1094561849393767 0.13492042154477701
0 0.5226967992022926 0.2905092869881163 0.10411933522654984 0.14269656010845858
0 0.2765218282067528 0.7268018318730685 0.11680196528398445 0.14433178298109545
0 0.6988635334396799 0.8539440313307756 0.11680196528398454 0.14433178298109545
0 0.647970679387351 0.8284763987190225 0.11083605488194212 0.13336701190385664
0 0.4706675795469003 0.2814433591968233 0.10724433522654983 0.14271474082661778
0 0.17813512287810793 0.19258188885826913 0.11120131499681137 0.13649201190385668
0 0.8032973990108374 0.7018770164018567 0.11138394505424606 0.1380545119038567
1 0.18026576601786024 0.5150063347017388 0.1204748554562883 0.14903746369925486
0 0.5664569437140985 0.30352691657480735 0.10099433522654984 0.14267837939029934
0 0.2778408815571118 0.22791487997947452 0.10349027453733442 0.12395565046753824
1 0.4375810767708875 0.764900753810629 0.0961444941927267 0.11454428903121983
0 0.14170042641990252 0.5043006388582691 0.12148946528398445 0.14435905405833438
0 0.4862113513401279 0.7763286123200812 0.09945212425016141 0.11612496974937905
0 0.7559049279514857 0.8668843928652897 0.11294644505424589 0.13806360226293615
0 0.6570210261646354 0.6441741215916593 0.09247160402042294 0.10983860831306061
0 0.6127738729738257 0.5952462630822071 0.08017452310146922 0.08478406615858276
0 0.7956573629227683 0.8674338387087597 0.0794034248245076 0.1316227047222643
0 0.9078530347798275 0.408499200243274 0.09705764447990006 0.12235678903121969
0 0.7097401807913104 0.6540167542034124 0.09945212425016141 0.11612496974937905
1 0.6926541980216945 0.18568491072107488 0.13439530344607675 0.0944681383672898
1 0.4668222254626655 0.12063766940347773 0.11941965315890375 0.08657382513557323
0 0.5477982226866527 0.6034314678044714 0.09265423407785747 0.1114011083130606
1 0.36951094655392314 0.09153649756411308 0.10426137281429604 0.07711701190385667
0 0.8051744654116082 0.3919207543016084 0.1048498554562883 0.14894656010845858
0 0.576085614199104 0.15435361837020545 0.15856332367581522 0.10085449375348406