0 0.8890625 0.5096807658341096 0.11875 0.12966862793779904
0 0.278125 0.42233038456673366 0.090625 0.09858757132095194
0 0.6046875 0.6208197827377863 0.096875 0.11018197279136252
0 0.11640625 0.42760896011360483 0.08125 0.0913522191153362
0 0.365625 0.456883763980987 0.0875 0.09982162058574673
0 0.6296875 0.7010046768561443 0.096875 0.10549447279136252
0 0.18515625 0.13053929393908958 0.0828125 0.08839144448293883
0 0.87890625 0.09590448072352656 0.1203125 0.13295785330540172
0 0.8328125 0.3234053790678038 0.1203125 0.13608285330540165
0 0.5796875 0.5390723886194282 0.0953125 0.10689274742375972
0 0.75234375 0.061198218392218486 0.1171875 0.12239643678443697
0 0.965625 0.4727274728215812 0.06875 0.13066341617451532
0 0.68359375 0.589088901673854 0.1015625 0.11379964889417024
0 0.72265625 0.016582496700642053 0.1140625 0.03316499340128411
0 0.9203125 0.5978025084820571 0.11875 0.13123112793779904
0 0.4578125 0.7604757172924325 0.09375 0.10672852205615727
0 0.77734375 0.15111037961769683 0.1140625 0.12448845183499122
0 0.653125 0.7836975463421051 0.0953125 0.1068927474237599
0 0.90859375 0.18419044873907678 0.115625 0.12934017720259386
0 0.16953125 0.07436904761511579 0.0765625 0.06117204301252836
0 0.7078125 0.6724809084760134 0.1 0.11207292352656761
0 0.65703125 0.5051619829230984 0.1046875 0.1141280996293755
0 0.9796875 0.5665619445131576 0.040625 0.1245823595576681
0 0.05703125 0.22134952408250438 0.0828125 0.09464144448293883
0 0.3421875 0.6390346444950263 0.090625 0.100150071320952
0 0.48203125 0.2204302240945919 0.096875 0.11018197279136244
0 0.0953125 0.3563885025762402 0.0828125 0.09151644448293883
0 0.13828125 0.49327855496716816 0.084375 0.09480566985054147
0 0.734375 0.7571890772267688 0.1015625 0.11692464889417024
0 0.50625 0.29757223089675133 0.0921875 0.10500179668855462
0 0.95234375 0.37568588844620343 0.0953125 0.1303302474237597
0 0.25234375 0.34691510313217694 0.0875 0.09825912058574673
0 0.86171875 0.41958595976715535 0.1171875 0.1263794025701964
0 0.8046875 0.23651768568465098 0.1125 0.1211992264673886
0 0.2484375 0.0832631665511835 0.0953125 0.10689274742375979
1 0.21328125 0.28930198732224244 0.115625 0.11215267720259385
0 0.31953125 0.5664159123252643 0.096875 0.10705697279136253
0 0.2 0.7000729029468646 0.08125 0.09291471911533619
0 0.2703125 0.16221401140474684 0.0984375 0.10722119815896507
0 0.5078125 0.9091267555291488 0.09375 0.08485352205615726
0 0.43359375 0.6880212104902731 0.0890625 0.10311084595334936
0 0.5296875 0.377140100382712 0.090625 0.10171257132095199
0 0.8484375 0.03443751370604055 0.1234375 0.0688750274120811
0 0.93515625 0.27827361748983226 0.1203125 0.14077035330540166
0 0.55546875 0.4595866318172687 0.096875 0.11018197279136252
0 0.45703125 0.1394640799762338 0.0984375 0.10878369815896502
0 0.07421875 0.28907429503887555 0.0828125 0.09307894448293882
0 0.50546875 0.03309540267191822 0.1 0.06619080534383644
0 0.48203125 0.838398974094592 0.0890625 0.10311084595334918
0 0.29609375 0.2360667928393036 0.09375 0.10829102205615718
0 0.94609375 0.6904052899166139 0.1078125 0.1253940503645808
0 0.22109375 0.7736371104842293 0.084375 0.09636816985054146
0 0.36484375 0.7163408766647883 0.0875 0.09982162058574673
0 0.20703125 0.20949013879265294 0.0859375 0.0965323952181441
0 0.38828125 0.786533746150749 0.0875 0.09825912058574673
0 0.03828125 0.14753897849373582 0.0765625 0.09554704301252834
0 0.26484375 0.9127888001913561 0.0828125 0.09620394448293865
0 0.43359375 0.06145871049027309 0.103125 0.11396387426177287
0 0.23515625 0.04012783217580577 0.078125 0.045711268380130975
0 0.6296875 0.41897342685614436 0.1046875 0.1219405996293755
0 0.28359375 0.9530055957801246 0.0828125 0.043078944482938655
0 0.321875 0.31070082427386037 0.090625 0.1017125713209519
0 0.29765625 0.492152567471701 0.0890625 0.09686084595334918
0 0.41015625 0.8631408410043123 0.0875 0.10138412058574672
0 0.4078125 0.016805244674294832 0.0875 0.033610489348589664
0 0.67578125 0.8641287785118671 0.090625 0.095462571320952
0 0.3875 0.5350533588345504 0.0921875 0.10812679668855445
0 0.24140625 0.8394709307053952 0.08125 0.0960397191153362
0 0.4078125 0.6118246790557164 0.09375 0.10360352205615726
0 0.1578125 0.5677882378721354 0.0828125 0.09307894448293882
0 0.4296875 0.9259317739092797 0.0875 0.06700912058574673
0 0.34296875 0.381140031811225 0.090625 0.107962571320952
0 0.7546875 0.8363041474479347 0.09375 0.09110352205615727
0 0.1796875 0.6311140827256988 0.078125 0.08789876838013093
0 0.60625 0.33706180737018365 0.096875 0.11018197279136244
0 0.528125 0.09292932575031461 0.0984375 0.11190869815896502
0 0.55078125 0.17336055792007662 0.0921875 0.10500179668855454
0 0.96171875 0.7598567862405877 0.0765625 0.07679704301252847
0 0.021875 0.4086383448535633 0.04375 0.09834831029287336
0 0.009375 0.3560458977943843 0.01875 0.07853320441123142
0 0.04609375 0.5584366016557227 0.0703125 0.07614014154211794
0 0.57421875 0.2591784274060373 0.0890625 0.10154834595334936
0 0.61875 0.6615292544293627 0.121875 0.1956220786730043
0 0.03046875 0.48507885533174894 0.0609375 0.10171728933650215
0 0.06328125 0.6175676226120939 0.0796875 0.08650049374773357
0 0.0828125 0.6764523055170611 0.08125 0.1038522191153362
0 0.10234375 0.7462744884220285 0.0796875 0.10525049374773357
0 0.12578125 0.8102173579079892 0.0796875 0.10056299374773366
0 0.14140625 0.8781063542319629 0.078125 0.10352376838013093
0 0.1578125 0.9420069878721355 0.08125 0.0913522191153362