1 0.4696455026467158 0.8929010176570131 0.32434763905580577 0.1728131720501132
1 0.768478182939919 0.02443487353865515 0.23695636587983807 0.0488697470773103
1 0.9464703360515305 0.6674533889960964 0.10705932789693903 0.18327686800950643
1 0.9205911721638393 0.8036277910163999 0.15881765567232123 0.18006739631792995
1 0.6020780562232229 0.506827600382712 0.2731247610157517 0.20596355881641912
1 0.9918714006437895 0.27762143403497197 0.016257198712420973 0.15558366249848907
1 0.9677170951716925 0.41614430407082575 0.06456580965661515 0.15187207867300428
1 0.5554853874893348 0.7231399426600351 0.3746247132189022 0.25208303160778167
1 0.38330556417025213 0.09372545671252515 0.3482171190701173 0.1874509134250503
1 0.2956857256795683 0.2856491523969717 0.40350787370531077 0.24895331359223122
1 0.5146262963519352 0.027003730520083046 0.2730025927038705 0.05400746104016609
1 0.6321490273891543 0.26057906104620987 0.28542367613735387 0.2057148617572401
1 0.7329711993133216 0.12725052115981467 0.2980622132189021 0.24403598859525316
1 0.2507479150000457 0.5271257200418974 0.3629290527324935 0.2570192286669606
0 0.9377115990844288 0.5303240755770899 0.12457680183114235 0.19487126947991698
1 0.22699621237488837 0.7917136959593931 0.2538474956652568 0.27175750219957207