1 0.5290141106437438 0.3294105231906979 0.14951891367668785 0.09668453756341755
1 0.21552272520022422 0.7068953176952799 0.1266384892846986 0.08644413277816092
1 0.5278099311945544 0.05154139567970935 0.14931782879829 0.0951220375634175
1 0.6764155098139504 0.7458414821566981 0.13974174391989216 0.09251900694116451
1 0.22108236961368063 0.6038561765471574 0.1117716497711072 0.07863333684478153
1 0.5294601296065249 0.6012030724720618 0.14210858343348357 0.09894242871154013
1 0.6879445553218719 0.11770796182359455 0.15420641367668786 0.0972048028745439
1 0.21737048374815404 0.6566343330064065 0.1133341497711072 0.07880675861515699
1 0.22824310613010698 0.9072472734358931 0.15572273464950503 0.08505164641529497
1 0.5231528389126907 0.43479341433882046 0.14639391367668786 0.0963376940226666
1 0.22388351896278097 0.24699323611767077 0.15163848928469853 0.08921888110416845
1 0.6843814520242566 0.6779594430418858 0.1526900927038705 0.109357959333793
1 0.2149910689270022 0.4058488228398547 0.12018740440630067 0.08418794569665895
0 0.5255904106079652 0.4876591337165676 0.14623900782547264 0.10710177225229103
1 0.7050090208297023 0.565547005960384 0.14835858343348357 0.09963611579304192
0 0.23166008542196126 0.8029057649433338 0.1266384892846985 0.08644413277816065
1 0.22586163020742553 0.13588061028067458 0.14427433806867695 0.10380335048191558
0 0.22075179821885654 0.30124718169173204 0.12411674391989207 0.09078478923740985
0 0.21842441698852344 0.3492511272657934 0.11041023464950503 0.08002241507440608
0 0.5197402505435634 0.7724719483090581 0.15994551709585975 0.11786414641529497
0 0.6901719915736267 0.5132874107456405 0.1348531590414943 0.09043624163003834
0 0.6872346349641756 0.6198859583530123 0.13817924391989217 0.09234558517078924
1 0.2277935624248874 0.03981104497378553 0.12799990440630066 0.07962208994757106
0 0.658428329942754 0.17951086660885124 0.10768740440630076 0.08280057153365505
0 0.5283839730328526 0.5497264313239393 0.12663848928469862 0.08644413277816092
0 0.6908117772102604 0.39462241756420763 0.14911674391989216 0.09355953756341746
0 0.6855508328325828 0.33975979172721144 0.14367108343348356 0.09911585048191558
0 0.5233375550214217 0.3854871014203224 0.13974174391989216 0.09251900694116459
0 0.21981184890553496 0.5000349333657244 0.1481113195279029 0.08574703756341755
0 0.6962738064663361 0.44792254340120385 0.14971999855508572 0.09824703756341754
0 0.6958941287625111 0.02595008384340261 0.14835858343348338 0.05190016768680522
0 0.6865898609441942 0.0624117815606597 0.13701891367668786 0.09529716340041365
0 0.2256760479184062 0.5502100592027206 0.14695098928469852 0.08869861579304192
0 0.22666423736044003 0.8596768822877705 0.14170641367668776 0.09581742871154013
0 0.5246685624248875 0.025679300771460002 0.14306782879828983 0.051358601542920004
1 0.526405861788208 0.6608390571609355 0.15344825319027908 0.10328138110416844
0 0.2195943952574702 0.4538536204472264 0.14947273464950506 0.08435795933379282
0 0.230583928848289 0.7514291237952111 0.12860315904149422 0.08974255454853637
1 0.6864393460157061 0.2849847288087134 0.1184238195279029 0.08245202392628341
0 0.5273271125106651 0.7015516200794336 0.1505243380686771 0.10449703756341755
0 0.683599604563636 0.23524400943096618 0.12038848928469861 0.08575044569665893
0 0.511467692632313 0.16655856745008482 0.1133341497711072 0.07880675861515699
0 0.4788033777396036 0.2348716048909047 0.0875298102575158 0.06978201028914936
0 0.22075559168096298 0.09178206267330291 0.12623631952790282 0.08331913277816079
0 0.5058045784978396 0.11482094161308865 0.12038848928469861 0.0857504456966589
1 0.07438915844059359 0.4152934930588354 0.09476886587983813 0.1260320102891493
1 0.07701583716732599 0.6521899249957626 0.08827160197425754 0.11144924497802293
0 0.21896745364806475 0.024706310284911957 0.12105429171674169 0.049412620569823915
0 0.5052586145564802 0.28661178682783195 0.11509773464950505 0.08054268038553243
1 0.07760565031467061 0.7553166290623834 0.07864933806867695 0.09651963612614552
0 0.23404648970670544 0.1919588925769198 0.15436131952790283 0.08644072464491939
0 0.07813524548636304 0.5357819709291419 0.10267372393420357 0.15155227560027562