0 0.921644237605164 0.4767684656285761 0.15671152478967193 0.14272748982323477
0 0.8878777707826512 0.40977903946386574 0.2242444584346976 0.12749863749381407
1 0.12812201746300156 0.395751834012055 0.25264425273047453 0.19912133197589005
0 0.4891630148307229 0.1259727640219525 0.10202610831306061 0.08501016508343387
0 0.15810092983439647 0.5786119216421546 0.30234427088084714 0.15017922094004205
0 0.8277993097156753 0.3035976385139262 0.3162795058537326 0.12904120533620986
0 0.15778276726660984 0.5239244216421546 0.31012949980360827 0.14590115671569084
0 0.15514305971567513 0.33885005879728436 0.2474386022629363 0.10981317051050077
0 0.6709988221105111 0.08283916044933645 0.11453519867214013 0.08722776232447187
0 0.30109084308955414 0.17177766621508767 0.1191954275949012 0.08278592378986112
0 0.7916572766363837 0.27032479308191043 0.2990283733401752 0.11720294662978263
0 0.8499833819243822 0.3555762183421096 0.2913613190854491 0.14179351085413386
0 0.5843346142649889 0.09675889755903769 0.09420451795398091 0.08303822930778511
0 0.15419818325224202 0.3107660023748492 0.2442681504675382 0.10183689620024125
0 0.7570822887366321 0.23775131049476497 0.2724113311856975 0.10643586499257687
0 0.16876623994285506 0.6655796551338111 0.2929419998036083 0.1450003980092635
0 0.7280169574527389 0.21192247286466537 0.26458974082661796 0.10446392921692808
0 0.7708988281606354 0.06041088252103233 0.10826701795398072 0.08377521370395287
0 0.8731244034926003 0.03931763003261183 0.12547269867214011 0.07863526006522366
0 0.6919249213483853 0.18724337743264968 0.2348204275949012 0.08884557326946281
0 0.39704823770335984 0.14330410617460793 0.10512383723582168 0.0804864393936934
0 0.15713683089110986 0.2785709780645897 0.23486587939029935 0.09665807326946271
0 0.8729612979100143 0.14102571743759845 0.11125566256778682 0.06050148801421238
0 0.9051789002711466 0.17137828075743852 0.10195338544042372 0.07251016508343389
0 0.9272084363754999 0.19679436058562202 0.08787270472226431 0.06864818068726608