1 0.48750129126861613 0.49885034204111367 0.12596129396097205 0.1058958751693421
1 0.39113732633462533 0.5923347484181203 0.12334713037027108 0.09800148801421252
1 0.5287726821225085 0.6417504929910534 0.12022213037027107 0.097837713703953
1 0.5665584884126812 0.7817303618288175 0.12929662667911224 0.10762214947960161
1 0.30357635150686885 0.24008393091440872 0.1328422921153926 0.11091092378986112
1 0.4111495213001767 0.662653892470655 0.1290862939609721 0.1060596494796016
1 0.5911530170191623 0.8525850944159629 0.13596729211539263 0.11107469810012063
1 0.7369597687887286 0.21892274536590256 0.12596129396097205 0.10589587516934218
1 0.5063716516704477 0.5661263732487781 0.12773412667911224 0.10754026232447185
1 0.2617960114824241 0.8558826713034703 0.12575096124283186 0.10433337516934209
1 0.2465313973894335 0.7791088093631112 0.12752379396097213 0.10597776232447202
1 0.46624209538027517 0.4262693351437088 0.12575096124283186 0.10433337516934213
0 0.4481540775903493 0.8026747048859839 0.13795045755167307 0.11428158525525056
1 0.17617331526114874 0.5756739501362855 0.12689279580655155 0.10129026232447184
1 0.44743181585100417 0.3527842475136092 0.12596129396097205 0.1058958751693421
1 0.8447280772574152 0.5708902798529274 0.13106945939725242 0.10926653663473136
1 0.5539982088834103 0.7079177255781989 0.13575695939725244 0.10951219810012063
1 0.8199232159327936 0.5015980472657819 0.13106945939725242 0.10926653663473136
1 0.06456638502222632 0.5179986482364062 0.12913277004445264 0.10778592378986111
1 0.4331437890901023 0.28604380484055547 0.1206427958065515 0.10096271370395282
1 0.4380427144201485 0.7279579879026707 0.13064879396097204 0.10614153663473136
1 0.20431350930391035 0.6432399084131715 0.12887596124283193 0.1044971494796016
1 0.7823026568742518 0.35462787200558277 0.12929662667911224 0.10762214947960161
1 0.06289881799151131 0.5987982688831925 0.12579763598302263 0.10457903663473153
1 0.7091348751664672 0.0683362471749249 0.11929062852469166 0.10244332654882313
1 0.770359472725256 0.731486943127339 0.12971729211539262 0.1107471494796016
1 0.41568567684269125 0.2140393300553261 0.13085912667911223 0.10770403663473135
1 0.75853446375428 0.2891600022633075 0.12752379396097205 0.10597776232447184
0 0.7715165013317373 0.8035699830414307 0.148887957551673 0.11485479534115868
1 0.13714050804818634 0.43343221845365126 0.13596729211539266 0.11107469810012063
1 0.47654968983776047 0.874105969585305 0.12596129396097205 0.1058958751693421
1 0.8543736895048262 0.6433041904138055 0.11920045755167301 0.11329893939369348
1 0.7203891655122936 0.5898184215306129 0.13200096124283184 0.10466092378986111
1 0.39573356274970073 0.13751112958035625 0.13398412667911233 0.10786781094499087
1 0.03734994681113074 0.23343994176854257 0.07469989362226148 0.17062011646291486
1 0.0031552887571680934 0.2678901848711376 0.006310577514336187 0.1454696302577248
1 0.13709651517358296 0.8717267565587207 0.13909229211539267 0.11123847241038014
1 0.6473716356500884 0.3081733531223902 0.12554062852469167 0.1027708751693421
1 0.66858574605192 0.37532655359736006 0.13419445939725244 0.10943031094499087
1 0.3513232691216629 0.45013396031305086 0.12220529580655146 0.10104460085908258
1 0.21879687339690088 0.7200547139310955 0.13064879396097212 0.10614153663473136
1 0.3347966587198313 0.38273509837269176 0.12262596124283184 0.10416960085908258
1 0.6911520237356115 0.44396036691720014 0.12575096124283186 0.10433337516934209
1 0.6931191011739346 0.02868940750866037 0.14188679765213089 0.05737881501732074
0 0.16160087280704546 0.931725876300996 0.13930262483353287 0.11280097241038049
0 0.6253762752482567 0.24106109622498523 0.1352461229879534 0.1172428109449909
1 0.15949645301373766 0.5036285317734913 0.13263195939725247 0.10934842378986112
1 0.5768631030195139 0.03624295793820169 0.13064879396097204 0.07248591587640338
1 0.09669654529270928 0.7396412748760863 0.13377379396097208 0.10630531094499088
1 0.616256494796196 0.1647409356641071 0.13461512483353283 0.11255531094499087
1 0.29155888572610145 0.9574960809598373 0.12421865067164486 0.046848423789861114
1 0.08403109940436826 0.6666098886254679 0.13533629396097208 0.10638719810012062
1 0.7473274441187747 0.6605503233850637 0.12752379396097205 0.10597776232447202
1 0.7005272223923217 0.5241458339005133 0.13617762483353282 0.11263719810012063
1 0.3179094637542799 0.3122521800098975 0.11772812852469165 0.10236143939369331
0 0.7278850738231772 0.1480303912274596 0.13503579026981322 0.11568031094499087
0 0.12343948656710171 0.800298813885667 0.1397232902698132 0.11592597241038013
1 0.12952255075343438 0.12120885741780332 0.09290847047072907 0.07934001922187686
0 0.18801322028982112 0.9660256331984008 0.13275231979908417 0.041089746720639655
1 0.08046914731342034 0.15713639133900123 0.10763195939725248 0.1080382293077851
1 0.8048088536853826 0.42947074174785793 0.12731346124283185 0.10441526232447185
1 0.5939606307032055 0.0883355659218319 0.13263195939725242 0.10934842378986116
1 0.052809649915322346 0.19335385232942065 0.10561929983064469 0.14643898801421243
1 0.3740397986509339 0.5234143300553261 0.13533629396097205 0.10638719810012062
1 0.604689784552167 0.896092754976841 0.1044469778530468 0.06132700361804453
1 0.17409878691158864 0.08396448496199466 0.06421265251722437 0.03904921189493058
0 0.47917904747122303 0.9352515094993968 0.12133397416188796 0.07152087516934244
0 0.2785329546023959 0.9217190332438292 0.12794445939725244 0.10910276232447202
1 0.5805159213819662 0.8221130223896956 0.1615681008410002 0.17447545680654802
1 0.14647052189003207 0.46785148405748345 0.16604526812286005 0.17315861827193718
1 0.23021521903409708 0.750485842379798 0.1571811045321591 0.16493668249628826
1 0.5442926150917934 0.6820512663968017 0.1576017699684396 0.16806168249628844
1 0.49693647146953196 0.532488357644946 0.1555284335591404 0.17571040818602893
1 0.4476281464666438 0.7662425599289382 0.17157409899542078 0.1796542797373263