1 0.11047950988933682 0.5480925289087424 0.08455098041877354 0.1788149421825153
1 0.3970751716010514 0.16654825153158315 0.2114215686576971 0.21668021671984977
0 0.8281290197416522 0.7820616042118586 0.21493387258628296 0.26162745660498066
1 0.21690573532025037 0.14628650293554252 0.18459058826360453 0.20125813580089597
0 0.6228850000431916 0.21087655360560645 0.1855456863054819 0.2182630057434613
0 0.19642139714919918 0.5706270159221424 0.1361134804187735 0.18484173407785748
0 0.6575590687502505 0.7296874350989064 0.20826573533259066 0.2685268063178075
0 0.24225105401496885 0.5851359393426906 0.14686171571434298 0.19531251442246517
0 0.7376140687564208 0.7608562573707622 0.20620588238923646 0.2544643063178075
1 0.9125923774692491 0.23237611292276833 0.17481524506150165 0.2160511560306344
0 0.9095420833929788 0.7917409756221951 0.18091583321404237 0.25142047683471913
0 0.2988641667612767 0.5864650723037619 0.15082299022172715 0.18041803465220382
0 0.15205960793121415 0.5607142774728769 0.14057210786951196 0.18382712425016123
0 0.6925504902402378 0.2090908310784835 0.18421205885474343 0.21964287568602678
1 0.9752222304064331 0.2305599496489954 0.049555539187133846 0.326136372814296
1 0.5765181373770967 0.735186633056789 0.22937490199514415 0.2448863872367612
1 0.48405776972314163 0.7007000362156928 0.20837578434735918 0.23782469649011126
0 0.450116323639387 0.6697036922782331 0.19843299023406763 0.26430602597319963
1 0.36549264716770985 0.672443150350985 0.17475784316508144 0.1970373554562883
1 0.31633794120695874 0.16327106943203112 0.18463019610843556 0.21201300574346135
0 0.4941636274877597 0.18380676311422364 0.16923406865769727 0.21174920516911522