1 0.4891744089542584 0.4734525056787476 0.11886616013203692 0.09256142126547413
1 0.613442385627175 0.4405190491032003 0.12001855702175916 0.08790119480442442
1 0.49876614802101804 0.30668774553247785 0.11533105702175916 0.08781937418757346
1 0.5110433896796757 0.14387014569463363 0.12382706220555537 0.09576824188232516
1 0.5746292041478225 0.8439110560030592 0.1256629642790738 0.09892051542127547
1 0.6186972306789345 0.357924737414803 0.12212786116879606 0.0941784683433748
1 0.5128998326579166 0.05809628692833566 0.12878796427907382 0.09897506249917618
1 0.157483494486897 0.596372213879148 0.11886616013203688 0.09256142126547413
1 0.4939897565979159 0.3947508072208751 0.12226456220555537 0.0957409683433749
1 0.8253683127712031 0.25934473578994993 0.1185927580585183 0.08943642126547413
1 0.8133556197929623 0.3449413165530707 0.12056536116879606 0.0941511948044245
1 0.4849058654576378 0.5584042041366201 0.11886616013203692 0.09256142126547413
0 0.6303299233743515 0.19665600080748363 0.13062386635259243 0.10212733603812651
1 0.8098176825641655 0.5898174399298652 0.1217177580585183 0.08949096834337489
1 0.4773756209242581 0.6417388555165917 0.11886616013203692 0.09256142126547413
1 0.17658976870893484 0.18171542451188502 0.12538956220555536 0.09579551542127551
1 0.4971264441095366 0.22553320291880405 0.13007706220555537 0.09587733603812651
1 0.17687202417555506 0.2651864435866085 0.12396376324231465 0.09733074188232518
1 0.8973846160232857 0.7169350933384319 0.1253895622055552 0.09579551542127547
1 0.467599371207082 0.7172337333576133 0.11376855702175917 0.08779210064862326
1 0.6154950267674532 0.27674292126217886 0.1251161601320369 0.09267051542127547
1 0.8062737260607861 0.5047293737772411 0.12341695909527779 0.09108074188232518
1 0.16116698614555475 0.4334046095770768 0.12382706220555537 0.09576824188232518
1 0.9271316131485637 0.6378885215037648 0.12654195909527743 0.09113528896022594
1 0.13141715490175782 0.7620693518664391 0.11261616013203683 0.0924523271096728
1 0.3016301419887499 0.06844958563108942 0.1225379642790739 0.0988659683433748
1 0.46000077615532253 0.799787134737585 0.12369036116879606 0.09420574188232518
1 0.1611758395386564 0.5137506286518003 0.1205653611687961 0.09415119480442442
0 0.3266404124411111 0.024422896101670716 0.13765582488222217 0.03984552434972923
1 0.7993079924606468 0.7550060633066599 0.13021376324231468 0.09743983603812652
1 0.6280750647974535 0.10847020819380981 0.12226456220555537 0.09574096834337481
1 0.184832912723935 0.09761315990138841 0.1274988663525924 0.10207278896022584
1 0.3009739055138884 0.23927060024158603 0.1265419590952776 0.09113528896022585
1 0.4528806347322206 0.8878092861175567 0.1299403611687961 0.09431483603812651
1 0.8597546427907389 0.9750638242670038 0.10859304147037037 0.04987235146599254
1 0.926707696937776 0.9819138421239112 0.10281193317629622 0.03617231575217765
1 0.9405747105326387 0.3215465012112254 0.1188505789347225 0.09749438311602728
1 0.2723764711598137 0.5632751160698986 0.12029195909527761 0.09102619480442442
1 0.2747797182850917 0.48375125730360063 0.12865126324231468 0.09741256249917622
1 0.6021514455236563 0.6056940357105196 0.1154677580585183 0.08938187418757337
1 0.8184231200757862 0.42069529301412034 0.1251161601320369 0.09267051542127547
1 0.5940743968432395 0.6827786870904914 0.11417866013203692 0.09247960064862326
1 0.2785404138552307 0.401910922076253 0.12042866013203683 0.09258869480442442
1 0.12894555725810025 0.8408119606327371 0.12009646946287016 0.10662392126547422
0 0.9409950840952777 0.24431184536702677 0.11800983180944477 0.10212733603812651
0 0.2707544740345358 0.6428126116056717 0.1277722684261109 0.10519778896022594
1 0.8005882369940265 0.6715623177708867 0.12538956220555555 0.09579551542127547
1 0.23956999043439647 0.89266656128136 0.12369036116879609 0.09420574188232536
1 0.938137288148171 0.476660695204871 0.12372542370365806 0.09118983603812651
1 0.9642038032520824 0.9644360158250173 0.07159239349583509 0.07112796834996545
1 0.25371252846439674 0.7244211217519414 0.1272254642790739 0.09894778896022594
1 0.8481141627239349 0.10919077718580775 0.12437386635259244 0.10201824188232518
1 0.12820255494902605 0.9125642297074605 0.1011127321395369 0.05012845941492117
1 0.9277673087187026 0.5559936391985165 0.12980366013203692 0.09275233603812652
1 0.2996369979737497 0.15266094439738737 0.12212786116879606 0.0941784683433748
1 0.29602185683347165 0.31640979869945846 0.13035046427907382 0.09900233603812651
1 0.5862707502363411 0.7629883384704632 0.11105366013203692 0.09242505357072232
0 0.14223849476972095 0.6717716343338432 0.12777226842611095 0.10519778896022594
0 0.9357207609332404 0.40013910551329646 0.12855847813351923 0.10212733603812651
0 0.9428217785108796 0.15701639690915434 0.11435644297824084 0.11150233603812651
1 0.1660117280870364 0.34612279788867956 0.12042866013203683 0.09258869480442442
1 0.248291588078054 0.8140330466708636 0.12695206220555538 0.09582278896022567
1 0.8064341531583314 0.9902797211827487 0.09023402073518519 0.019440557634502652
1 0.6047891385018971 0.5199338137136968 0.12980366013203692 0.09275233603812652
1 0.5156639562205555 0.018361631084137024 0.10632791244111103 0.020577327109672777
0 0.6468257733270832 0.04639294804754007 0.12027283524981466 0.05514324188232515
0 0.8320195624883793 0.18379531087102782 0.12253796427907382 0.0988659683433748
1 0.512206057021759 0.09474685308095981 0.1397637119699997 0.1709318831160272
1 0.8012908660232856 0.7152577706929859 0.14404110885972193 0.16632620373287815
1 0.8189801946751846 0.38248222686149613 0.13880680471268497 0.15999438311602726
1 0.4983663153631014 0.25753717937985365 0.13765440782296262 0.16465460957707684
1 0.49207523355365657 0.4352803498345489 0.13236131508027746 0.17548301542127548
1 0.6194798977381939 0.23312928895693058 0.14927541300675884 0.1726580243497292