1 0.5010430977653468 0.06451747337787857 0.3520861955306937 0.12903494675575714
1 0.5429859231841618 0.9181061349838003 0.26073482303645934 0.11069263685497432
1 0.1281166685013992 0.3822068148919259 0.17630073726581325 0.22308637021614822
1 0.11739872104004165 0.23836287104834195 0.19527033232003568 0.2263992579033161
1 0.5142442206702986 0.4094802626876728 0.3190710185671529 0.27342254658871246
1 0.20724684936724214 0.7650292146423687 0.12130072025958123 0.16089790099822848
1 0.16928228212277457 0.6300608523295367 0.18309126585602856 0.18362829534092667
1 0.4808277704978168 0.18860531114856874 0.4280744157902749 0.3468204475869411
1 0.8371052517662797 0.7535468471305977 0.3257894964674407 0.3254448660561895
1 0.82578131377337 0.518014821756262 0.3484373724532599 0.3552584321959008
1 0.777888784464156 0.8605595091521117 0.2909291004764711 0.18290139018273938
1 0.5730491917103403 0.6533130952584143 0.33044770867559786 0.2775686060728937
1 0.5274918045512552 0.813491567804099 0.3558108949227151 0.3154023594006589
1 0.8118327983075716 0.2744316984201446 0.37633440338485674 0.3490702537433572
0 0.1698903555289768 0.510487580282966 0.2247129026453706 0.23839983943406792
1 0.7664696290666865 0.08881663290382097 0.317314258133373 0.17763326580764194