0 0.27401933589749694 0.9253707349619947 0.1111896322794232 0.10844766508343398
0 0.5001741457982799 0.3372754341937691 0.08400164767046334 0.08369997060135788
0 0.884946936147054 0.9184756880389564 0.10437596921791936 0.052115777928304394
0 0.22499231572310988 0.6272574615562464 0.09552261023285266 0.09052318068726599
0 0.9970293462973941 0.8224184803278971 0.00594130740521166 0.1027775192218769
0 0.5299000332776518 0.17634790027257113 0.08014731946747684 0.07572369629109836
0 0.44482156218754876 0.41711342039895916 0.08668905074867155 0.07917624491161734
0 0.1389299611057978 0.6388334486659476 0.09068924459225536 0.0887150192218769
0 0.8153714486269308 0.2909238981248646 0.07702231946747666 0.07555992198083886
0 0.6875515066545206 0.9484475503179997 0.10335490973373833 0.041178277928304044
0 0.4749773623118223 0.8999225983726917 0.11758549792002064 0.110337713703953
0 0.31417967034042193 0.6155177001362856 0.09054337895165805 0.0871525192218769
0 0.7596539933434598 0.8630213054063823 0.10650213227942303 0.10820200361804452
0 0.28439559588079244 0.9860625734966053 0.10541682820298659 0.013298939393693133
0 0.23982737749506655 0.7104827193581624 0.10050184151404729 0.09389384215265544
0 0.857216299499876 0.8484874146332079 0.10777290099822849 0.1051588907731742
0 0.17823832820197683 0.9421664885800393 0.11133549792002055 0.11001016508343398
0 0.1167595952574045 0.46021380370890164 0.0935225133110607 0.08575379353213641
0 0.6616540902652519 0.8728676961795567 0.1062104009982285 0.10507700361804453
0 0.07828419238699244 0.6451520477160079 0.029314147670463385 0.08083392017181659
0 0.59282246921691 0.9596926667809147 0.10106308153075183 0.033283890773174105
0 0.8955484673457361 0.28358170963568236 0.08541828202986608 0.08221935775648763
0 0.15056709005745583 0.721441230778123 0.09723097587345002 0.09216756784239592
0 0.3305042992920799 0.6978798207830719 0.09923107279524199 0.0969369549975255
0 0.9026391158483932 0.1324762330414307 0.08327231946747701 0.07588747060135786
0 0.7519518096919773 0.14979428708901663 0.0831264538268794 0.07432497060135787
0 0.2657682350245518 0.36604664461836156 0.08556414767046334 0.08378185775648764
0 0.6577207716299688 0.5700359452750454 0.09381424459225532 0.08887879353213642
0 0.6067332535355612 0.16682573609364842 0.08029318510807411 0.07728619629109831
0 0.45868142866033973 0.1871459594085397 0.0818556851080741 0.07736808344622811
0 0.9644158452574045 0.905504297265782 0.07116830948519101 0.05384205223856355
0 0.5740021670126567 0.5814891016520521 0.09181414767046334 0.08410940637700666
0 0.38644761459959776 0.9775739648356065 0.10131279076537592 0.019303277928304396
0 0.581330201954696 0.3236013585494571 0.08527241638926882 0.08065685775648763
0 0.371800440514809 0.9131805941888202 0.1080646322794232 0.10828389077317446
0 0.5694876012885371 0.886333731909777 0.1030854009982285 0.10491322930778538
0 0.8478625180944075 0.3614477600652236 0.0919600133110606 0.08567190637700665
1 0.6484546688848403 0.2941761301461831 0.09414799792002064 0.10910940637700665
0 0.3448722724621625 0.3556203997067443 0.09054337895165805 0.0871525192218769
0 0.23684845070691027 0.21604332259209427 0.07985558818628213 0.07259869629109834
0 0.9489565103988875 0.8349804353254229 0.10208697920222498 0.10343261646291495
0 0.7647792978364982 0.37129747286466536 0.09410597587345002 0.09200379353213632
0 0.19571776705441785 0.44822505879728425 0.09010578202986608 0.0824650192218769
0 0.48786687957504604 0.5922838387617533 0.08868914767046335 0.08394563206674696
0 0.789728379990638 0.9328867480794362 0.10393837229612775 0.047428277928304396
0 0.9940687999164777 0.6040812381298133 0.01186240016704474 0.0942280348257091
0 0.4907704504981044 0.9681812754419132 0.11141711896836241 0.02760710085908258
0 0.39875245777803264 0.604804850181714 0.09693924459225531 0.08904256784239592
0 0.7453456262472808 0.5583780710102145 0.09566847587345002 0.092085680687266
0 0.6796602237934705 0.15750828980255008 0.08014731946747666 0.07572369629109836
0 0.9660446147045055 0.2747998518791947 0.06791077059098889 0.08205558344622813
0 0.8663367441756537 0.6266190586857426 0.09879347587345003 0.0922494549975255
0 0.05860344217919644 0.4679720720262674 0.03668905074867142 0.0765558559474652
0 0.6827690588597835 0.38423124208654225 0.09366837895165805 0.08731629353213641
0 0.952917814787523 0.614057103688217 0.09416437042495396 0.09701884215265544
0 0.15759854762870223 0.22490706750371156 0.08483481946747676 0.07596935775648761
0 0.18261208194634376 0.3751151074178033 0.08668905074867146 0.0791762449116173
0 0.7298715455487228 0.30011519165700096 0.08341818510807411 0.07744997060135787
0 0.10677891014933039 0.38694007801916114 0.08512655074867145 0.07909435775648763
0 0.8303475299498867 0.14019023575496414 0.08483481946747692 0.07596935775648758
0 0.03276542429258483 0.24165523349165657 0.027022319467476786 0.07293953301668683
0 0.8299913465051902 0.548446471055643 0.09893934151404729 0.09381195499752551
0 0.9278936711726157 0.3525430715760415 0.0919600133110606 0.08567190637700665
0 0.4234520382687947 0.6843728414752869 0.10846020715464459 0.09586577792830404
0 0.6023942527033674 0.39786437415328935 0.08868914767046335 0.08394563206674706
0 0.4246846270794745 0.34437196121756203 0.08229328202986608 0.08205558344622813
0 0.050039391430525014 0.39305395918139713 0.033272319467476795 0.07326708163720577
0 0.9172515370210089 0.5328823467908121 0.09381424459225514 0.08887879353213642
0 0.36017584192963936 0.42704502035353065 0.09479328202986607 0.08271068068726617
0 0.08545282737079288 0.23418357021724506 0.08454308818628213 0.07284435775648763
0 0.27843632321083395 0.43446909599784256 0.09039751331106079 0.0855900192218769
0 0.37928565994153435 0.19444720432015708 0.0818556851080741 0.07736808344622807
0 0.526342282445458 0.40734559475464716 0.09493914767046334 0.08427318068726616
0 0.30970248814452095 0.20594462630099591 0.07814722254568487 0.0709543091359686
0 0.5127852585267041 0.6741955800553261 0.09396011023285275 0.09044129353213641
0 0.9804464236686921 0.34647345601763774 0.039107152662615975 0.0786030348257091
0 0.9779586253116939 0.5259119725259811 0.04408274937661218 0.0922494549975255
0 0.7761493410974456 0.6360560136832684 0.09566847587345002 0.092085680687266
0 0.9684650358776261 0.12821477894841624 0.06306992824474769 0.0702173247398008
0 0.05867779409314108 0.03146800599289381 0.06537529076537589 0.017419873360319825
0 0.6898681880192375 0.6452882507929696 0.09025164767046334 0.0840275192218769
0 0.8481160694674769 0.03403312613165377 0.08370991638926881 0.06806625226330754
0 0.5716895353576312 0.06895812415328932 0.09362635690508761 0.07021068068726613
0 0.9610326553659835 0.025474797038639318 0.04348049126448998 0.050949594077278636
0 0.6291163602328527 0.05338735583592362 0.07204308818628213 0.07218926051544958
0 0.4138251135606178 0.08508217039895914 0.0667721256238929 0.06569359905006034
0 0.5974099677613282 0.6556292865231897 0.08839741638926882 0.08082063206674697
0 0.9952685568842069 0.2659670844663402 0.009462886231586153 0.06857958163720576
0 0.9071993381862822 0.029558649085146542 0.06920981946747666 0.059117298170293084
0 0.18097159546520047 0.6350599954774442 0.18175184151404727 0.0981519742194024
0 0.778824628951658 0.04240118894346745 0.07273039434269819 0.06289614767057934
0 0.70348097587345 0.051060215967260424 0.07429289434269819 0.0629780348257091
0 0.4922208338185272 0.07547811906490667 0.09348049126449016 0.06864818068726611
0 0.35027314330270853 0.09390829375927896 0.07545981946747685 0.0754780348257091
0 0.2860128558650977 0.10355661069716367 0.09377222254568487 0.0717731806872661
0 0.21145045278688973 0.11217469414339176 0.09533472254568484 0.07185506784239584
0 0.14194021381017502 0.1244533661242306 0.09064722254568483 0.0716094063770066
0 0.06935689663047366 0.12904236883776404 0.09362635690508751 0.07021068068726613
0 0.023971463810175005 0.13063584633652686 0.029272125623892857 0.06372830732694626