0 0.6852267597754995 0.06384008797923008 0.16394127994988672 0.12768017595846015
0 0.6045911331116169 0.08609343640197989 0.15454648044900096 0.17218687280395978
1 0.19211861688939283 0.7780139433547701 0.22835975582333665 0.2964535341917195
0 0.1453880634363442 0.3525559465450493 0.09571049792002055 0.11574716831188132
0 0.37143034151505716 0.7919870125822227 0.18581870299468575 0.32030957271818217
0 0.4781843985026571 0.12275299897709249 0.1655062029946858 0.24550599795418498
0 0.322961930741329 0.7820154786909537 0.18415235940065883 0.3355324029613863
0 0.15865093302910444 0.7313780228755172 0.13881763685497414 0.2633177810014402
0 0.2028605449253348 0.16685898970670543 0.10000242304479912 0.12864933806867693
0 0.0880404365646656 0.5451836109441943 0.0957525199665911 0.13273358343348338
0 0.43106958901847586 0.13039495617666494 0.15286033735408838 0.2607899123533299
0 0.5365074282447477 0.11396634848352809 0.17698514351050446 0.22793269696705618
0 0.16927548315337812 0.2537706402002698 0.09356453535763123 0.1092960834334834
0 0.13303655969298703 0.7246402158082806 0.13056753993318218 0.2576248566094511
0 0.38400670133130804 0.13569316337623744 0.13944312146393392 0.27138632675247487
0 0.45363836792938256 0.7960727215879382 0.17835975582333657 0.29001881808298824
0 0.34590222774563345 0.14767847333330292 0.13558879326094733 0.27833952636624676
0 0.23477926310326472 0.06472450896993673 0.09487732612300714 0.12335858343348345
0 0.2613639856489495 0.014830308512151094 0.09602202870210093 0.02966061702430219
0 0.30543299313667366 0.17604255285405004 0.11875484608959823 0.24684226246066618
0 0.1120007891019982 0.4456170545994148 0.09302309484181248 0.12003249855508553
0 0.10637021609896022 0.7126347436194418 0.12344234608959823 0.24744551709585974
0 0.357415713602379 0.02487929532902772 0.072668572795242 0.04975859065805544
0 0.3998430230865603 0.011629319227452542 0.08156395382687949 0.023258638454905084
0 0.43494735128954687 0.001403800686678447 0.07385529742090621 0.002807601373356894