1 0.45784160528410806 0.5195956399896401 0.12626802273741297 0.11348891935425698
1 0.5421118345238615 0.425269905291121 0.12451452174882985 0.10872864474715094
1 0.3812897396570577 0.3631957826698765 0.12138952174882985 0.1085830955329393
1 0.30870779102620177 0.20854036186787753 0.12952035672980172 0.11675946856846856
1 0.7153954145990985 0.8123076406088126 0.1327726907221905 0.12003001778268044
1 0.5038359017103362 0.34706997663123923 0.12945668973360752 0.11519696856846862
1 0.26649377471457936 0.12937724669023112 0.13439885771838495 0.12166529238978616
1 0.2534684175648481 0.8048288569054789 0.126268022737413 0.11348891935425698
1 0.42284983996106895 0.44544751054397 0.12795785672980178 0.11668669396136266
1 0.6205591922050654 0.14976694519970782 0.12457818874502422 0.11029114474715103
1 0.655183543003368 0.23403493734182496 0.12789418973360753 0.11512419396136275
1 0.4977437050938277 0.5994308432566278 0.12626802273741297 0.1134889193542568
0 0.43213070357377187 0.19479469313279324 0.1376511917107738 0.12493584160399789
1 0.7765969224705829 0.4580247090534467 0.1261406887450242 0.1103639193542568
1 0.5345208049035473 0.6791204973094036 0.12626802273741297 0.11348891935425698
1 0.06927917098770814 0.4180629493380462 0.10927152372599618 0.11737589867609248
1 0.3392985578321157 0.28950141749223 0.1358340237259962 0.11861306699689197
1 0.10042835330694173 0.4935916422659517 0.1295840237259962 0.1183219685684687
1 0.9112385193145529 0.5282366633538917 0.1327090237259963 0.11846751778268043
1 0.5647932367284892 0.7522690529337561 0.11976335475263547 0.10694782092583352
1 0.4603458868815887 0.27486533684648695 0.1310191897336075 0.11526974317557448
1 0.7306676571475437 0.3833671573580356 0.129393022737413 0.11363446856846852
1 0.17326496992257528 0.6544970630679506 0.12952035672980183 0.11675946856846871
1 0.8959862510257641 0.4409721038005977 0.13095552273741298 0.11370724317557439
1 0.3153357006823844 0.9566567224974101 0.11957235376405233 0.08668655500517986
1 0.10137013490442226 0.24878856451569265 0.12964769072219057 0.11988446856846861
1 0.6007890865382087 0.8319223196829792 0.12945668973360752 0.11519696856846844
1 0.21366181824942004 0.7273374036384912 0.1278941897336074 0.11512419396136267
0 0.08512836958138306 0.17551373035529286 0.1450816897336074 0.11592471463952717
1 0.8515862880976333 0.6143517917661044 0.13589769072219077 0.12017556699689198
1 0.3852291872621495 0.11541325413382922 0.1279578567298018 0.11668669396136275
1 0.04959407068369698 0.33683006596343473 0.07665002471457935 0.12053513192686945
1 0.18726516703337542 0.4048438194780914 0.130955522737413 0.11370724317557439
1 0.6392878538384144 0.9155909983428611 0.13577035672980173 0.1170505669968918
1 0.9853551571475437 0.8131981683162903 0.029289685704912572 0.13863016046291676
1 0.7520174392393157 0.14185389950015276 0.13908635771838487 0.1218836162111037
1 0.3293040642950874 0.7140091118678775 0.1262043557412186 0.11192641935425698
1 0.29046971596824256 0.6412415459044428 0.13433519072219058 0.12010279238978612
1 0.6162881166528146 0.5807793507002258 0.12145318874502423 0.11014559553293939
1 0.6976376398473382 0.2999531898230243 0.13101918973360735 0.11526974317557448
1 0.6497492154739509 0.65563595553879 0.12151685574121877 0.11170809553293921
1 0.25147620015091177 0.5645677299410081 0.12626802273741297 0.11348891935425698
1 0.34479770760246664 0.9898330955329392 0.14189833992388773 0.020333808934121577
0 0.7121617603801234 0.08229480892961219 0.1368235207602467 0.10462334160399789
0 0.36817024612002935 0.7875579278313124 0.13458985870696819 0.1263527923897861
1 0.8110302722803023 0.5376052011955638 0.13270902372599602 0.11846751778268043
1 0.46798053961768904 0.9866396290313852 0.12678267589344294 0.02672074193722942
1 0.8257798858930055 0.2872070949092576 0.13408052273741297 0.11385279238978611
1 0.39576334691833215 0.8714984342414531 0.13439885771838495 0.12166529238978611
1 0.5639497534600411 0.04264149586166159 0.12789950692008212 0.038707243175574446
1 0.854744485702725 0.3665328759265042 0.13414418973360753 0.1154152923897862
1 0.14195798421985023 0.3263164050862332 0.1294566897336074 0.11519696856846862
1 0.22297451536022023 0.47746583622731437 0.13596135771838497 0.12173806699689216
1 0.684087064789379 0.7328726976809072 0.11832818874502422 0.11000004631872748
0 0.2791806833821789 0.8808840887085138 0.13458985870696819 0.1263527923897861
0 0.783262122052841 0.21972634242805816 0.1376511917107738 0.12493584160399787
1 0.9596335862538818 0.8892127047102205 0.08073282749223623 0.05996150496239885
1 0.1324861196185641 0.57228172249741 0.12626802273741303 0.11348891935425698
1 0.43660586421853775 0.9480030643085502 0.13427152372599624 0.10399387138289953
1 0.9717529135733344 0.8531318095487848 0.05649417285333129 0.09938787799792799
1 0.5748553503411922 0.5016526228261323 0.13414418973360737 0.11541529238978612
1 0.24446226581733077 0.08624367679785497 0.10379084486680375 0.05941784946188074
0 0.36858817391627663 0.05147703266987649 0.11842634783255326 0.07413532092583344
0 0.5881021778706093 0.08041547766469652 0.1293293557412186 0.11207196856846857
1 0.2842370316346616 0.16295388006484263 0.158884204562355 0.18674663688926815
1 0.8329026136870651 0.57683252108794 0.16350803756616053 0.1854024607105856
1 0.6782682159310616 0.26474128184130696 0.1553772025851888 0.17722608767505646
1 0.35606956376361476 0.3183541635632886 0.15556820357377193 0.18191358767505647
1 0.4415335143716371 0.48296678122213443 0.15276153855474384 0.18958053846084474
1 0.4415030449805344 0.23343981616832252 0.1684502055509382 0.19187078453190337