1 0.5527841270856392 0.4177630054792073 0.16688471622369913 0.13769815759657983
1 0.7398857179217421 0.0362762557796576 0.174997604872647 0.0725525115593152
1 0.09580653455149327 0.6571034458225922 0.14108367982650452 0.12198079954221441
1 0.6907892789959389 0.1140987622817724 0.16688471622369896 0.13769815759657983
1 0.4738373928202263 0.9121773442703415 0.1508406091915837 0.05660306344779507
1 0.15236502005352381 0.5483249797138612 0.1280830320782579 0.11255962051503161
1 0.4176233729235861 0.7133131213590455 0.16073484577334834 0.1384563180829886
1 0.793637269435215 0.27441956615873 0.1716723457733483 0.13986391223177339
1 0.1224982449150962 0.6033059226466244 0.1279829025286086 0.1109971205150316
1 0.4952941972591347 0.5289857640271372 0.16375971622369895 0.13729598783978414
1 0.3313141494462896 0.16191078431327594 0.16648419802510173 0.13144815759657985
1 0.5136904372369854 0.8706325571887934 0.1711716980251019 0.13205141223177322
1 0.24463856493170816 0.3295764433547702 0.13463342072720588 0.11805146002862302
0 0.47127690392210975 0.589412367446309 0.1660231230712444 0.148434572718182
1 0.586685451116646 0.7713609074176861 0.167185104872647 0.14238565759657984
0 0.06599777799464653 0.7699974311945542 0.13199555598929305 0.12198079954221441
1 0.3893547917958654 0.05688336362301962 0.16259773442229636 0.11376672724603924
0 0.302078429983388 0.21913493480684032 0.14138406847545246 0.1266682995422144
0 0.2756370434939084 0.26902620798280796 0.12495803207825791 0.11215745075823591
0 0.32507852021040734 0.887932577474932 0.17832286397194572 0.1469182517453646
0 0.5994345774270928 0.7054111905864979 0.15075906847545256 0.12787480881260133
0 0.5439880089516403 0.821019821816831 0.15574695712440043 0.13316556344779507
0 0.738489892045034 0.3249059095850576 0.12193316162790727 0.11331778100144022
0 0.442902777611663 0.6573729330614755 0.14420867982650448 0.12238296929901012
0 0.6595383675249152 0.5775810971601703 0.1652220866740496 0.135934572718182
0 0.6821433551864141 0.5150118286193962 0.16073484577334832 0.1384563180829886
0 0.5204234076227376 0.4753893257295673 0.15574695712440043 0.1331655634477949
0 0.20224270897932697 0.43498264555792054 0.16325906847545246 0.12948348783978414
0 0.6378648241878903 0.6377060732617454 0.16864747532299768 0.1410242424749777
0 0.8587592265596153 0.1529169256580098 0.16552247532299766 0.140622072718182
0 0.8208296275470645 0.21280954298276233 0.15418445712440051 0.13296447856939714
0 0.18306310996677605 0.492462244341899 0.16335919802510182 0.13104598783978413
0 0.05421442281284505 0.8267419590057156 0.1084288456256901 0.12867914832619282
0 0.7103996745847172 0.06443589005004464 0.16043445712440044 0.1288717801000893
1 0.3863745704872625 0.7777696067310076 0.1720728639719457 0.14611391223177322
0 0.22492803979328055 0.38325033457794755 0.16305880937615386 0.12635848783978415
0 0.08673312076411771 0.7140572428969845 0.1443088093761538 0.12394546929901011
1 0.7107480189737896 0.45554447056503067 0.1360957911775566 0.11669004490702087
0 0.36653363742155554 0.8213877903933838 0.16738536397194573 0.14551065759657994
0 0.7329024236618666 0.40000645202425655 0.1346334207272058 0.11805146002862302
0 0.8830268437707636 0.0885840722388379 0.16063471622369896 0.13689381808298845
0 0.6182052752953111 0.2311380771744817 0.12798290252860856 0.11099712051503163
0 0.5564574444813575 0.2878975101144008 0.10051923658176473 0.09351617758226834
0 0.896537433684016 0.04685177612657469 0.1547456616279071 0.09370355225314939
0 0.40553979873569573 0.025737998254635276 0.14204540252860856 0.05147599650927055
0 0.639878818632336 0.17101310107290657 0.13629605027685515 0.11981504490702086
1 0.11874549583794684 0.26287382314018887 0.11984902991878958 0.15333952636624676
1 0.02883069710225115 0.5209321234048605 0.0576613942045023 0.1331357531902791
0 0.5535141147471381 0.358008925236003 0.12954540252860855 0.11119820539342946
1 0.001738468540050931 0.6309796465808282 0.003476937080101862 0.11304070683834375
0 0.3682121745847172 0.10602495942772236 0.16794656847545256 0.1300867424749777
0 0.06453646206164594 0.39635066193132307 0.12907292412329188 0.17818462051503162