1 0.6395558262963418 0.455056256164638 0.14433505183796277 0.08693640036914019
1 0.646894123845463 0.0771908744555203 0.14908134043361088 0.07014941856773753
1 0.31802930669245233 0.704802625692138 0.12177654665416657 0.0777220866740496
1 0.6468441886429164 0.17429641193244905 0.14419835080120363 0.08537390036914028
1 0.7725191914711557 0.9359138348191232 0.13468664976444417 0.08321062307124442
1 0.3270441387847211 0.6036103655131052 0.1071672425071295 0.07057092072720579
1 0.6316523092843506 0.7287848503968268 0.13665925287472208 0.08799825262089378
1 0.8022431710652773 0.3077771452750112 0.14888585080120365 0.08567428901808824
1 0.3214673735161562 0.6553032734403846 0.1087297425071295 0.07067105027685514
1 0.3245601450998131 0.912645404069768 0.1509172425071295 0.07337454811738695
1 0.6308143962775915 0.5593735163436707 0.14107335080120365 0.08517364126984166
1 0.34071034877495326 0.24479537245293548 0.14663984561740726 0.0777616594684389
1 0.7823343974088873 0.8705088803156166 0.14699116013203692 0.09953652991878954
1 0.3264605040060178 0.40158679055924773 0.11538984561740726 0.07575906847545251
0 0.630843082045786 0.6129793776947228 0.1404677580585183 0.0960110117201923
1 0.8058512269092578 0.7663616008582522 0.142909252874722 0.08839877081949084
0 0.3309578251185633 0.8081779495662612 0.12177654665416657 0.07772208667404987
1 0.3457116241282868 0.13324660317460404 0.13706935598499986 0.09268575262089365
0 0.33527028454314756 0.2980507803802149 0.11906164976444433 0.08220932757475108
0 0.33162716616430493 0.3452063826319683 0.10574144354388881 0.07203329117755661
0 0.6169335728094891 0.8979761389534897 0.15222546427907382 0.1060869185677376
0 0.7929124380307858 0.7072672031100056 0.12986244872768501 0.08134773442229637
0 0.7874327090487949 0.813347222388337 0.13312414976444414 0.08311049352159508
1 0.3512009150330092 0.04503520434662327 0.12115183006601846 0.05282221622369909
0 0.7715980552783327 0.3570867304079015 0.10288984561740726 0.07495803207825791
0 0.6325415745529155 0.6767915538205995 0.12177654665416657 0.07772208667404978
0 0.7972302082003231 0.5879059338316741 0.14406164976444433 0.08381140036914018
0 0.7938031203586102 0.5309748133813235 0.1382217528747221 0.08809838217054314
0 0.6326216125829157 0.508992784542268 0.13468664976444433 0.08321062307124442
0 0.32868596828509167 0.49806127236065045 0.14337814458064796 0.07599890036914018
0 0.8013701955236563 0.6441058690568495 0.14447175287472191 0.08849890036914018
0 0.814070644863472 0.19433520897010176 0.142909252874722 0.08839877081949096
0 0.8027223332235645 0.2510963486987839 0.1318350518379628 0.08613536397194572
0 0.333402154053286 0.5519675223606504 0.14208904665416658 0.07902377081949101
0 0.32494156244189654 0.8637270427187161 0.13638585080120355 0.08487325262089343
0 0.6448135054666202 0.12444660625692303 0.13781164976444432 0.08341088217054296
1 0.6275402991995819 0.7883403230989309 0.14787015494824055 0.09182415946843889
0 0.330053687182314 0.45153672578442305 0.1446672425071295 0.07297402991878954
0 0.33191544090550784 0.756965902990034 0.1234757476909258 0.07938471622369896
1 0.796694383035277 0.4752254611295701 0.11369064458064795 0.0740964389258032
0 0.6264753766737022 0.829446184449983 0.14331935598499984 0.09308627081949084
0 0.7953082488222215 0.4238632202288687 0.1155265466541664 0.07732156847545255
0 0.8112197554666203 0.13511040329457571 0.13808505183796277 0.08653588217054296
0 0.6268624622528236 0.28333145048911196 0.1087297425071295 0.07067105027685514
0 0.5928579006129161 0.3386407117478789 0.08331963939685175 0.06438147748246603
0 0.8014838790292591 0.09486613509597844 0.13494092799249985 0.05059838217054295
0 0.3416789435438887 0.08715285317460404 0.12136644354388881 0.07303458667404979
0 0.6228591759662496 0.2286940152639366 0.11552654665416658 0.07732156847545246
1 0.18775002705027713 0.35230058451458146 0.08667837672018494 0.12053134793281677
1 0.1830890872295822 0.5920546969453676 0.08076056738935167 0.1061684592838688
0 0.34351555414703705 0.028228436148025986 0.11515610829407405 0.019809457124400444
0 0.6170075915649067 0.40156101634367075 0.1102922425071295 0.0707711798265045
1 0.180597657210832 0.6967724753229977 0.07171775805851839 0.09160531153562204
0 0.3525371140435182 0.19350298272425337 0.14949144354388882 0.07483691856773751
0 0.18768025947263797 0.4758184276670362 0.09199059330833306 0.14573160703211538