0 0.7866239784018256 0.7181219648301979 0.12066650871952297 0.1115964389258032
0 0.2370570659983195 0.4356614019102997 0.09103439469695021 0.0848942365817646
0 0.886158043887417 0.11269278762458704 0.12730021047234458 0.11512195712440043
0 0.4892426582443775 0.7352851742709502 0.09862735083182575 0.09623225478036197
0 0.08365713615576761 0.3896108173957183 0.08264634206771784 0.07970608883351815
0 0.3097420090093257 0.49779925894241506 0.08810124557336092 0.0862564774824662
0 0.4897242854799896 0.8211423311184955 0.09805179820259333 0.09154475478036198
0 0.23089599128047716 0.1203077097452941 0.08382514031489627 0.07668121838316741
0 0.8917682588978633 0.31068899906792413 0.12105021047234459 0.11472143892580319
0 0.7859890397059959 0.5180823920358086 0.12143391222516584 0.1178464389258032
0 0.4882675573233817 0.6470342026485802 0.09668114907900431 0.09300712523071261
0 0.7831181228981431 0.23364803284422503 0.11872030696670119 0.10837130937615384
0 0.8803462854131119 0.7115296082595078 0.09350076310157647 0.11760660703211538
0 0.5718356143792531 0.7295544108527149 0.10213605258464735 0.09955751387966068
0 0.7807585263592012 0.13743436689738114 0.115787157843112 0.10973355027685519
0 0.7912313995025622 0.8152670751015159 0.1208583595959336 0.1131589389258032
0 0.3121204521540871 0.8247215067829469 0.09511864907900414 0.09290699568106327
0 0.7820649431224689 0.3320051896917703 0.1155953069667012 0.10817105027685514
0 0.4889450355245747 0.910855673191216 0.09668114907900413 0.09300712523071297
0 0.8950050308750104 0.40617147978959267 0.1177333595959336 0.1129586798265045
0 0.23184039914588173 0.06131344154669681 0.07861747366309133 0.04689358883351809
0 0.8675081232325311 0.9122805798818778 0.06967956134875522 0.11297966378737563
0 0.5718376144238382 0.81931781770026 0.10038170170823654 0.09789488433001133
0 0.570271114334668 0.6396908744555203 0.10506920170823655 0.0981952729789592
0 0.8743178293228215 0.811930126458105 0.08061706134875521 0.11368057063492083
0 0.0849268597296888 0.1676461798265045 0.08303004382053943 0.08283108883351811
0 0.23678813628952278 0.6687137338039875 0.09122624557336101 0.08645673658176474
0 0.4846826229427282 0.30428669570874994 0.09862735083182575 0.09623225478036197
0 0.08368282909989626 0.3124475400978224 0.08420884206771784 0.07980621838316741
0 0.08605727215548754 0.4598429742432636 0.08459254382053942 0.0829312183831675
0 0.8818532456179462 0.06438569555186643 0.11441850876410768 0.022834327574751123
0 0.5724290135920125 0.91069378932263 0.10251975433746878 0.10268251387966068
0 0.48545202649295643 0.3878001025562952 0.09336429820259333 0.0912443661314141
0 0.8865665923798133 0.6095665900609106 0.10561706134875522 0.11528264342931002
0 0.23375206157168046 0.35356030073828054 0.08790939469695021 0.08469397748246603
0 0.7859228073010891 0.6212271784330033 0.11872030696670137 0.10837130937615384
0 0.7834375922906431 0.4234312260889649 0.11364910521387976 0.1049459207272058
0 0.3032911579322822 0.09502590992986422 0.09668114907900413 0.09300712523071267
1 0.21387664925734437 0.28457046884459275 0.11855614907900414 0.0944089389258032
0 0.23622443011006222 0.5899378917312669 0.09824364907900414 0.09310725478036197
0 0.08713129858156636 0.6819578061369513 0.08127569294412865 0.0811684592838688
0 0.7769056622920436 0.07262089527501124 0.10556367541591279 0.05172079117755655
0 0.302402136044305 0.17922043722776015 0.09980614907900413 0.09320738433001133
0 0.3146323601309543 0.9750161937061652 0.09358384206771789 0.049967612587669664
0 0.30921299597462654 0.7457954703857522 0.09023929820259333 0.09104410703211538
0 0.4860295791667738 0.4728760094038405 0.09141809644977172 0.08801923658176455
0 0.8892988904263589 0.20895651834625556 0.12417521047234459 0.11492169802510181
0 0.89288282478472 0.5068223218623132 0.11907631573080905 0.1238961798265045
0 0.4876900046495643 0.561958295801035 0.09725670170823655 0.09769462523071262
0 0.483611596583527 0.21681697408638004 0.09999799995541495 0.09476988433001132
0 0.08313296941479252 0.2399717627999265 0.08283819294412861 0.08126858883351813
0 0.5650919868761306 0.10471629472130087 0.10076540346105815 0.10101988433001133
0 0.31367110570431533 0.9082849784053166 0.09023929820259333 0.09104410703211556
0 0.30589899134735477 0.2597590383997794 0.09531049995541493 0.09446949568106336
0 0.7970176188504772 0.915637314922483 0.12321595609029039 0.10710919802510191
0 0.5616505175505082 0.04937795264858027 0.08919896489898349 0.03206962523071266
0 0.08603657932282156 0.7614147686600227 0.0847843946969502 0.08449371838316751
0 0.2368722152779564 0.7513958258767082 0.088101245573361 0.08625647748246604
0 0.22912979395429459 0.20523342226836538 0.0863468946969502 0.0845938479328167
0 0.23938212321023858 0.827146797499078 0.08790939469695021 0.08469397748246613
0 0.08504847811202283 0.0897016525286086 0.0847843946969502 0.08449371838316741
0 0.08812324606379665 0.9111539528054639 0.08322189469695021 0.08439358883351815
0 0.4836234430332988 0.13335363201365946 0.10350670170823655 0.09809514342930994
0 0.3034820087864004 0.0485817065060916 0.08138646489898349 0.03156897748246605
0 0.5683090660429044 0.5466522732835011 0.10622030696670137 0.1075702729789592
0 0.08856333381633814 0.9703008104558879 0.08207078943848548 0.05939837908822412
0 0.3092999212121992 0.3410788895717986 0.09141809644977172 0.08801923658176473
0 0.23653789936880704 0.510430864433371 0.0892800438205394 0.08323160703211538
0 0.23878087763687755 0.9089975747969739 0.08985559644977181 0.08791910703211556
0 0.4776048333481951 0.06052740129199091 0.08854033330360984 0.06458173658176469
0 0.48796008819839204 0.9774483837117025 0.09221319294412851 0.04510323257659508
0 0.3088529871213485 0.5819937862403111 0.09218549995541495 0.09426923658176456
0 0.08677828988433607 0.8323280459579185 0.0816593946969502 0.0842934592838688
0 0.30678516698619296 0.6629631839885576 0.09473494732618253 0.08978199568106326
0 0.08340005289674272 0.5391998072166855 0.08440069294412864 0.0813687183831675
0 0.23631550925454353 0.9741755845145814 0.08695014031489627 0.05164883097083717
0 0.3094660791444813 0.41667966686969454 0.09081485083182575 0.09573160703211539
0 0.5700734171422407 0.9780485622277603 0.09457078943848547 0.04390287554447951
0 0.08667736433466802 0.6087007788390555 0.07932949119130706 0.07794332973421944
0 0.5689923905601141 0.45772018121078045 0.09862735083182575 0.09623225478036197
0 0.5635314869207158 0.1943795720191968 0.09881920170823655 0.09779475478036197
0 0.8673726583558402 0.9784460865171664 0.045393578921556 0.043107826965667326
0 0.5624506141563278 0.28013659931709267 0.09336429820259333 0.091244366131414
0 0.0075801096628112016 0.07882590684754524 0.015160219325622403 0.048276813695090494
0 0.7952237285355809 0.9784670704780373 0.09753163155078859 0.04306585904392542
0 0.010968193055591281 0.33778989666851245 0.021936386111182562 0.09120479333702489
0 0.0069106316399585015 0.27952681369509047 0.013821263279917003 0.07155362739018098
0 0.008420745729408706 0.49405968306570697 0.01684149145881741 0.06504281153562204
0 0.5606023378862967 0.3721436266149886 0.09141809644977172 0.08801923658176465
0 0.49080615826667007 0.7802670072443721 0.11992479815800827 0.18130816162790708
0 0.008211048269470953 0.13136991594684388 0.016422096538941906 0.07211483189368777
0 0.008390052673817424 0.20588905459579188 0.016780105347634848 0.07427810919158373
0 0.009392846583526964 0.41533390576781104 0.01878569316705393 0.09316781153562208
0 0.011073541796706422 0.5578415808139535 0.022147083593412845 0.07501858883351815
0 0.011622401459517625 0.6217236081118496 0.02324480291903525 0.09200582973421945
0 0.01111608130206949 0.6957118206349209 0.02223216260413898 0.09503070018457009
0 0.01329617342551866 0.7660441070321153 0.02659234685103732 0.08888082973421944
0 0.010637954144481314 0.8374382456810633 0.021275908288962628 0.09336807063492084
0 0.00959712082972509 0.914351199104836 0.01919424165945018 0.09825582973421945
0 0.010797188829585046 0.9676776557678111 0.02159437765917009 0.06464468846437796