1 0.6426216708970054 0.5786211416456537 0.11685660822331805 0.15634533697334127
1 0.9973099158596685 0.6370248623887406 0.0053801682806629 0.1557395590935542
1 0.35055532592567784 0.2043856425637375 0.10453695016935534 0.13370506242753402
1 0.9424797113712924 0.62442888072563 0.11504057725741532 0.15621779121570664
1 0.14099899069608965 0.654320967119243 0.11069677919633665 0.14502519970043756
1 0.45877339664755173 0.22793509968104092 0.0948314557060936 0.11900483363936128
1 0.34977328129883717 0.5330206966563218 0.11757777735075728 0.15022288273097573
1 0.8123627569733702 0.7717019777009109 0.11592510637773863 0.16090529121570665
1 0.4033347367480097 0.2150841554406151 0.09326895570609359 0.11887728788172677
1 0.12977717433124325 0.1837057071173034 0.10540827181401888 0.1631374709122649
1 0.5312786001751316 0.5553267760436194 0.11487344278703766 0.15309279121570665
1 0.841600693376893 0.290675505121656 0.10790227365959844 0.15870506242753404
1 0.21077056418633267 0.6739002724197753 0.12821477365959835 0.1603631572767828
1 0.6740377127554771 0.25459396815801316 0.10036028657865437 0.12563747091226493
0 0.4719937711481503 0.5491084690760971 0.12403811006889746 0.15229556576151387
1 0.3234357120896084 0.7128834109006269 0.11841910822331796 0.15647288273097573
0 0.24069957961683675 0.20387507271933775 0.10276411745121514 0.1320150166698994
1 0.949992104993554 0.3109883919355177 0.10001579001289188 0.1520404742462448
0 0.784704699836421 0.2787333566388648 0.10745161745121515 0.13239765394280303
0 0.7341638726550191 0.2670622751255354 0.09441079026981321 0.11587983363936125
0 0.16850838524114084 0.4948982986325724 0.13665827181401888 0.16568838606495576
0 0.38671696208960843 0.7077178077164282 0.10694078104191611 0.1400826081851685
0 0.27178314044494484 0.6870860565084802 0.1089239464781965 0.1433351539428031
0 0.7573598572245152 0.7327509190663988 0.09711512483353282 0.11300992515463033
0 0.40468610940302874 0.5419653908967476 0.1045369501693553 0.13370506242753405
0 0.5135798664524123 0.7289554657421172 0.11373160822331788 0.156090245458072
0 0.5733304464021833 0.7327662498308222 0.11757777735075728 0.15022288273097573
0 0.5845237619202532 0.5636177660416796 0.11069677919633669 0.14502519970043756
0 0.5706273037787246 0.24328941952544075 0.10591910822331804 0.15545251666989943
0 0.45382928650264115 0.7251446816534124 0.11862944094145819 0.15803538273097573
0 0.9337118258496648 0.7989185687571381 0.11841910822331769 0.15647288273097573
0 0.8726391687184918 0.7794190117896159 0.11204894647819649 0.14359024545807203
0 0.5143172229061639 0.24156729392146672 0.10883377550517785 0.1541451081851685
0 0.18036308699915446 0.1898442657518155 0.11445277735075718 0.14996779121570664
0 0.968997125884783 0.6288773936025077 0.06200574823043396 0.15140274545807203
1 0.2850647877583652 0.5217162769617032 0.12217510637773854 0.16141547424624464
0 0.6214235491647762 0.2509904781599529 0.10279410822331805 0.15519742515463036
0 0.2963936577210283 0.21275599408094625 0.10474728288749553 0.13526756242753396
1 0.633141107224515 0.7428908067983443 0.09900811929679457 0.12707242515463052
0 0.24218620873138388 0.5141587395390184 0.12331694094145815 0.15841802000387945
0 0.6883093535333562 0.7478654781599529 0.10036028657865437 0.12563747091226496
0 0.9693950499210986 0.8040367613305739 0.06120990015780272 0.15009533697334126
0 0.8240068280281785 0.5882996752753166 0.09504178842423379 0.12056733363936126
0 0.7621229301249027 0.5451712996713425 0.08209113221585049 0.09323955909355419
0 0.9798974354047199 0.31328447344884713 0.040205129190560386 0.13332242515463033
0 0.8821949079779495 0.592238005121656 0.10192278657865436 0.12576501666989942
1 0.7151137662772806 0.11380972936790083 0.14074496308841128 0.1042087521260319
1 0.4588939557060936 0.07627700483179196 0.12406829949771048 0.09512079454968654
0 0.6972941755109541 0.5623107443708104 0.09525212114237398 0.12212983363936125
1 0.34771613221585057 0.0600776621085749 0.1091644686251497 0.08772288273097573
0 0.8978806841489959 0.3097764493620819 0.10655010637773828 0.1601400166698994
0 0.5834131100688974 0.09770598149393275 0.16460312852469167 0.10924693849054994