1 0.6281738602807858 0.3976692502898029 0.1569772191153362 0.09947583325902495
1 0.622484947609072 0.008702598819138995 0.1663522191153362 0.01740519763827799
1 0.28754155696329664 0.7481131843137759 0.13132031764492574 0.09015621923645227
1 0.6251805121278646 0.0830865836379979 0.1569772191153362 0.09947583325902491
1 0.7898124040164319 0.889023114379253 0.14308366249848917 0.07000787712414933
1 0.2936039678121067 0.6326256492350518 0.11832764154211795 0.08393391222516602
1 0.6294827189118928 0.7037540923798132 0.15105566985054147 0.10183342975338175
1 0.7994601437416898 0.19779686880589206 0.1616647191153362 0.10005138588825728
1 0.28866069372960235 0.6909998553699274 0.1197259161745153 0.08256326310157683
1 0.6222756747995783 0.514719285368527 0.15557894448293882 0.10084648238261415
1 0.293461199808644 0.23222910101016597 0.16067936690972048 0.09067638588825722
1 0.8007593400475324 0.8275377547387344 0.1600177474237597 0.11373018413543567
1 0.2842643529287335 0.4082427413473548 0.12490609227732312 0.08782631573080905
0 0.6255554641360804 0.5760404871213486 0.15204102205615727 0.11120842975338174
1 0.822036187477336 0.7062254608959024 0.1574698952181442 0.10416333325902478
0 0.30561578343068524 0.8598457808081328 0.13132031764492574 0.09015621923645227
1 0.29533114576803704 0.10696901768426348 0.15154834595334937 0.10652092975338175
0 0.29102590109374227 0.2918780308304253 0.13181299374773356 0.09484371923645227
0 0.2878515882246287 0.34449571065068463 0.11536686690972049 0.08511271047234441
0 0.6205720869213992 0.8900199081552074 0.16593929668855462 0.11137258764107898
0 0.8051466974056286 0.6434099915925726 0.1408595430125282 0.0928698244949171
0 0.8035653253434276 0.7638866494802696 0.14743799374773375 0.09676222800056031
1 0.2957183454034563 0.019588636022012443 0.13518669080691267 0.03917727204402489
0 0.7687356196591855 0.2593366144015456 0.11084359227732303 0.08609965784311199
0 0.6289572429943971 0.6460513643123755 0.13444531764492568 0.09053992098927388
0 0.8061955165270085 0.5103374082666701 0.15681299374773375 0.09791333325902478
0 0.7995443891391025 0.44705615826667006 0.15105566985054147 0.10183342975338175
0 0.6219965369334867 0.4593603073010891 0.14743799374773356 0.09676222800056031
0 0.29082629060951287 0.5158495439765872 0.1575543669097205 0.09029268413543576
0 0.8118190558635107 0.5713708337048755 0.15886816985054147 0.10279268413543577
0 0.8088962516496789 0.06923378109793565 0.15590739521814417 0.10397148238261411
0 0.7982777663537839 0.13384414073845435 0.1444772191153362 0.09794102624773861
0 0.2976838792108098 0.5735661185383817 0.15615609227732313 0.09166333325902479
0 0.30005548471578347 0.9198784123812137 0.14834359227732313 0.09070407887697093
0 0.6211593496293755 0.039171348819138994 0.15056299374773358 0.07834269763827799
1 0.628649797035004 0.7711195967618671 0.16232162058574673 0.10630138588825737
0 0.2900122407948252 0.4629302413473548 0.15862419080691267 0.08579703501184639
0 0.3042269448293883 0.8014577281789004 0.1346095430125283 0.09210242098927388
1 0.8009520998026002 0.38515940388461617 0.12630436690972066 0.08645566660721996
0 0.6286427200116786 0.8162263993910995 0.156400071320952 0.10865898238261415
0 0.7966024865689059 0.3287175530082054 0.12490609227732322 0.08782631573080915
0 0.8028621488941703 0.027214785268210567 0.150891444482939 0.05442957053642113
0 0.6076855661684715 0.2102651757280083 0.1197259161745153 0.0825632631015768
0 0.5722313062401789 0.27950764939109957 0.09094401470410478 0.07285994732618253
0 0.2892125713209519 0.05628369312246887 0.13411686690972058 0.08741492098927386
0 0.6012807768319692 0.14932767572800829 0.12663281764492568 0.08958066660721994
1 0.13077574337106534 0.38593950004458505 0.09611475477581219 0.13673059644977173
1 0.13509233049590802 0.6528797631907469 0.08805827573218336 0.11877569294412851
0 0.2875797536760262 0.00200358777483402 0.1314095073520524 0.00400717554966804
0 0.6010858843632902 0.3432279871213485 0.12128841617451513 0.08275511397798754
1 0.13700664501470056 0.768970543887417 0.0803302474237598 0.10394578943848547
0 0.30440813583974446 0.1707437413696473 0.16347591617451532 0.08793508764107885
0 0.13560623766869193 0.5222468553030498 0.10046908602505669 0.16348494732618252