1 0.5487452007021124 0.5333369411983793 0.15253185775648764 0.09810660822331804
1 0.5426887890095806 0.10845720227185587 0.16149742198083886 0.09155610453215908
1 0.20959865502226954 0.8495937339796406 0.12728619629109836 0.09005378473307495
1 0.546290744572933 0.219875448580697 0.15253185775648745 0.09810660822331796
1 0.21557641734674143 0.7355312339796406 0.1145405348257091 0.0836836229879534
1 0.5500056490293757 0.8395568510979213 0.1449650192218769 0.10174244463261709
1 0.7203689744465451 0.3510949611668187 0.1573012449116174 0.10030010637773845
1 0.21098409260694057 0.7931334012615003 0.11445864767057934 0.0821211229879534
1 0.5433849140673811 0.6506296075574494 0.1494887449116174 0.09924844278703766
1 0.21610419832726327 0.33514065864381803 0.15524742198083885 0.09071477365959835
1 0.7204675559722092 0.9618230720680518 0.15326884215265543 0.07635385586389631
1 0.20611064337516619 0.5108167422847479 0.12095430913596861 0.08764995386051418
0 0.5464822585948855 0.71162718843001 0.14545634215265543 0.11111744463261708
1 0.7423978669172001 0.8615215254291645 0.1512150192218769 0.1025837755051775
0 0.22726311058562204 0.9589390411926029 0.12728619629109833 0.08212191761479418
1 0.21792672716007852 0.21029091048939752 0.14521068068726609 0.10642994463261699
0 0.21295154285476778 0.39529690864381806 0.1259693577564876 0.09453095201493475
0 0.21020832315792112 0.4476406586438181 0.11149742198083885 0.084825457551673
0 0.5416188596811109 0.9849903571340611 0.15984639077317447 0.030019285731877687
0 0.7253608531223902 0.7962872000933421 0.13674308344622793 0.09287828104191612
0 0.7237839857549642 0.9164494482477628 0.14159435775648746 0.09663427919633669
1 0.2190532151742909 0.09872241233497694 0.1317280348257091 0.08599728288749549
0 0.688968488241355 0.40980897224029533 0.1068918091359686 0.08575695939725243
0 0.5498695301916117 0.782104935661641 0.1303293091359686 0.08891195016935534
0 0.7260303177308541 0.6634146192207814 0.15244997060135787 0.09654410822331805
0 0.7198898603584795 0.6004338729119402 0.1449650192218769 0.10174244463261709
0 0.5431669080744872 0.5947401921211689 0.14159435775648763 0.09663427919633669
0 0.21304231682634303 0.6187494040298696 0.1520405348257091 0.08873160822331805
0 0.7322117186807939 0.7256141155296225 0.15269563206674713 0.10123160822331805
0 0.7286052775896199 0.22396154388495892 0.1496525192218769 0.10237344278703757
0 0.7181757106517351 0.28785879665332803 0.13855124491161738 0.09777611376005631
0 0.220250629241672 0.6763665666977807 0.15055992198083884 0.09008377550517785
0 0.22233991519903484 0.9886716266791122 0.143245388964152 0.022656746641775527
0 0.5420027142697798 0.16658520134906615 0.14619997060135786 0.09570277735075719
1 0.5488282513587963 0.9070598501751317 0.15598440637700647 0.10477727365959844
0 0.21192023010075461 0.565098572234519 0.15335737336031982 0.08425444094145824
0 0.22634574174785796 0.9053478929563928 0.13041119629109837 0.09047445016935533
1 0.7207806529861046 0.53839962383473 0.12243492198083886 0.08629778657865436
0 0.5488382174375985 0.9491880639294117 0.14989818068726599 0.10162387214117671
0 0.7166973405707757 0.4812031266030991 0.12095430913596861 0.08764995386051418
0 0.7226285945275046 0.15785579757611778 0.14488313206674713 0.10017994463261704
0 0.528761328584988 0.3441843695537157 0.11445864767057934 0.0821211229879534
0 0.4938264066041492 0.41029021519091186 0.08600609905006032 0.07208513406142995
0 0.7106951605608781 0.11533780311285609 0.14423467887824373 0.058202777350757184
0 0.21113117254666572 0.15981016418055635 0.13016553482570908 0.08578695016935534
0 0.5217167904799187 0.28344220688580446 0.12259869629109836 0.08942278657865436
1 0.05310515208159344 0.4729114695479394 0.08623847241038016 0.13572696862514952
1 0.057975279287100515 0.7402792121656216 0.08073210085908263 0.11947097047072912
0 0.20872654681149672 0.0705824169489255 0.13107293758467103 0.07349728288749549
0 0.5225821703989592 0.4771020359127858 0.11602114767057933 0.0823314557060936
1 0.05981001696262862 0.8553933757563226 0.07374511646291486 0.10456713959816852
0 0.22632904737732357 0.27514965587544893 0.15820864767057935 0.08801043909587865
0 0.05852191316286991 0.6097503812930609 0.08919305404758593 0.1624998013432899