0 0.6204648114379253 0.13855226257612965 0.13215186836004147 0.13488163277816084
1 0.13597169313361515 0.7837399067044443 0.2719433862672303 0.335908530867448
0 0.11142312732478214 0.27923605287454395 0.11477251748363071 0.13141149330403054
0 0.3273073644461307 0.8395198131023944 0.23612135069807055 0.32096037379521114
0 0.4752076974153526 0.1477708814719612 0.1495846051692947 0.2015471634004137
0 0.2756894784687033 0.8201653930060114 0.23491485946217844 0.3596692139879772
0 0.09842580736796677 0.7204637689043063 0.17340380687753112 0.29512203756341754
0 0.18832378950536305 0.08504568218212241 0.12022742098927389 0.138181758615157
0 0.04561169966211099 0.4820201735669654 0.09122339932422198 0.14998807153365518
0 0.4245362193479149 0.14769013481994592 0.14780256130417016 0.2121378198596627
0 0.5406270000445851 0.15028038494254353 0.16249599991082989 0.19373295933379295
0 0.14604236411174273 0.17142099677461287 0.11068826310157678 0.12325214976327961
0 0.07648642118990663 0.7031062552671722 0.15297284237981326 0.2895674287115401
0 0.37893594303329875 0.14500465347905708 0.14837811393340247 0.21682531985966272
0 0.4206054302438174 0.8613454934266281 0.22740498229344402 0.2773090131467438
0 0.340764464965861 0.14631128099004562 0.155971070068278 0.2284565069411646
0 0.298878587774834 0.14562185407509548 0.14599282445033196 0.23505505454853629
0 0.06730527211090248 0.37411840658184664 0.11397742098927385 0.1374880715336551
0 0.05967569969554979 0.6816690698596627 0.11935139939109958 0.2777628198596627