1 0.5898520637202875 0.36409426203395934 0.14675799756436803 0.09212454811738686
1 0.5488914675325959 0.003530308453303188 0.1490920649348082 0.007060616906606376
1 0.2952978997617093 0.7419431639442591 0.12321140340856669 0.08437260487264701
1 0.5606590361208521 0.0694221121262444 0.14516822402541774 0.09046191856773753
1 0.7872205726520365 0.8149897262550736 0.13579322402541755 0.08986114126984149
1 0.2917246607187579 0.6336998673680317 0.10903980925276527 0.0772214389258032
1 0.6168104354755242 0.6526666062661481 0.13900004464226862 0.09474890036914019
1 0.7363663737838315 0.15180740824104647 0.14988299756436801 0.09232480721668548
1 0.29310020008602083 0.6890184230435578 0.11057503571381497 0.07575906847545255
1 0.32834835877288854 0.9497463695275 0.1541068474022122 0.06606269586563336
1 0.5941520056853381 0.47541249383536205 0.14363299756436804 0.09192428901808825
1 0.2585083806836905 0.25656567088408944 0.14971935633066596 0.08294980721668548
1 0.7892291319048018 0.7446271614802489 0.1485386858759707 0.1047246776670363
1 0.26495147524652896 0.42393364358619345 0.11534435633066602 0.08074695712440043
0 0.6025178847441756 0.5326242165374662 0.1391364123370204 0.10256140036914019
1 0.7998683973260773 0.6268889489571776 0.1452500446422686 0.09514941856773759
0 0.32158193588256134 0.8456095820505712 0.12164890340856668 0.08427247532299767
1 0.24964366964391632 0.13851657773163464 0.13908186525911975 0.09943640036914028
0 0.2606378965120031 0.31339666178479075 0.12170345048646736 0.08739747532299776
0 0.26209525649611704 0.36402771746031676 0.10591480925276535 0.0770211798265045
0 0.6245842049572847 0.8332156994186029 0.15180005357072252 0.11273743676633492
0 0.7790161550367151 0.5696970126522682 0.12946140340856652 0.08477312307124443
0 0.7864001866933401 0.6831587353543722 0.13261367694751697 0.08653588217054295
1 0.24124656290621327 0.03838616980435523 0.1245829886359143 0.07353523442229637
0 0.7126464557647684 0.2141967867109616 0.10284435633066594 0.07994592072720588
0 0.6122962593387861 0.598329559689921 0.12321140340856651 0.08437260487264701
0 0.7687116749222174 0.4447167990494627 0.14514095048646744 0.0888994185677376
0 0.7580156826328552 0.38687402067183263 0.13900004464226878 0.09474890036914027
0 0.5896105560096497 0.4226379472591347 0.13579322402541755 0.08986114126984153
0 0.27959858198423204 0.5236635333148756 0.14659435633066592 0.08274954811738695
0 0.7794349407505299 0.5009970774270929 0.1467852711033185 0.09368704811738696
0 0.7338198465914333 0.038513128086931595 0.1452500446422686 0.07702625617386319
0 0.7296039050334198 0.09215180598929305 0.13266822402541756 0.08966088217054298
0 0.29114400812097013 0.5775499969176809 0.1450591298696163 0.0842119185677376
0 0.32287565463297324 0.9056156377260972 0.13894549756436803 0.09162390036914018
0 0.5521704261367381 0.03216120219176756 0.14048072402541756 0.06432240438353512
1 0.6211746071480355 0.7155974028423756 0.14999209172016936 0.09857480721668548
0 0.27420769846116777 0.4748453015134729 0.14653980925276536 0.07962454811738695
0 0.3163001465152984 0.7905413502491685 0.12477390340856669 0.08447273442229637
1 0.7528020771129681 0.3278995388704299 0.11687958279171547 0.07928458667404978
0 0.6251120848269011 0.7582657641934276 0.14533186525911965 0.0998369185677376
0 0.7443680142067548 0.2745940661683258 0.11534435633066593 0.08074695712440043
0 0.7229465762988939 0.007147859348467225 0.1384818474022122 0.01429571869693445
0 0.5546390868522006 0.1907661860003677 0.11060230925276535 0.0773215684754525
0 0.5276578011383858 0.26116832356958153 0.08393071509696384 0.06936936613141409
0 0.23952437581242653 0.09234248457917989 0.12469208279171565 0.07978523442229637
0 0.543902184254413 0.1352671576227376 0.11539890340856651 0.08387195712440043
1 0.116677616480231 0.42407095080287893 0.08496710957707684 0.1287443661314141
1 0.14349566640080075 0.6759746098098927 0.07844437418757347 0.11271884793281686
0 0.23137668506519185 0.02263076187707581 0.12085797077900677 0.038959975322997734
0 0.5602424301972231 0.3168280382521211 0.11216480925276535 0.07742169802510182
1 0.15486776867427693 0.7844985086378733 0.07351141233702041 0.0983559592838688
0 0.2634237516248531 0.19850284700996607 0.15281708279171563 0.08158756631598418
0 0.1331639127473528 0.552556896207087 0.08696598620028229 0.15384449568106326