1 0.4931344608564223 0.5655366400125909 0.11414961733238069 0.09250687418757338
1 0.37107379055783457 0.5884365775134146 0.1137125747577338 0.08625687418757337
1 0.4487239071339106 0.7196377589251585 0.10902507475773363 0.0861750535707225
1 0.40307863534238403 0.8690241042987757 0.11749313861970409 0.0956864212654743
1 0.4916637040711584 0.21743037661991016 0.12083665990702759 0.0988659683433748
1 0.3485871493402405 0.6639178185849609 0.11738387797604233 0.09412392126547413
1 0.38344384251563557 0.9484661424482226 0.12228989926336586 0.09733074188232535
1 0.8288695010852809 0.4736214699616374 0.11414961733238078 0.09250687418757338
1 0.47159296060432077 0.6386877678536121 0.11582137797604233 0.09409664772652385
1 0.13425721554799935 0.7423080511350906 0.11404035668871888 0.09094437418757337
1 0.16321237805291694 0.6638109042193456 0.11571211733238065 0.09253414772652384
1 0.5157849930395091 0.4877116489410446 0.11404035668871906 0.09094437418757337
0 0.3029965078705447 0.8125229139585782 0.12574268119435103 0.10207278896022594
1 0.2181723017056994 0.4371489926931041 0.11549359604505716 0.08940914772652384
1 0.5399980252225959 0.40991393140844856 0.11425887797604233 0.09406937418757341
1 0.723085132744494 0.8566191562446452 0.11905563861970414 0.09571369480442442
1 0.4324872659163164 0.7952280941525061 0.12374313861970414 0.09579551542127547
1 0.7410481649275807 0.7787123445562478 0.11916489926336596 0.09727619480442443
1 0.1642492622331456 0.3134018011350904 0.12050887797604233 0.09417846834337489
1 0.5651179935437123 0.341518487414803 0.10924359604505725 0.08930005357072242
1 0.3339130081226463 0.7395354273512588 0.1188371173323806 0.09258869480442442
1 0.2040608892007818 0.5159052382288772 0.11872785668871888 0.09102619480442442
1 0.7909820989719233 0.6239254330300064 0.11749313861970415 0.09568642126547414
1 0.11937952262470579 0.3845813258918568 0.12029035668871887 0.0910534683433748
1 0.8880145441641307 0.32134194966909785 0.1077903566887187 0.09083528003177213
1 0.5825533318719738 0.9524407790158271 0.11760239926336577 0.09511844196834573
1 0.5900030150831371 0.26529690665168226 0.11894637797604232 0.09415119480442442
1 0.8078907295458558 0.549911234572134 0.11571211733238052 0.09253414772652384
0 0.5471185764240921 0.9844876428552599 0.13409077673520517 0.031024714289480216
1 0.2639814644627186 0.2854188973194867 0.12228989926336578 0.09733074188232518
1 0.2862681937564727 0.8951444991859259 0.11425887797604233 0.09406937418757337
1 0.698145480883238 0.933621987007766 0.12250842055068922 0.10045574188232535
1 0.6194245372036399 0.7953622820570716 0.12029035668871887 0.09105346834337488
1 0.6152158185535475 0.1843878258885615 0.12363387797604233 0.09423301542127552
1 0.2646363003683171 0.05233366192998331 0.12072739926336577 0.09730346834337482
1 0.19950297326479488 0.04415692329406903 0.10724405347041022 0.0830227800317721
1 0.04798780078490669 0.6763909504864674 0.09597560156981338 0.09741256249917622
1 0.7138400807866929 0.4966441383877377 0.11549359604505724 0.08940914772652384
1 0.6945877002127606 0.5706174265371846 0.12218063861970414 0.09576824188232518
1 0.41615633363668464 0.43591159537032204 0.1108060960450572 0.0893273271096728
1 0.17443373733952589 0.592826248375147 0.1188371173323806 0.09258869480442442
1 0.4398776929232936 0.3651451278377261 0.11102461733238056 0.0924523271096728
1 0.6752260589951664 0.6461532146866316 0.11404035668871906 0.09094437418757337
1 0.9149701640944017 0.24906752921440262 0.13064870248167465 0.1052796095770769
0 0.040088001463433096 0.7480886724832901 0.08017600292686619 0.10207278896022594
0 0.7330378310387946 0.4234521002382907 0.12283620248167466 0.10514324188232518
1 0.24378394292329358 0.3617222986994585 0.12061813861970412 0.0957409683433749
1 0.8156146563007314 0.1933612256436802 0.11894637797604232 0.09415119480442447
1 0.07144513115501008 0.5331455109570487 0.12196211733238063 0.09264324188232517
1 0.003164660740206796 0.8888676310874324 0.006329321480413592 0.03711026217486477
1 0.8319605581619871 0.11620839041633257 0.1137125747577337 0.08625687418757347
1 0.14148837747183926 0.05722393912238162 0.11389824505632147 0.11122960064862313
1 0.7664073419345578 0.34894302393939686 0.1223991599070274 0.09889324188232518
1 0.08240014858393578 0.8798529155834313 0.11949268119435104 0.10196369480442442
1 0.9325889888521353 0.16489708075653017 0.11225933540139507 0.08779210064862313
1 0.10079913140711164 0.4601307508107789 0.1235246173323806 0.09267051542127547
1 0.6020788640550606 0.8756264805149442 0.11571211733238052 0.09253414772652384
1 0.6400755268120797 0.723760017446575 0.1239616599070276 0.09892051542127547
1 0.4645988234972259 0.2912672970746054 0.10622785668871888 0.09080800649282175
1 0.9386093959091711 0.12354537783443084 0.09837179802252863 0.04541368587597074
0 0.8594582194063971 0.405321483354318 0.12116444183801285 0.10355346834337484
0 0.06112961607187291 0.6048977800317721 0.12225923214374582 0.10207278896022594
1 0.4217275345288753 0.020658742286066963 0.08154493094224943 0.02795345048646734
1 0.07241886120506894 0.9219176846581547 0.10720049480421989 0.03776482710967279
1 0.10600434554085407 0.06129778449599897 0.06455380891829185 0.11973184740221224
0 0.029262621015551448 0.8275443474022122 0.058525242031102896 0.11133869480442442
1 0.3656578509887357 0.028284281653329895 0.09055929802252863 0.04527731818121904
1 0.768113045501513 0.7048754241015527 0.11560285668871906 0.09097164772652384
1 0.7901669060486297 0.26644416963732576 0.12061813861970413 0.0957409683433748
1 0.3162370051957801 0.04150130194586936 0.10502598960843983 0.07362050649282176
1 0.39490441048810526 0.5161076099808186 0.1235246173323806 0.09267051542127547
1 0.3711188051367687 0.9862216923687924 0.1008412341605581 0.027556615262415107
0 0.253155408975496 0.9547961887153444 0.11541718639013113 0.06599892126547431
0 0.11220761690505214 0.8115392922066367 0.11603989926336586 0.09722164772652384
1 0.3912616963543628 0.9149678498345489 0.13636310694082043 0.1646818831160271
1 0.25287471965849867 0.3212063928552598 0.142394585653497 0.1616659772718286
1 0.16650662285713685 0.6278870409888208 0.13559828243518832 0.15374438311602728
1 0.43846946814588944 0.7656087779998819 0.1343635643661735 0.15840460957707697
1 0.48197308573037156 0.602105385548364 0.13022236758448216 0.16613528896022595
1 0.3216972313874412 0.7799967861175567 0.14584736758448216 0.16640802434972937