1 0.904308046699955 0.594105078703223 0.13439044662978256 0.310918627937799
1 0.07168357021724506 0.22727343235507425 0.14336714043449011 0.2329531352898515
1 0.7990029867710169 0.07462611434858966 0.16542136137453217 0.14925222869717933
1 0.9157943391004377 0.10808310701164665 0.15069712008095948 0.20696778308423575
1 0.5608014654014335 0.43286462446521645 0.18152439620024124 0.26148633970108287
1 0.42710473258714543 0.01573542077710269 0.1520405348257091 0.03147084155420538
1 0.5572935215967261 0.04358364191878612 0.14166295680654795 0.08716728383757225
1 0.761067059024427 0.4957261013092733 0.21768762550802645 0.35852084705313525
1 0.09694862420906016 0.6173307205917904 0.1938972484181203 0.33220704411231433
1 0.283845060494765 0.7214740989062578 0.20986848145549172 0.3872229948475196
1 0.04679203358251366 0.4823691367663058 0.09358406716502732 0.2665117264673885
1 0.3287536052700967 0.38344390497321196 0.1790544934412793 0.27365788896587767
1 0.21951580337021737 0.2737215821758058 0.21680015490666857 0.2822867977883405
1 0.5075890976953232 0.7810909452362754 0.2231187539567289 0.3435527485235458
0 0.6628983904344901 0.0777604372326082 0.17512390999505117 0.1555208744652164
1 0.7605226679125684 0.8174392349494457 0.24740834577069998 0.21402475587559805