1 0.24301872443355096 0.3108779157692147 0.30978726245268684 0.5118983966475518
0 0.7040689218050156 0.30581592843134964 0.3298380738526447 0.44984905285593496
0 0.3565088048719912 0.8402801061208173 0.293580628666807 0.25534789295639293
0 0.9591897149143097 0.1543130126621349 0.08162057017138054 0.3086260253242698
0 0.8662088669619388 0.21391314210961637 0.26758226607612234 0.42782628421923274
0 0.6085545724148362 0.7873510394230367 0.32821731726684933 0.32475888188291613
0 0.9393159064477976 0.5620665244014801 0.12136818710440486 0.2791762662772806
0 0.47780440426217047 0.3552745052798172 0.37945540572889336 0.5459427035275798
0 0.16704660640771296 0.8776594477339206 0.16913043494769225 0.13530610453215886
0 0.824358808524341 0.7282169588834102 0.2900608625906848 0.3597048984931311
0 0.10626144740037909 0.5842098520967243 0.1421346418383981 0.4847052958065515