1 0.46016494256515567 0.8190140078714844 0.4953618858436723 0.2611602648659286
0 0.44416624103525937 0.3689848329666246 0.43025705249547724 0.2880464170333754
0 0.9278712630012602 0.7211230641463632 0.14425747399747949 0.2708403765014653
0 0.24779171487669088 0.07004324456279254 0.39245842975338174 0.14008648912558508
0 0.3352343288546784 0.1724228507611217 0.4407831577539419 0.29780341901054175
0 0.8825068771018568 0.4719825685949875 0.2349862457962864 0.297333892318796
0 0.6909651622251659 0.0970136504188357 0.2821498683154564 0.1940273008376714
0 0.498944666362002 0.5913081605332227 0.522361473529336 0.3291117688202613
0 0.980390517327583 0.8952317261996416 0.039218965344834086 0.13988485376405252
0 0.8425830482025933 0.26110607699794447 0.31483390359481334 0.2580458992388783
0 0.7333937451275104 0.9468538704956041 0.4662816315507884 0.07496809688115107