1 0.15742790905034793 0.43125 0.2597887658545118 0.4703125
0 0.612237425856262 0.3515625 0.28667491802195855 0.4015625
0 0.35191280772057254 0.91171875 0.2728193705699663 0.1765625
0 0.8955459688596299 0.14765625 0.16203306228074013 0.2953125
0 0.792776454525174 0.215625 0.297994419999125 0.4109375
0 0.5966469875683483 0.84921875 0.29978773026551764 0.3015625
0 0.9093339658566993 0.55703125 0.14618788638729682 0.2515625
0 0.39626757456366757 0.43671875 0.32786760380123336 0.4921875
0 0.13283254388040813 0.97734375 0.23778384288963736 0.0453125
0 0.7970700933095668 0.74296875 0.25817323323126706 0.315625
0 0.05559744809938334 0.728125 0.11119489619876669 0.471875