0 0.169335678035942 0.6243467627999265 0.19512945840243034 0.22683950956072393
0 0.3707969650579607 0.2784787600221493 0.1246488702161482 0.15398419802510172
0 0.31049464184611697 0.7638574506459955 0.1101067512477858 0.1313081616279071
0 0.41138094696254335 0.8130342327242535 0.04314673793672501 0.046253238741233105
0 0.41544801601442816 0.5321742589424151 0.09702328868539638 0.12425712523071261
0 0.5288468514973429 0.18299268660945128 0.06481405074867155 0.07870479333702489
0 0.2851128088597835 0.43373915406976804 0.11333559484181252 0.11598355027685514
0 0.4793967726699585 0.576654246603914 0.049980200499114245 0.052903756939830335
0 0.4762879376036455 0.3520244864248812 0.0747725133110606 0.08555557063492074
0 0.45785673752012324 0.6537080999354016 0.05539702870210093 0.061016645588778215
0 0.4677743895583415 0.7017148033591741 0.04456337229612757 0.044790868290882455
0 0.1392772487512045 0.8181177467607975 0.14581676455884646 0.21436049352159509
0 0.37801831821868126 0.9048619848837216 0.07375145382687949 0.07461807063492074
0 0.5087297158901545 0.05900447408638004 0.054521834858516985 0.05164164558877828
0 0.44381767158820756 0.7778372123661879 0.03845923793672483 0.045952850092285044
0 0.4407843999582388 0.17967911705426468 0.11166925124778575 0.13140829117755656
0 0.4331397805732745 0.7383241293927658 0.05852202870210092 0.061216904688076924
0 0.44326896193799153 0.4392148033591742 0.07506424459225532 0.08868057063492078
0 0.47362659920956746 0.10723242057032237 0.07458462562389272 0.06690570018457014
0 0.3675753905983313 0.6432631508305656 0.10556511688838306 0.13257027297895937
0 0.42611095361807366 0.8543601395717986 0.035334237936724834 0.04575259099298634
0 0.4959476767881563 0.5210248102990045 0.051834431780308776 0.05612888648947969
0 0.402956496671225 0.9390762985788121 0.060042506655530306 0.044229663787375625
0 0.5003373878949638 0.2269837160668156 0.05139683485851698 0.05144138648947969
0 0.5468143899749434 0.12590087985419113 0.04870943178030877 0.05592862739018099