0 0.25623321670355703 0.720458466626121 0.17181442248566378 0.19772040339440444
0 0.32737304547361723 0.30947603571157006 0.10736144647819641 0.13645565046753827
0 0.4279126807147581 0.8127919332522421 0.09660428842423378 0.11453519867214013
0 0.5352744251780198 0.8274680324901162 0.038070817953504664 0.0392533975406721
0 0.4490822022718559 0.5467174813586481 0.0852461229879534 0.11134656615858277
0 0.4394226872502992 0.16180667105379776 0.05612963959816817 0.0690227107723885
0 0.2997433898550894 0.49276525868240284 0.10210312852469165 0.09739315046753827
0 0.5201007766848885 0.5697691619786115 0.043599648826065616 0.04553066861791066
0 0.44559711434991167 0.3468538367448423 0.06478347047072894 0.07531816256778665
0 0.5258848271053888 0.6533310957218328 0.049128479698626215 0.05180793969514959
0 0.5506293095723841 0.6979714300307882 0.03942298523536465 0.03769998789975162
0 0.2439430527799218 0.9242732921544776 0.22196477365959835 0.15145341569104467
0 0.5342074682162021 0.9297254240788598 0.06622580872560757 0.06283634328594587
0 0.38167056610792527 0.045936231358648064 0.049428983389785144 0.04244203005422929
0 0.5532883599928843 0.7815151830558502 0.033593650671645034 0.040788626463433175
0 0.3587285098177526 0.18865954166349835 0.09816678842423379 0.11454428903121974
0 0.5304819574756598 0.7454731439264346 0.05225347969862622 0.05182612041330899
0 0.4440043255927436 0.44520497833358597 0.0652041359070095 0.07844316256778665
0 0.3646632093972525 0.10516578561337417 0.0696513124167664 0.05348861436318471
0 0.44111915244121114 0.6731345356133742 0.09233745386051417 0.11763292759490121
0 0.561987077695244 0.8635327975172309 0.030468650671645038 0.040770445745273776
0 0.5173665506774212 0.5088634782353901 0.04537248154420563 0.04710225897699054
0 0.5681467080655154 0.9556839360809125 0.05754198708094407 0.0331215722087073
0 0.42782399966706564 0.21482258674484234 0.04630398338978523 0.04242384933607006
0 0.43715421216562167 0.09856178249011621 0.04402031426234583 0.04865566861791082