0 0.8572746405824067 0.3502672372996888 0.19911782445033205 0.24297859640518676
0 0.5439726977497406 0.6834435924243982 0.14322583325902477 0.16378557011286307
0 0.7903442238414315 0.21228561006407673 0.1264774209892739 0.14018391222516602
0 0.7138489562686307 0.16473713195205392 0.049505526292323764 0.052246824539502065
0 0.6004639344698236 0.4364321275254149 0.11477251748363067 0.13259095609029042
0 0.35565190831125515 0.775818943211639 0.07502569294412868 0.08462023680925305
0 0.6855677985592739 0.5329392723115353 0.12494261397798745 0.12768391222516584
0 0.5572884870767635 0.39325668013235476 0.0565229297979668 0.059264228045145195
0 0.4719176933231017 0.6122657634359647 0.08535994732618271 0.09358384206771789
0 0.6072321010770436 0.3186413819074689 0.06197783330360984 0.06608978067437761
0 0.28273857505223027 0.9309712238860165 0.05479627191026974 0.045201728045145016
0 0.6160167019311619 0.2721639301546473 0.049313675415912785 0.05068432453950207
0 0.9333535133022096 0.16933370662531116 0.08955097357392106 0.22798653505643154
0 0.7802670527184026 0.07501800040126554 0.0808919911913069 0.08226264031489627
0 0.3263234171422406 0.8956102765375415 0.059456078921556 0.05808542979796698
0 0.6689893904932365 0.19794618017693982 0.04462617541591278 0.050108771910269745
0 0.4390815004235581 0.779425570447251 0.12823177186568468 0.1419382631015768
0 0.6634118685829667 0.2371046056151452 0.06197783330360984 0.06608978067437761
0 0.537760237143641 0.5272341318851763 0.08730614907900432 0.09690069294412851
0 0.3797490399289211 0.8490378993688072 0.07856208768566386 0.07582078943848529
0 0.6890171142454979 0.3293751845812863 0.12354427186568469 0.14136271047234442
0 0.7158080044935167 0.1237145837048755 0.04130932453950216 0.04816257015744814
0 0.5191180090316182 0.44718962309877597 0.05671478067437761 0.06082672804514537
0 0.7705211974376451 0.04158840828896263 0.06200552629232377 0.05378163155078839
0 0.40088132934511406 0.7333308204249585 0.058085429797966805 0.059456078921556
0 0.31660425482790455 0.8306290616162656 0.05515228067437761 0.06063487716873439