0 0.8759180231352086 0.23869161802805444 0.14080009821299128 0.19948162697434613
0 0.7137127090144746 0.6364098354592753 0.08820120373287814 0.13619945435896633
0 0.7315970531669806 0.14819944043829722 0.07847164772652385 0.11517655933798814
0 0.6327601327122854 0.13384278774364924 0.03349433847375849 0.041548882573423505
0 0.6506435133959758 0.4055634997762854 0.06747960064862327 0.11122276514684692
0 0.5707830949731708 0.7790970107739474 0.046457988635914306 0.06905857593472771
0 0.7815701850684871 0.4588400198975099 0.08598413879807013 0.0985810551888033
0 0.5870583003276069 0.3830741157529694 0.03826365909060954 0.04659158008391255
0 0.6082536416440345 0.599148479030361 0.05437958279171564 0.07590057178554285
0 0.6009492508140741 0.3024394223916652 0.039935253246410875 0.052959979254075584
0 0.573456307230761 0.938838863678377 0.041197744317957155 0.03589087842423879
0 0.5876640466741588 0.2589737649231324 0.0334670649348082 0.03998638257342346
0 0.9194027905850788 0.05949767364106504 0.1608125892845372 0.11899534728213008
0 0.6563397288966817 0.034528949361366905 0.05569662094116268 0.061956470955705834
0 0.5992336030908456 0.8924132269557685 0.04289661201270896 0.043821777594401826
0 0.6038987471606262 0.17816147280658368 0.02880683847375849 0.04119368506293446
0 0.6554853774405749 0.7539534555851443 0.08003414772652384 0.11529495850815116
0 0.6181152057647684 0.21297418069003493 0.041497753246410876 0.05307837842423861
0 0.6325326672115796 0.5044629410629972 0.0559966298696164 0.07914397095570588
0 0.6299029504930579 0.8339136427226711 0.05868525324641087 0.05438076929603177
0 0.6871049391256769 0.28342746803269886 0.07381142126547413 0.11638386182749913
0 0.6154459476470936 0.09770437820052402 0.02568183847375849 0.0409568867226084
0 0.5758792926169691 0.442437460359029 0.03829093262955983 0.04815408008391255
0 0.6302545158283126 0.01335868598837335 0.05054547077900686 0.0267173719767467
0 0.5950933482195817 0.7273210232215022 0.03979888555165907 0.045147479254075765
0 0.5587955637235827 0.8400820549650888 0.03519320616851011 0.04947978174358667