0 0.8463815814369496 0.70471754499731 0.2225488040260898 0.20759325075630458
0 0.431011120106586 0.7556558762113316 0.1498920066836355 0.13537976114786474
0 0.87481402207986 0.5275869624459062 0.12783519334818116 0.11822511213660043
0 0.8517845073997243 0.42989786145717046 0.04738407733927232 0.04702781930985207
0 0.6143037834181779 0.582552239937416 0.12145792401336308 0.10685056956195353
0 0.25126852876349554 0.6962912199106002 0.07732611600890867 0.07097877153942492
0 0.6152315787714497 0.7294818702592468 0.11533519334818117 0.11735102698730664
0 0.6111509640754056 0.5131848809029085 0.05370680267345414 0.05371486188449896
0 0.4257594514242231 0.6403040278204859 0.08522952267663583 0.07933757475773362
0 0.6890123347389967 0.4850655987198218 0.05999316534054522 0.057276904459145864
0 0.10682873277367691 0.7814524597711416 0.04745680267345422 0.05327781930985207
0 0.7230237080680878 0.45141186455926363 0.04580339600572696 0.04535605866619026
0 0.9715141100413618 0.6518442812515552 0.05697177991727642 0.22479218639013113
0 0.949186218730088 0.4011940712283121 0.07269316000954511 0.07533848960843983
0 0.16076225477399506 0.7800267175648117 0.05218066534054513 0.05673060124083733
0 0.801693600731997 0.4255817020543461 0.045767033338636055 0.04223105866619044
0 0.30441225743949507 0.7613809883479321 0.12785337468172653 0.11978761213660043
0 0.774677114735815 0.4556187633184264 0.06001134667409058 0.05883940445914586
0 0.5193003660884505 0.6157796392007817 0.08839088534372692 0.08268109604505725
0 0.22407986744108593 0.7787266614965114 0.06800566000954503 0.07501070767745474
0 0.7375140167488599 0.5543893990881388 0.12936133068109007 0.11520937278026225
0 0.8771930400620427 0.3960638108367519 0.04416817067154497 0.038996798022528624
0 0.5542924367440873 0.5320166443965618 0.05526930267345431 0.0538241225281606
0 0.9620492980585429 0.3643278557571873 0.04752952800763595 0.05952781930985207
0 0.3059651194302683 0.6932483473824395 0.052144302673454226 0.05360560124083733
0 0.19207534209895 0.7160681243697461 0.05525112133990877 0.0522616225281606