1 0.5442573409700111 0.2747129780834905 0.14539368493937666 0.1404152923897862
0 0.10919241320996109 0.35624569189444816 0.1515219363752421 0.17955056699689198
1 0.47502034671347254 0.4350383560814185 0.21619320804084588 0.2276285020669146
1 0.42767859100191713 0.15880561166298976 0.4709821820038343 0.3176112233259795
1 0.5260958236120035 0.3478251464042901 0.12272728321633827 0.0927397717116217
0 0.39891440743459383 0.32154309036565276 0.15300326585833063 0.1656336162111037
0 0.24076711691130503 0.5881249305219086 0.11931819361838067 0.10345894789030403
0 0.14990874987237626 0.536586009305625 0.16347404620293826 0.17544526385373888
0 0.27263604029994726 0.6793299733259796 0.12958605488194214 0.1381250463187275
0 0.32367094636248755 0.706016597809251 0.07944400287173074 0.08139985731976367
0 0.34198466745374523 0.7350127390417452 0.055844161837907615 0.052328787427387446
0 0.3600650287173067 0.7687327675777925 0.04519075143586537 0.040954639784752264