1 0.5124087642948415 0.643206241559862 0.24975651729419593 0.20766921444818678
1 0.6186993279195994 0.46461171486811625 0.3234578178685421 0.2262228962731287
0 0.6148032368538704 0.5723114683281574 0.20430196528398453 0.15139003954332697
0 0.7746246314294881 0.28085484429815005 0.2823255057434615 0.16700972235685219
0 0.8256392340459516 0.21362358194086034 0.33431414735163045 0.2126697322426839
0 0.8643161560625403 0.1305444850968903 0.2713676878749194 0.2269577253226017
0 0.9042918063497133 0.0945778101920305 0.19141638730057337 0.1237743755128821
0 0.5180703032865471 0.7520864930427368 0.13622160402042294 0.11440469269935694
0 0.4746044000957374 0.8033107534228601 0.14109173407785747 0.11615819368794007
0 0.4475853321633836 0.8609295938410394 0.13705358379068447 0.10821835969555131
0 0.7343040244735226 0.3657046881763706 0.20357144505424607 0.14514003954332697