0 0.6277707416309639 0.6972863303806115 0.25418711762520285 0.30905058846204414
0 0.47733496815454596 0.4321192854306851 0.10949716831188124 0.09570503290006319
0 0.58512963574397 0.550393183452055 0.17626612978541872 0.14706410088581662
1 0.8552998052003155 0.772718506901876 0.28940038959936915 0.3314610636144993
0 0.5547859813376694 0.4806112262163543 0.15914117758226834 0.10988627924771333
0 0.42378617252506795 0.34802412095928364 0.03779344293276328 0.02997338450478395
0 0.4189519510586862 0.33505295136880947 0.0340651882975699 0.02497580409525817
0 0.41117072495711116 0.31762684208547964 0.03386410341917188 0.02341330409525817
1 0.3539316693347888 0.26633812863789263 0.025494527811161127 0.030295562866680736
1 0.42111098494995536 0.2842002302426135 0.05114396147353735 0.049808665938124365
1 0.4004737681187672 0.2775444828021498 0.02690212195994608 0.041233062866680645
0 0.3755512210443748 0.2744788559759749 0.028975518540774115 0.02138568348096941
0 0.39079714080117045 0.2761309740307272 0.015671179027182715 0.013895361842866194