1 0.5536120880025627 0.6006009497976013 0.1600040751116806 0.14659611827193722
0 0.6287236992661243 0.6312500842391977 0.11306819361838069 0.10376016508343397
1 0.516761430504157 0.5341471121675017 0.08689124275686151 0.07909435775648763
1 0.6177963365666974 0.5579354149718923 0.16221592482450758 0.13894739258219674
1 0.45997371368858947 0.7611433813893786 0.07412744218251532 0.06289614767057934
0 0.5646307657307068 0.6746968690649067 0.05198864160816914 0.04620661465389251
0 0.5465199709317281 0.6811482649264636 0.04086851155073461 0.044070904567984216
0 0.5347504911614664 0.6880533621675017 0.03875812137843067 0.039301517412854634
0 0.5200893712189011 0.6903937901412343 0.03388799132099614 0.03749335594746519
0 0.4852780923101587 0.7220875254419132 0.046651791895342146 0.05369156603337366
0 0.4878349059030107 0.6834377832438294 0.04628653178047308 0.05056656603337366
0 0.4965909897256012 0.6507514360027914 0.03930601155073461 0.04398901741285464
0 0.49909707354819155 0.6183926373822723 0.0328733814932999 0.042098968792335614
0 0.504728157370782 0.5858700644514938 0.03792614160816914 0.0454696302577247
0 0.5175832585513802 0.4806536199694179 0.027272731206126898 0.034040807326946164