1 0.10153734398135975 0.2645354412586484 0.2030746879627195 0.25842911748270314
1 0.27761702114690967 0.5592313237759452 0.20556660622842174 0.2035726916693658
1 0.36117026927281 0.8234247051430387 0.08584425684847723 0.0924493477653467
0 0.18392714334737104 0.5206122646648506 0.1294292361025528 0.1372213191751314
0 0.24728813587419385 0.6840708570079489 0.08042305103961844 0.10250846754845674
0 0.07769802489510928 0.1393623071804307 0.15539604979021857 0.1369003856391386
1 0.40379455454088137 0.8831333059892529 0.07360436597668393 0.07372468238578947
0 0.3285120572401738 0.8055995463359334 0.043821777594401645 0.04789697140978468
0 0.31214169603737457 0.787031139459492 0.0459762734452168 0.05592906646400699
0 0.2984702823450645 0.7634458400017168 0.047775571785542856 0.05927366151822966
0 0.27613426367373256 0.7318031108692766 0.05449916846619489 0.06640204173511961
0 0.12231698235435329 0.41565029210486254 0.21032588382282338 0.24597978672358844