1 0.6401468809350933 0.42902064203523266 0.15292800542706697 0.15802569641861092
1 0.5473352611928182 0.4701035547591677 0.13508540818602893 0.144021985014259
1 0.846747683739484 0.3128414015543534 0.1512083751693421 0.1252131964186108
0 0.39698113636216026 0.5962736584350934 0.13566526232447193 0.12540868605101813
0 0.47992643317365696 0.5466359519317139 0.11313516508343398 0.11099487153638865
0 0.44062599502315897 0.6952682330344915 0.18286116689245624 0.1653105161170366
0 0.6219855376507842 0.7414030648439363 0.39647436680159914 0.3535308519324992
0 0.7220929217536962 0.4351934381237513 0.04924972749876275 0.049413531102777596
0 0.8419506411118587 0.7403218525911127 0.31609871777628273 0.3618710322340736
0 0.08103631105653256 0.7675395230442593 0.027368083446228077 0.0770505155513888
0 0.9352745952048732 0.30980529297745546 0.06446529172311415 0.042968041470370276
0 0.9374988364984457 0.29234439090393693 0.0642196302577247 0.03828054147037028
0 0.9290312392574078 0.2805278960877332 0.05147396879233561 0.03249943317629622