1 0.36924214821188484 0.19663145239310237 0.12151452392628333 0.12215910402042293
1 0.13228627045570113 0.04288757948308848 0.20832254091140223 0.08577515896617696
1 0.2809700740658306 0.8558847182514329 0.39233365670444426 0.2694805634971342
1 0.4844921875718923 0.415036474090612 0.07203990143727204 0.07936283235481914
1 0.4190176044428882 0.6165786922782331 0.1781011430673102 0.2151380057434613
0 0.19694126208573928 0.14871142345245408 0.11318005454853627 0.13043832367581523
0 0.38049070635360105 0.4976257731971869 0.07447121435577006 0.07347809246968832
0 0.2728024067044442 0.19761563589661377 0.09582083684478153 0.11298702310146913
0 0.3971596451090953 0.4766842125079716 0.06822121435577007 0.07274757223995003
0 0.4167801620942141 0.45381489170388695 0.04478541842239072 0.056128251435865195
0 0.3181973574230802 0.22871343937459648 0.04773699665201523 0.05493101155073461
0 0.25495510444288827 0.6357548483088675 0.21074703756341745 0.16189125717932668
0 0.4264178508497084 0.4336951662731273 0.02985751363713405 0.032792210976388424
0 0.43718278111264325 0.4237316908423677 0.0249965918667586 0.03068182080408448
0 0.44586409403114136 0.41638591049776 0.020831061244505733 0.020941560689215422
0 0.4513336960644517 0.40862414026802163 0.015970139474130285 0.018831170516911477
0 0.3786944867306587 0.274665137364385 0.028641857177885033 0.035734580918953804
0 0.3447743419893562 0.10452512291001385 0.035236996652015226 0.05346997109125766