1 0.5444402844001406 0.27464114498675307 0.11565479211539262 0.1171578069667012
1 0.2845989375072204 0.5567069343137759 0.2919163911108134 0.30783419285495855
1 0.5435236786122575 0.3327275748070124 0.07623180688002798 0.07543708768566386
0 0.36060581359647725 0.4369858334819502 0.10324496308841127 0.10487735083182574
0 0.4242024633453324 0.47285610105475107 0.07842530503444874 0.08031643856207467
0 0.16954535143085564 0.3627630833927801 0.27472889111081344 0.3057238332144399
0 0.49947337357780885 0.26507329408804975 0.06361164513490661 0.06159413155078841
0 0.4844794710605845 0.2303828247847199 0.07863563775258875 0.08187893856207466
0 0.4692903305396265 0.16474397829036308 0.12181462114237399 0.1286708595959336
0 0.4383110421153926 0.07635387947122406 0.19137576258612174 0.15270775894244812
0 0.4302433225674533 0.005184973774553936 0.1386116451349066 0.010369947549107871
0 0.40635397441880905 0.4464577589424481 0.07154430688002815 0.07486153505643145
1 0.45067469304395863 0.5220204650996162 0.10261396493399073 0.10018985083182574
0 0.5110717631759771 0.3335355177734336 0.05195297600746738 0.06630932453950207