1 0.3474604199156857 0.6604604918752333 0.1090306493475448 0.11665360215590788
1 0.7318257819064589 0.7711777082727885 0.2858487827020893 0.2923268404379614
1 0.3970427965865946 0.6346732776420609 0.06956816000954502 0.07794305789652096
0 0.5872854412396862 0.7559174445130569 0.09640338001272682 0.10432872799290412
0 0.5842428045830947 0.6812651400871182 0.07583634134309047 0.08019924497802293
0 0.6279997058800509 0.9113412332600763 0.27927151869827116 0.17731753347984736
0 0.36258543324318593 0.7051634595789882 0.05692270934118149 0.0640556837335172
0 0.3403377159055044 0.7347668047937315 0.07739884134309047 0.08037266674839838
0 0.29289909456559554 0.7780016516824672 0.12158519334818116 0.12272847631891182
0 0.21220253055382338 0.8558758913933178 0.18637494668999893 0.19233876890430643
0 0.13563948321136926 0.9146524355301071 0.09831132535009016 0.13418964976327957
0 0.570625199912504 0.7086973050389267 0.0679329346753633 0.07151963612614551
1 0.612168357256549 0.634300021068689 0.09171588001272682 0.10380846268177776
0 0.4154746232495493 0.6640980888865666 0.061464758672817865 0.05207594904464372