1 0.1964810314289956 0.7024966493077739 0.3551624040419981 0.313465800047725
1 0.210904968730088 0.46479665463877406 0.17094994135899882 0.19102608402290802
0 0.15473152546144864 0.942077317313819 0.14818405601527201 0.11420904535327167
1 0.22394821936663484 0.24273984130331955 0.07912497334499946 0.08684656667727227
0 0.1471504567154523 0.3577114079805918 0.07111247867599957 0.06956816000954494
0 0.16798966804581608 0.3355909599777283 0.05059998400699968 0.052144302673454226
0 0.08733165607095128 0.5217108206556368 0.16455449069063527 0.1784533586887264
0 0.18254251670908897 0.3104182373090466 0.03163180800445433 0.03317612667090888
0 0.1885743407065436 0.2915955119748648 0.020567038669636207 0.0221113573360908
0 0.1930891180378619 0.27669721797422847 0.01894999466899989 0.017405676002545344
0 0.19845787070336196 0.26803983330681935 0.014207950668363533 0.012663632001908986
0 0.20458969203531657 0.2578108579726376 0.015806813335454438 0.015806813335454438