1 0.5795876565430035 0.5436259118494023 0.16293769586563336 0.1575804824490227
1 0.4798379804171267 0.5368099590255507 0.1449491594684389 0.14458037727617318
1 0.8126202020394967 0.5347523316828704 0.15947273442229637 0.1278475183424
0 0.2907463996031731 0.5806184803374517 0.143747604872647 0.12583037727617316
0 0.385878426901069 0.5739940587881239 0.1209714389258032 0.11113137978345584
0 0.2821748311277207 0.689948016230829 0.19322597316352938 0.1678193004748536
0 0.4189460410298983 0.8152471960934271 0.4205661304725 0.35690584718878365
0 0.6480780382521211 0.5863195287007343 0.05300388648947951 0.048329851411925875
0 0.6661028408453282 0.8776776852728745 0.4478715052417872 0.2446446294542512
0 0.891617287172387 0.57227271522725 0.0667659978405318 0.044051528371529966
0 0.9011622678940554 0.5576790178136747 0.06646560919158376 0.03936402837152997
0 0.8997196838408993 0.5435483216537407 0.05200259099298634 0.032704851411925875