1 0.3233404548142701 0.271256940190718 0.13543922412090897 0.1235886917107738
1 0.08183703208180013 0.12945273665412715 0.1465456499342463 0.1473445266917457
1 0.3954436789761535 0.8961123601526619 0.44331931145247594 0.2029365879839026
1 0.49441737175474837 0.46543141003893107 0.0810726576569019 0.07942751482874755
1 0.48523246643922785 0.6740225014456938 0.20286323726581318 0.21644203657757757
0 0.14393588641959906 0.252638227262587 0.1287246993920214 0.13108285672980183
0 0.4162966225352088 0.563687179316303 0.08175677744001195 0.0732411818249421
0 0.22978471524804997 0.28764062695857584 0.10934124884979654 0.11475751977166349
0 0.42639374424898274 0.5404897598486507 0.07572637249423445 0.07454901384016459
0 0.439286473381423 0.5148212563886096 0.0514358268977869 0.05647017589344294
0 0.282626783642721 0.3114163665784525 0.05434123184356458 0.055035009885831696
0 0.3322383903219013 0.7203284515594245 0.22842910047647108 0.16621654349765969
0 0.4425719401494194 0.4934728384038321 0.034298996138672246 0.03402217292769336
0 0.4510812272427508 0.48134025292856847 0.029172306030227267 0.030706171939110228
0 0.45712429949874955 0.47402250144569374 0.02316723570489234 0.021140170950527094
0 0.46049422917341465 0.4644565004571105 0.018040545596447365 0.01782416996194396
0 0.3543033149440607 0.34621051924019086 0.032956091192894735 0.03552100593149898
0 0.27499583425069957 0.18444003110318896 0.041621636789342095 0.052963173916276626