1 0.2410206359604256 0.5039232508285696 0.11306819361838069 0.10316784946188076
1 0.4853489308232164 0.7668233953708328 0.3005479190172343 0.25797528163641914
1 0.2992491258455564 0.5043192030620999 0.07347809246968832 0.0702440334984459
0 0.37618700883853357 0.6903230155108779 0.10103491327377298 0.09328342721213971
0 0.42255471113591814 0.6260036503332316 0.07972809246968833 0.07053513192686936
0 0.2761869872048357 0.8744668831697237 0.2923904479259766 0.22806945781510146
0 0.22487817932353912 0.5489639230783105 0.061079552010211466 0.057234611248705033
0 0.18738832383534493 0.5639189890417452 0.07972809246968841 0.07053513192686936
0 0.1194297183471507 0.5802931598437442 0.12786121384811908 0.11007282092583352
0 0.0493303252073984 0.6110958577340483 0.0986606504147968 0.1715582845319034
0 0.39329334553285467 0.643683455957584 0.07274757223994985 0.06399403349844608
1 0.47625804205487193 0.5986384756022911 0.09790991327377299 0.09313787799792798
0 0.29541389463942946 0.5371317030620999 0.06586851155073462 0.04502570967712849