1 0.3124717375292234 0.925249170933748 0.2764944128671175 0.14950165813250393
1 0.3156166964615819 0.4844931812453302 0.1025348493799445 0.10086382096198285
1 0.14158996845690613 0.326834057737216 0.22031619046151918 0.21817168927901226
0 0.17696859355715247 0.47092496295653563 0.11344903859206382 0.121722352532014
1 0.41255886097908456 0.7067160627165392 0.09699524440092251 0.10987479991529536
0 0.22811669646158186 0.47939688659170654 0.08496884108157472 0.11539675782192056
0 0.26990145475995164 0.4975245312876824 0.07464664772027048 0.1023507262518896
0 0.3148415661632435 0.8053895101704078 0.07668274440092268 0.10869173151356115
0 0.3589835750863132 0.7302753890813681 0.042827962657336016 0.0724966262801244
0 0.3348231020560149 0.7798735706796341 0.07644594606059654 0.10556673151356151
0 0.27725813317490144 0.8353731417827912 0.1086431394219007 0.11988683674699843
0 0.3524016883637048 0.7550023732963526 0.06058414772027056 0.10153167889684304
0 0.3085961792401425 0.5460754233528224 0.03828217261537983 0.05356461575678075
0 0.11429434665743017 0.9376588946959759 0.208264631123531 0.1246822106080483
0 0.36936496803269886 0.7175401706513993 0.04427206348717307 0.07102513154179632
0 0.3741475564149812 0.695847181174743 0.028551975104890735 0.048331084186749605
0 0.3007146694918802 0.43261986810526787 0.03721658008391256 0.039502115756780753
0 0.3054497136830213 0.4219098812594476 0.03745337842423861 0.042627115756780756