1 0.4409713957031755 0.3849777207192703 0.11961996368712913 0.10746814934754481
1 0.4474579938792397 0.764119780712907 0.3020271097600475 0.28430446403563464
1 0.4804815448569613 0.43301577872372465 0.07841218238578947 0.06954997867599957
0 0.42055339147210463 0.6226317147119524 0.10714529830757162 0.09640338001272664
0 0.4905491662009923 0.6156464653882703 0.08063346754845693 0.07425566000954512
0 0.22767756342411422 0.6765454133513628 0.30046460976004763 0.2842862827020893
0 0.40220028635384536 0.40324591538031596 0.06415542195200952 0.05690452800763599
0 0.36742409817606425 0.38334194804263444 0.08085306260267933 0.07581816000954493
0 0.31116563913072337 0.3382288953691802 0.12606422412090898 0.12002269334818116
0 0.21189196910937777 0.2645363093570898 0.1975676213440309 0.1848124466899989
0 0.1250338361813635 0.17928860534690846 0.15238179444624392 0.1296885946849083
0 0.4602155483485461 0.6051538607176795 0.07372468238578947 0.0694954346753633
1 0.5439528895414408 0.6404470180617243 0.10648651314490429 0.09171588001272682
0 0.4574452330347424 0.45224703672022476 0.05387670711467703 0.061464758672817865