1 0.35050012550802645 0.3764002022335727 0.16911957146044046 0.20456576585833056
1 0.35788882236495156 0.25070012275048426 0.11008540818602892 0.1448660837906845
1 0.2833114620064722 0.7389204840459517 0.31022260628614956 0.28938721091257663
1 0.3746016095655099 0.16957187852585148 0.07193695499752568 0.09847809246968837
1 0.37009449400710615 0.09838681349713417 0.07111808344622812 0.08285309246968839
0 0.3079231218899818 0.27514208085514197 0.06807497060135788 0.08405033235481918
0 0.31005991123824667 0.4640726805679689 0.12488489258219673 0.16057225430759595
0 0.25719826209732927 0.5665990534141709 0.15136550542706695 0.16211446528398454
0 0.3450092848257091 0.10865466754946304 0.03074538896415202 0.053287341033823044
0 0.21040066372463748 0.9327414812061269 0.19963923111680745 0.1345170375877462
0 0.32937099672063963 0.1658381068602477 0.03247166327441153 0.05659497109125766
0 0.3327892458161285 0.1421672470325515 0.026883404567984215 0.03885958091895381