1 0.5872971530312799 0.6775707273669965 0.14025975430759594 0.1297457565857954
0 0.6663758885769088 0.7000889675027606 0.09892452310146922 0.09321229167148566
1 0.5352273409061994 0.6152620614288723 0.0762378323548191 0.0708842690095679
1 0.6370637859923513 0.6276834247384613 0.1454139739629884 0.12099091740484731
1 0.539366979578826 0.8488739583574286 0.06816153178047309 0.05463910819051634
0 0.6167005706445549 0.7507575201312958 0.04657062137843084 0.04168608552859858
0 0.60148141601788 0.7592858479812854 0.032690751435865195 0.04185322368573239
0 0.5924209463624877 0.7676530866503264 0.03214286126356143 0.037165723685732385
0 0.5781250865347914 0.7708677047050788 0.027455361263561427 0.03670060307144354
0 0.5537845879706568 0.807061960916965 0.036911531780473086 0.05153830409525817
0 0.5461851515635088 0.7684706305074391 0.03654627166560367 0.04841330409525817
0 0.5460735402999473 0.7344832310193464 0.0313108814932999 0.04326068348096932
0 0.5398945590938203 0.7014381707122022 0.0250608814932999 0.04264052266191776
0 0.5367492628589762 0.6679219408145836 0.02993101155073461 0.04466814327620661
0 0.5211141039247051 0.5605806104050577 0.02084010114869237 0.03295544225239198