1 0.5083197827377862 0.5680400848283484 0.15302165624622255 0.14172402991878955
0 0.5857831632518256 0.539796366445181 0.10845524742375971 0.10162066162790725
1 0.44425256472223607 0.5426581554632692 0.0825543669097204 0.07668121838316751
1 0.539640100382712 0.49153814158360865 0.15688802940820956 0.1342119185677376
1 0.511022650574068 0.7564319563584332 0.07309961323369443 0.060555570634920744
0 0.5550798702392972 0.6178107449150962 0.04974658492527073 0.04509125693983016
0 0.5431171411956683 0.6356490869878167 0.03880908492527073 0.04439035009228505
0 0.5370337255710462 0.6492307256367648 0.036753908822462836 0.039602720542635694
0 0.5257278979978277 0.6608190677094854 0.03190218345486038 0.03773983189368781
0 0.5129065242859479 0.7089759654577319 0.04448193713088653 0.054065738741233105
0 0.4951793943218016 0.6782964643779978 0.04259098639568126 0.05084060919158375
0 0.4860460143576553 0.6470662507751923 0.03568408492527073 0.04419009099298634
0 0.4718145709745024 0.6200426758213349 0.030996584925270732 0.04388970234403846
0 0.4601732156427535 0.5905251565430035 0.034285810292873364 0.04565246144333699
0 0.41673751233130807 0.5017420612310804 0.02532373271965511 0.03421431369509058