1 0.36430212470238377 0.6580904893923067 0.109250631037097 0.11304386356061791
1 0.7492514377136498 0.7672650713386504 0.2871436134861199 0.2823599496669207
1 0.4126343246232415 0.6322165070711223 0.07075042069139795 0.07516808818628214
0 0.6046974556603384 0.7529912495833982 0.09643238229073817 0.10093943843583926
0 0.6002168926490724 0.6793349511225022 0.07548338479802066 0.0771681851080741
0 0.6500878266683057 0.9118175399331822 0.2798934031404208 0.17636492013363564
0 0.38117738763450754 0.70251789579828 0.05793217194503928 0.06306366306150366
0 0.35943041976696116 0.7316528440096188 0.07548338479802066 0.0771681851080741
0 0.3131608250189529 0.7748601919714005 0.12193248746358769 0.12046078868539638
0 0.23519260088320038 0.8532856114806384 0.18620558762187223 0.18723291430928946
0 0.1636191292547303 0.9104924263725642 0.09256323620994644 0.1286268415140473
0 0.5877539965682808 0.706220093177425 0.06905152837152997 0.07033472254568487
1 0.6268870412371467 0.631960532653254 0.09330738229073816 0.10064770715464455
0 0.43217994648913843 0.6613106447582903 0.06381845909205772 0.05114712562389272