1 0.3746921775111802 0.5746171631569619 0.25453395273377605 0.17797150565734085
1 0.38834549606472757 0.40102967223214814 0.1405371547112475 0.13357609016268784
0 0.3289380090541779 0.3114949944408551 0.05851162252816078 0.05500566256778665
1 0.4015235672161651 0.20946888612779463 0.08035377153942495 0.07699883723582165
0 0.35028313133023703 0.2926131842342007 0.06708894703379294 0.0659886143631847
0 0.3535995194457381 0.23944727761834236 0.029436127723940865 0.018913626463433177
0 0.3264189324548588 0.4654785124930319 0.11502370248167448 0.1037522347764936
0 0.2833833885428295 0.8447892834720747 0.25473033070981843 0.27012264422102217
0 0.33979374556052455 0.2543773860295987 0.038231973516896466 0.03302157825883114
0 0.3614284449401059 0.22845978064340447 0.018170845792955602 0.01416249394987581
0 0.36774950075630464 0.2182626240275462 0.024420845792955604 0.014198855386194253
0 0.363258742710533 0.19874955474570544 0.02307686708027905 0.017314765027114643