1 0.2581819667980722 0.601962825126835 0.20131450725639413 0.19355272129693474
1 0.15444189710529158 0.5182951447413024 0.1414285865678216 0.12776111579304192
1 0.5376784607228043 0.8573525325414405 0.28742067676384037 0.2852949349171191
1 0.09239825409153322 0.453372352155908 0.09636905771188109 0.08540530622252866
1 0.03608504442262815 0.4136229813408889 0.0721700888452563 0.08228201028914942
0 0.1554661945655536 0.5787982382820535 0.08208830290255764 0.07759451028914928
0 0.3162003087233714 0.6923200241714786 0.15759922359113024 0.14512033349679676
0 0.3813491043695349 0.8030755820679996 0.16003474282842384 0.1702937552671724
0 0.02925341334736037 0.4424425204557011 0.051091274046617105 0.03679949665201541
0 0.7251462004711854 0.9932772520417851 0.24200893992586608 0.013445495916429805
0 0.07144834783093099 0.4918295800262145 0.05432540145127882 0.040271340192766306
0 0.053243984854239534 0.4741235187817088 0.038482146641955414 0.032287122489011465