1 0.2757815308123054 0.5025637441940123 0.12363137978345566 0.11756323620994635
1 0.4359521526782023 0.5252701553184987 0.1313816953020041 0.16930759263643722
1 0.18687815518548478 0.510623948271505 0.09353470282385157 0.10263691818411544
0 0.3604724310497322 0.5915831285963215 0.04235263605166182 0.06055706677218975
1 0.6504525733696003 0.5878370368178142 0.13984271615168672 0.2991314849563052
0 0.342671165610326 0.570989483769171 0.037756064264907255 0.06354567445232177
0 0.20058295401098586 0.5516664854185237 0.05145485141192578 0.05145485141192587
0 0.8272998813663014 0.6999780209826966 0.1786491518867795 0.23781355172849494
0 0.9417348309247011 0.6923891783462593 0.11653033815059785 0.21640991316955044
1 0.7177226413954312 0.6155923122863503 0.06830268527287445 0.2548981001582845
0 0.5583309210206023 0.6734001152684863 0.11396687476889085 0.1609949874635877
0 0.4938305003292044 0.6064686795333936 0.1083246285298145 0.12804609514371953
0 0.31912836553118373 0.5411799633151999 0.02948892319868044 0.04769335391920819