0 0.7607953768139548 0.3773757620209487 0.28559783386094856 0.23087719665256046
0 0.49671380793019415 0.5375589071377874 0.0840233105039836 0.10337459064767103
0 0.6141166051063425 0.42562081137104346 0.1263759465556454 0.16678063597150672
1 0.8441819090129155 0.1369849049521603 0.3116361819741691 0.2739698099043206
0 0.5445542628656167 0.45837887058537435 0.09172816191590946 0.1539947514667229
0 0.4129669452354972 0.5944460982973657 0.02600021034569906 0.03685564327620661
0 0.3997993555020539 0.5996701900378506 0.02117631802583091 0.031703022661917754
0 0.38281644398185594 0.6084068822902425 0.01961381802583091 0.031547982457155045
1 0.3312372236070271 0.6668032492521814 0.028716033386094873 0.023103223685732387
1 0.34885898112887453 0.599240246692645 0.04341503087881238 0.04637358552859858
1 0.34241876451496933 0.6202504276140781 0.039653533386094786 0.0241885051190728
0 0.3400211902209323 0.645560508023604 0.017914925705962936 0.026705442252391975
0 0.3411517812080168 0.630561717818841 0.011346676959604096 0.015147781433340413