1 0.18558955890410528 0.5203125 0.08469186275864837 0.0875
1 0.5390182598831667 0.51171875 0.08400524511086367 0.0828125
1 0.7256730883499877 0.740625 0.27481500004936166 0.31875
0 0.5159812255913394 0.653125 0.09806774511086366 0.0828125
0 0.2575437745937673 0.5421875 0.07272004902710894 0.0484375
0 0.46628053931053837 0.6125 0.08438377451972467 0.0640625
0 0.3077330392981979 0.5328125 0.059075686280800975 0.040625
0 0.35559835792504396 0.52890625 0.06444980392858576 0.0453125
0 0.5881532844275721 0.73515625 0.12444975492615776 0.15625
0 0.4283382108745684 0.5828125 0.05328343137932414 0.04375
0 0.4628034559669213 0.54609375 0.06109593137932414 0.04375
0 0.4034438726294745 0.51953125 0.0509947058867084 0.028125
0 0.439570637333905 0.51015625 0.04382921568966207 0.021875
0 0.4710099020383355 0.50078125 0.035558970591138814 0.01875
0 0.49431316184128926 0.49453125 0.02572622549261574 0.015625
1 0.5025988236023655 0.47109375 0.045431323534493015 0.0328125
0 0.5993637745875972 0.50234375 0.0426848529433542 0.0140625
0 0.5966216912563205 0.515625 0.03064259804187728 0.0171875
0 0.6174271569398124 0.49765625 0.026830980394092662 0.0125
0 0.9293572304496246 0.86875 0.14128553910075076 0.253125