1 0.33903029121570666 0.07408503547434393 0.12755065727678297 0.1154223457733484
1 0.5135985671386397 0.4327918021317817 0.12273561151914833 0.11355945712440044
1 0.35262834260253084 0.692844329891103 0.44626793274067406 0.3829845897563688
0 0.34945631880562966 0.45194921961978507 0.1285710233378592 0.12792234577334835
0 0.348660124855068 0.15357227637504528 0.08032497091226495 0.08908108883351806
0 0.37019951137906554 0.3885783320505713 0.10191292848861018 0.10600777297895929
0 0.3824928619781904 0.20245106493170817 0.06836710485118865 0.07588018198597286
0 0.4091668033436783 0.250217936461793 0.07681733363936125 0.08419332973421945
0 0.2931741100213363 0.5513670311554073 0.21351985030926074 0.17844158235511304
0 0.38518691152884676 0.34128302745477945 0.06785692182065048 0.06963018198597286
0 0.44138898516626834 0.3659535579918779 0.0716196506088231 0.0776429410852714
0 0.4427444489515316 0.2959717250184559 0.051721738790112326 0.062378886489479604
0 0.46917927425594314 0.3311885317737161 0.04158146424430509 0.05240310919158375
0 0.4927601665298166 0.36030553285345024 0.034566189698497854 0.04262759099298643
0 0.5110796028943346 0.3826916725821324 0.027550915152690793 0.032852072794389106
1 0.5402409444096037 0.38396427591362 0.05446410151720862 0.05789164558877822
0 0.5514491245652039 0.49240783158914603 0.031823826971401556 0.047114831893687634
0 0.5373866245652039 0.49330899753598983 0.03431109818322877 0.03950259099298634
0 0.565415900778001 0.5095755451919514 0.02598841515269079 0.032751943244739935
0 0.3499171571560967 0.9097710140365443 0.30092425546001184 0.16383646668512455