1 0.3562526021084909 0.5254321721911726 0.2609206314006219 0.20644386722608382
1 0.399640039109603 0.3542191004056297 0.14559946828879458 0.14948162697434605
0 0.3556709602551124 0.2594636300746238 0.059526189420186525 0.06051237012586892
1 0.4451059156014889 0.16480048027976085 0.08441977360693613 0.0872883576783142
0 0.3798064102692299 0.2427254933520154 0.06962923151356133 0.07372276514684702
0 0.3924737392648948 0.19076025165038518 0.029308068401734035 0.022443685062934416
0 0.32690746537561 0.4123052101585364 0.11887036831702939 0.1178997402517378
0 0.21994118871431487 0.7852951921119043 0.264727441839261 0.29851296805592076
0 0.3760142813582696 0.20456264252217843 0.03950211575678066 0.03721658008391256
0 0.40125720506402784 0.17989360662940704 0.019569047355046675 0.015483290041956277
0 0.40935042612483263 0.17064866119351038 0.02591005261671846 0.017519386722608398
0 0.40816735772309853 0.1503361611935104 0.022876057878390244 0.018845088382282337