1 0.3075578764221912 0.3497277725889532 0.16730726443170116 0.18673420970237728
1 0.35105216023247643 0.22611480046874027 0.10745161745121515 0.13239765394280303
1 0.14429906983709076 0.7004616119781903 0.2885981396741815 0.25395314485894716
1 0.3924582115757662 0.1473519427426137 0.0709432994977103 0.09078423879011233
1 0.40895443389207464 0.07761339865196913 0.07196497231630854 0.07541433030538143
0 0.29378058674223334 0.2467144718303488 0.06748780503444873 0.07659419303247787
0 0.24109174420634058 0.4327636710717444 0.1234071119144768 0.1476080657615139
0 0.1576785348090881 0.5302128848570076 0.15090111376005622 0.1452163893989354
0 0.3802435212241635 0.08553759789336476 0.02995781426234583 0.050350686364518026
0 0.04514824605192001 0.9144291618187108 0.09029649210384003 0.17114167636257846
0 0.3475663770120466 0.14052811577121221 0.031940979698626214 0.053603232122152546
0 0.3576474514250793 0.11844582168056761 0.026502319799084174 0.03616064060688351