1 0.9113095309381244 0.832626604793625 0.17738093812375128 0.21986609981466562
1 0.7400732361455548 0.4557763841977197 0.19533020678620333 0.16726688947037935
1 0.6581528355326386 0.15149562276497433 0.07857335080120365 0.0790724303072194
0 0.8369181333181007 0.5300348289329093 0.12390497464666632 0.11648315027015244
0 0.774078506315092 0.3370189497141491 0.07199116013203692 0.09286211179556511
0 0.9306736228090964 0.9597074599657681 0.13865275438180724 0.06942959019601887
1 0.6139544847314351 0.07362359390903378 0.07068293836009243 0.06010417549789595
0 0.6903009541943053 0.18065733310926055 0.0394917269557407 0.0418799651536097
0 0.7073319207824534 0.2061756882814037 0.04173773213953709 0.04974702885594055
0 0.7207983899624996 0.2354638841977197 0.04201113421305536 0.052872028855940556
0 0.7439522174366199 0.27755218047685537 0.048944639396851744 0.060902783665263985
0 0.8997584688507395 0.6607416811098276 0.1917554389257404 0.21543157095872517