1 0.37095449461872576 0.34360040097623 0.19419769166936582 0.19510576866768634
1 0.35763520017248185 0.21539358035937894 0.12847976971735645 0.13784664772652383
1 0.36394024774056755 0.722775432225818 0.3442399443804902 0.27565811363426673
1 0.36140206724446755 0.13074584496987554 0.08483110819912669 0.09344208279171565
1 0.3459417422773444 0.05974755235620174 0.0828547527111243 0.07937958279171564
0 0.3132475413653766 0.2506276968363147 0.07816725271112439 0.07929776217486459
0 0.34617834045340873 0.44036235268051327 0.14630072025958124 0.15374438311602714
0 0.31131773188453893 0.5545299926963994 0.17130072025958115 0.15418075973923262
0 0.323027895292458 0.07502767897940718 0.03671454173511961 0.05051819724005646
0 0.32717933006060324 0.9348720576312075 0.22047300928357655 0.12698306006354443
0 0.31674835240713506 0.1362242775994354 0.040278731843564584 0.05369774431795715
0 0.31635983153957525 0.11116973052153471 0.03161318624711722 0.0364011501621558