1 0.3834060401758167 0.5606301014133341 0.19268731651167795 0.18861131508027745
1 0.417247994365035 0.45786668638032496 0.17515467703754767 0.17005680471268486
1 0.33109125930836864 0.8019481685198621 0.1621327076598007 0.17820149538185168
0 0.42139052008790834 0.2602199983030564 0.15918283349679677 0.1655647943450923
0 0.4028258703246287 0.3577785034868527 0.1376580851707892 0.13892438190398124
0 0.31288092487316504 0.2480507719129636 0.20987140837843662 0.21796662441111075
0 0.18672982643303457 0.3859006693683337 0.37345965286606914 0.4750736612633325
0 0.32152153670523437 0.6302583876999082 0.059368183733517196 0.060897835249814666
0 0.09585832631043698 0.6302357212062966 0.19171665262087395 0.477028557587407
0 0.27103109255997027 0.8830218027329174 0.06075555789652096 0.07339783524981484
0 0.28292496839696646 0.8943598439204639 0.055894636126145515 0.07142523213953708
0 0.29854996839696646 0.8929928335528711 0.046521340192766214 0.0566792269557407