1 0.38212580044290834 0.0416131862499499 0.12398507310482607 0.0832263724998998
1 0.5254243604050577 0.39067362737669575 0.11929757310482607 0.11602107844831044
1 0.3418102303004423 0.649009803879224 0.4358384832049735 0.38873661770948686
0 0.35972788927886173 0.4062259313237922 0.12381793494769226 0.13054132354683357
0 0.38534535088581656 0.10524664209963694 0.07681209064767121 0.09132039216750942
0 0.38594513160025273 0.3429402940639298 0.0985199524905374 0.10835823530790992
0 0.4141317379501369 0.1557198038607133 0.0646342690095679 0.07721828432267838
0 0.4371392946049314 0.20386901954420517 0.07322197003338253 0.08617514706898624
0 0.2949726407455846 0.5044829411390863 0.210351399862002 0.1801715686576973
0 0.4049639857645098 0.29497595582500613 0.06573164839527923 0.07275965687193989
0 0.4590786001669123 0.3211313479740049 0.06791430921433098 0.0792385294212016
0 0.46639685125972596 0.2511027450306507 0.04792398757622749 0.0639920588300626
0 0.49050783627641714 0.28640865189025017 0.03933628655241304 0.055035196083754734
0 0.5110287006788197 0.3174848038483728 0.033718545323835517 0.04497357843596994
0 0.5275718439550261 0.3404249509050187 0.02638326389049528 0.0331205882389237
1 0.5562394846716964 0.34177399501831024 0.05214636696193882 0.05999117647784731
0 0.5584210289027184 0.45162654403924896 0.029496165938124364 0.04897446078818533
0 0.5442034886979555 0.45212389698260314 0.03184596491430973 0.0416197058867084
0 0.5712190113598733 0.4687744361944179 0.02341330409525817 0.03422534314040053
0 0.31530487029820825 0.8851255391809637 0.2897167215001053 0.20411519612077597