1 0.30577121865009244 0.5817135460474987 0.19853532500983526 0.17311799091614438
1 0.1772309554085407 0.5758935939311651 0.14158620248167453 0.11409393515657004
1 0.6780671997085574 0.6453149498211237 0.2771187829393913 0.31935500425206376
1 0.09516685441980498 0.5608422919646128 0.09532320767745459 0.07458515394280311
1 0.03126179961201244 0.5652744425734358 0.06252359922402488 0.07499974212409236
0 0.20393021320221086 0.6273127016572916 0.0809329257464694 0.06874974212409217
0 0.3976966386965787 0.622370754831792 0.1567413089182919 0.130866846975281
0 0.502810473593771 0.6743800517973745 0.15692697921687965 0.15573930121764637
0 0.033262434121217224 0.5907528036335423 0.05509169158591123 0.03246155575957417
0 0.8817006620775892 0.7436574996616442 0.13782705397461328 0.23807356909549374
0 0.09205292607544553 0.6053735419646127 0.05676345222957298 0.03415160151720862
0 0.06816195800643074 0.6026630012079479 0.037685670298587756 0.02793355242559432