1 0.13275573211338837 0.5804484393426905 0.26551146422677674 0.3266031213146189
1 0.19438801497544822 0.3512783815571118 0.17473291430928928 0.19969563580089603
0 0.0029817649754481992 0.847869313592852 0.0059635299508963985 0.20113637281429603
1 0.2972360295342946 0.13525767348436 0.08273087895165805 0.09157874275686147
0 0.17998428494203927 0.23241677750478296 0.07316799126449017 0.07191559246968834
0 0.20864082570741518 0.21515825149967718 0.05139683485851698 0.053916401723038396
0 0.0715332679910145 0.3819196315252059 0.143066535982029 0.18683037568602678
0 0.2315578962148817 0.1931614957243099 0.03260481281194645 0.03471997109125766
0 0.2455894854411536 0.17529420526483303 0.02064625332776515 0.022504060689215333
0 0.2553501605659322 0.16178973994894263 0.01864615640597318 0.01763393063178076
0 0.2637461231283214 0.15462658966176956 0.01522942512477865 0.014143670516911521
0 0.27385045133130803 0.1457183093171619 0.016937790765375917 0.015888800574346097