1 0.6030185200952802 0.7373397032943236 0.2077680899662962 0.2899240471573684
1 0.42722817973620053 0.7110727596942938 0.149291993753484 0.16773653015113615
0 0.34557872481754454 0.7651690193476133 0.06129202400410509 0.06950170711467703
1 0.23425942973620056 0.6839527704978168 0.08642837939029935 0.09645272798223684
0 0.32437134532904927 0.7426732361156099 0.07384656615858276 0.08063346754845675
0 0.2712463453290493 0.7352070042720452 0.0220477168225127 0.03276183075911483
0 0.5002162278426067 0.7783151797156395 0.11632495764913049 0.1365625340124641
0 0.8681243278660478 0.8467654575663689 0.26375134426790436 0.30630075427204523
0 0.28772531820168623 0.7500127523413813 0.03772725897699045 0.044332781301339705
0 0.258705438713191 0.7264189938382654 0.01573408430895542 0.020945950542224877
0 0.24773612245641238 0.7194130784587079 0.017332945745273953 0.027415545596447367
0 0.22824123389273082 0.7229181402809268 0.018886355386194254 0.026072640650669852