1 0.26242121713895 0.7953190321038198 0.15887800457555093 0.1486946859797918
1 0.8632580235031622 0.6409699450009383 0.19646689475829016 0.41773562670923636
1 0.4504774034948098 0.6008274157469101 0.09864761023285276 0.08804682028847247
1 0.675154761439887 0.5927467312857297 0.26602542096481974 0.2275847118153475
0 0.26492820923563387 0.9563798994106598 0.15718943843583927 0.08724020117868037
0 0.5650071996679303 0.6739584040634032 0.09396011023285275 0.08793771751493065
0 0.29016923024221464 0.8922674204965627 0.14077328868539637 0.12176851006798621
0 0.5384657106912156 0.6647282212177436 0.0919600133110606 0.08321384992375017
0 0.5088721545347996 0.6546440531897227 0.0676052974209064 0.05614220364722229
0 0.3096287589443156 0.8347822288171878 0.06633452870210092 0.059230836056041625
0 0.7428182458410509 0.748562279822709 0.22685907737079275 0.24226415444465293
0 0.48636177017539683 0.6525542231176046 0.042563275374335775 0.03840918977951393
0 0.4722473483783835 0.6443962310013893 0.03729231281194636 0.03205008700597212
0 0.46416412812047414 0.6387274592498964 0.0273338502495573 0.025581881458888844
0 0.45337249376107136 0.6369103861116324 0.020354522046570622 0.017623911094166545
0 0.33801579097418166 0.7571481912981254 0.04241740973373842 0.03684668977951393
0 0.1747741399759531 0.8535659835668404 0.06375096921791963 0.04825696846486096