1 0.3213715260916909 0.453856924296285 0.16257907887697093 0.14400718597979179
1 0.47659203921556015 0.5252442278672573 0.18922265779852693 0.196042464665139
1 0.23176116645117223 0.43463283919017376 0.1288350174836307 0.12296733415618064
0 0.3903657628786515 0.5653042237831947 0.06293708768566394 0.0684603656913195
1 0.6789604821373963 0.650702088808924 0.24226257878780083 0.32347778685347245
0 0.37635864885607884 0.5400496506449308 0.06019578943848547 0.07151263050895836
0 0.23859956555246892 0.47763795678135423 0.06841968418002073 0.06235583605604163
0 0.8359333460930912 0.8124961868328132 0.25956085074265556 0.2740233007211807
0 0.9275894099115302 0.8442572927404868 0.14482118017693962 0.24491637575930564
1 0.7408700829915146 0.6981050720914241 0.1570390963606016 0.2638469072944446
0 0.5732711882499792 0.7035523722439241 0.1691297016636515 0.18466855357097245
0 0.5202302672384128 0.6205210134864587 0.15103833325902477 0.15152874525034737
0 0.3579795041368361 0.5045660923243058 0.0455854297979668 0.05403418977951393