1 0.7499973955957644 0.759994002712201 0.13358518052176754 0.1483360548819423
1 0.9595809529737483 0.8829952454371565 0.07287493949875809 0.18027598264199227
1 0.641664804352922 0.16490470360562615 0.43542039129415605 0.23045865596682252
1 0.5728541543763631 0.5704241761646551 0.08017837939029952 0.09368913292916528
1 0.5717330576725717 0.3599939810785031 0.20288060206654457 0.25012177740906516
0 0.9273911425707023 0.7721287642310297 0.12736245159900647 0.15229303465220365
0 0.644593319871016 0.46779634377793 0.0801511083130606 0.08900163292916527
0 0.8407996575978169 0.7401177960434085 0.10851245764913067 0.13291397396298824
0 0.6358495789462022 0.49257312846203954 0.0754545179539809 0.08689124275686133
0 0.624752997662309 0.5186384680599974 0.05189884328594587 0.06383929189534214
0 0.787765561188613 0.7182833740906317 0.05346134328594587 0.06402192195277685
0 0.7205750786516146 0.30781258653479143 0.2213942527304745 0.21168833809828058
0 0.6222819826351943 0.5402395229738455 0.03302157825883114 0.03977273120612672
0 0.6143922145830175 0.5526076226866723 0.02831589754067192 0.03609984103382295
0 0.6080922176080797 0.5604708524569338 0.02200226502711473 0.02443182080408466
0 0.6064751754536019 0.5696632223994993 0.01729658430895533 0.020758930631780713
0 0.7160314617543472 0.6856636414486396 0.03303066861791084 0.0413352312061269
0 0.801096287282704 0.8457082946075433 0.04250566256778674 0.05961851155073461