0 0.7352028869830395 0.42061876954998934 0.310554089099373 0.25227687479169913
0 0.5635184319917681 0.6348544113971161 0.09735297424624481 0.10987684151404728
0 0.6215067909258426 0.49993918240369695 0.14763975879399177 0.17504444509136974
1 0.7273433631861383 0.18186901185446921 0.4234367263722767 0.26746670091470626
0 0.5726545738065996 0.547323500623388 0.11211684697528099 0.1577729009982285
0 0.5120832198734948 0.7075823826950153 0.03105855242559432 0.03856308153075183
0 0.5019109944193019 0.7159363232108339 0.02442591515269079 0.033292118968362414
0 0.49049513335919565 0.7280506480860554 0.022863415152690792 0.03314625332776515
1 0.46967219245274966 0.7958834321959009 0.030038186364518004 0.02606308153075183
1 0.4547489519956473 0.727039488352317 0.04901132697140156 0.04954260357732228
1 0.45881456972371354 0.7483520368132129 0.042538186364518005 0.027230006655530305
0 0.4678227789670489 0.7732271821959009 0.022480777879787084 0.02845875332776515
0 0.4619873671483381 0.7587270852741089 0.013647911818710768 0.01522942512477865