1 0.79717603025446 0.40815460362944284 0.3570847315860842 0.3035705166826846
1 0.725242436468514 0.6369344230450448 0.16942323828205338 0.18812329952888868
0 0.9047835832516016 0.15646425598578528 0.14355783349679677 0.16419778397749973
1 0.6579946386159472 0.8519251445341652 0.07915701028914945 0.08583904665416639
0 0.7609334363459164 0.7560159051845817 0.07099937081501917 0.0681047425071295
0 0.7353281642162229 0.7734966396331929 0.05051515311126433 0.050839330066018464
0 0.8601334416130886 0.6085052096144427 0.16647336411904953 0.17548659849212936
0 0.7156260485457785 0.7946491782288411 0.03142001363713405 0.03214811866166674
0 0.7050379481864605 0.8118660725266651 0.021004483014881357 0.021952912441111038
0 0.6971404413678934 0.8261630183796281 0.018921717703754837 0.017128711404351904
0 0.6901100434012039 0.8326474642325911 0.013887374163003941 0.013593608294074144
0 0.6804757627789509 0.8412706085304151 0.01718579593337921 0.01542951036759277