1 0.1925847060093515 0.7620801873010924 0.385169412018703 0.35916010805217946
1 0.16539063089981637 0.526515404638774 0.20781619046151917 0.20848630402608972
0 0.1778590165735176 0.9697290552991834 0.17914397095570583 0.05672380935709
1 0.15083491389280276 0.3065665313096829 0.09628484937994446 0.09634883601209036
0 0.0887824319394348 0.4353006059834553 0.08392655933798818 0.07747156667727229
0 0.1071422682471247 0.4093284519812281 0.060512370125868874 0.05690452800763599
0 0.07472316109326407 0.6090471886537279 0.14944632218652815 0.19747607869190809
0 0.11780800372497761 0.3818847046467282 0.038660680913749565 0.036355670671545236
0 0.1216317433520154 0.36232618264641003 0.025213487552445367 0.023710220003181702
0 0.12365618463872716 0.34591084197963734 0.021733290041956278 0.018986357336090796
0 0.1282136300746238 0.3372716386457737 0.016808991701630215 0.015806813335454438
0 0.1337891238508465 0.3254983446451373 0.018489890871793247 0.017387494668999894