1 0.6416788642249085 0.3901865298866673 0.2794635857653933 0.23694735742308018
1 0.5603815825520995 0.5610116268980005 0.16068189273291544 0.16647506818567043
0 0.581842381184672 0.6584978632608666 0.06603933030538141 0.06926344904464372
1 0.4722125475453106 0.7496312001056481 0.0913900166698994 0.09530227560027563
0 0.5541957422447785 0.6747272833572497 0.0763071506088231 0.0812414796668964
0 0.5307105737581079 0.7253325554869431 0.031473140606883374 0.02517001363713405
0 0.6446129324023182 0.5059866557236635 0.1314409318225902 0.13071439808928725
0 0.833530750748906 0.14965282869882796 0.29454619395056164 0.2993056573976559
0 0.5495083711827323 0.7131819551276252 0.04212359818322895 0.04183554425938692
0 0.5197890492123006 0.7358347969943837 0.020025457576345395 0.017706061244505734
0 0.5089312975453106 0.7455557885018242 0.026403003333980025 0.019962248326007525
0 0.5057107026960617 0.7660417102721998 0.023278003333980023 0.01961540478525663