1 0.20018781544535375 0.11657088251729683 0.20580876947991697 0.21519431145247592
1 0.24190173769891068 0.4886358921706163 0.17884278308423573 0.16368248069336105
1 0.2028043051706117 0.7873901174417288 0.07128841617451523 0.07775339722312183
0 0.17889490754945214 0.4143622646648507 0.11034619815896507 0.11249158347023905
0 0.16441027538573388 0.6034374319750719 0.06339144448293883 0.09049832689778707
0 0.224962482169762 0.013433257722655561 0.196950035660476 0.026866515445311122
1 0.2131788114228781 0.8644424767910589 0.06479443713088644 0.059907112060454536
0 0.1828155378902667 0.757871543255066 0.036589683454860245 0.040548996138672244
0 0.17701361913951122 0.7325168160532897 0.035848310292873366 0.048141901084449754
0 0.17544640112396098 0.7034881012159572 0.037739261028078584 0.05148649613867225
0 0.1689429860492317 0.6628377665955145 0.04308366249848907 0.05839528130133971
0 0.1709790637956748 0.2846240954239655 0.17159799484751956 0.21192572025958115