1 0.6595256354407364 0.7100967799172766 0.19712564431968732 0.206814716024817
1 0.5871585985660726 0.8157115279280942 0.12869271857321785 0.1435692813494537
1 0.8702082292168797 0.4251474258832326 0.2595835415662407 0.29856695870463457
1 0.529810274312542 0.8789296906031392 0.08646165990702759 0.09780224801081765
1 0.4966807000590114 0.9418660426082301 0.0823533141140718 0.08370338534372693
0 0.6497132288879035 0.8157655245862763 0.07777507475773363 0.08521134134309057
0 0.7461079916252522 0.6512297625716407 0.1486445856534969 0.16097495735199913
0 0.8501127945914593 0.5843411598902323 0.17230060694082033 0.16437267735518085
0 0.526532091024504 0.9438643472708665 0.039761622528160775 0.05510567067154497
0 0.5712383036456371 0.9011223165977306 0.0413241225281606 0.055123852005090866
0 0.556143181369578 0.9200632205999575 0.03230975544788173 0.03784544533736352