1 0.0822421365599724 0.5378031468158013 0.08792164065150562 0.10844997091226496
1 0.47570939436452075 0.47512909301308115 0.08775794954451292 0.10376247091226495
1 0.6694594274816306 0.7061086707333887 0.283134970047751 0.38925291607077456
0 0.4414584238534334 0.6385377598327618 0.1033829495445131 0.10503792848861018
0 0.16107646469027354 0.5517383589340745 0.07540179328391083 0.062244650608823095
0 0.3883954220393349 0.5997780198347014 0.08699405771188111 0.08188747091226496
0 0.21764392322046122 0.533801688780414 0.06419147477225648 0.053539330305381404
0 0.2704961047088069 0.5216526330208399 0.07065972958157989 0.06029951333591956
0 0.5164435548862922 0.7217331549815732 0.12971232576804842 0.18976361485312837
0 0.3482416479927178 0.5717166637755648 0.05799603847458741 0.054591647274843426
0 0.3897098961786193 0.5252404054406151 0.06586310217691818 0.056791876063016035
0 0.3246925313878293 0.5031260315036311 0.05427083774894799 0.03714905575957417
0 0.36568955362034783 0.4880273189263159 0.04780258293962456 0.03038887272903601
0 0.40121782585286636 0.47337501650072156 0.038318455534962895 0.02649859818322895
0 0.4274802254900467 0.4626129886209345 0.028779764427970277 0.02104582363742171
1 0.43827139255042213 0.4350938954386755 0.049801592558271324 0.043016418486670635
0 0.5439956028947085 0.4562358296771616 0.04591270072563951 0.02088632697140156
0 0.5397718943645208 0.4698997169500652 0.035138891832631816 0.024681006667959693
0 0.5640625662342196 0.44754648482791265 0.030233137023308564 0.018048369395056163
0 0.9090526293035783 0.787790007996594 0.18189474139284342 0.2544635857653933