1 0.5600052101113177 0.8693366919148874 0.25908688231915705 0.1872478997675689
1 0.6540971180258379 0.49966904809940316 0.2220399049810748 0.20482888367602564
1 0.7949694754974501 0.20586478175575826 0.09290221126195988 0.09183757475773371
0 0.6816030737948159 0.6055859123296907 0.14411833699532134 0.13886539406758586
0 0.7627078983663648 0.4137154865832212 0.08929999269530028 0.1024472928267485
1 0.8120129166570285 0.1201075982156187 0.0802592690095679 0.07388525025210155
0 0.8011722002759958 0.24499833757195696 0.04668366593812436 0.04826253737886681
0 0.7983814765902635 0.27312333757195695 0.05058386696193882 0.056293558666190256
0 0.7890306724950055 0.3048103801466039 0.05230140716670171 0.05796531930985207
0 0.7791432766592625 0.34972404239942 0.06104414839527923 0.06788662252816069
0 0.6438958259804429 0.7432169523064476 0.23075845030491032 0.24578166560701079